14	27	63	66	71	82	82	84	89	
8	15	18	18	38	41	53	69	72	88	
1	5	9	18	19	20	23	33	96	97	
10	12	30	30	38	44	56	74	76	81	81	86	90	95	98	
13	46	64	85	88	
11	15	26	28	37	39	78	82	86	99	
16	21	24	32	49	69	96	
18	23	33	42	58	60	61	66	68	68	79	95	98	99	
12	17	17	41	44	45	49	63	67	72	78	81	89	94	
15	18	43	46	50	65	66	83	99	
22	38	60	67	67	79	88	95	
0	0	26	43	77	78	88	92	
34	38	45	45	51	74	75	76	79	83	88	92	98	
4	4	7	11	28	44	51	61	74	77	83	86	92	97	
1	8	24	25	41	59	60	60	73	75	80	86	87	
19	29	41	44	52	64	68	90	99	
6	7	15	19	21	29	53	56	85	92	96	97	
3	7	28	33	39	47	47	52	56	70	72	74	76	82	94	97	98	
11	13	13	17	25	32	50	60	63	74	82	99	
1	5	7	7	8	16	34	36	38	43	56	70	71	80	85	93	98	
13	17	30	37	55	80	83	83	
11	20	23	41	44	66	70	70	73	83	84	95	
2	3	4	19	27	37	40	46	78	83	90	95	96	97	
29	30	50	56	71	72	77	77	86	93	94	98	
1	28	61	74	88	97	99	
44	59	60	65	76	
22	28	35	47	49	53	62	65	65	68	79	79	81	84	85	
5	13	62	72	90	93	94	
7	9	10	32	35	37	44	46	53	55	56	73	92	
1	6	9	18	19	21	34	50	74	75	80	90	
16	28	48	59	62	70	81	84	84	
36	47	52	52	78	87	90	91	93	96	
16	43	49	54	57	67	72	72	77	87	99	
2	12	20	28	37	39	46	59	63	82	85	91	
1	3	28	48	51	64	84	91	
3	24	30	32	36	42	49	57	69	76	79	84	
6	21	30	67	89	
12	14	23	32	32	42	44	49	66	68	80	91	
17	18	26	36	57	58	67	98	
3	25	49	51	64	81	84	89	95	98	
0	10	27	34	55	59	65	68	70	90	93	
10	17	39	39	59	61	69	73	80	86	94	
25	50	54	57	73	77	92	93	95	96	99	
25	50	51	64	93	
27	35	46	48	48	63	
8	20	20	21	24	33	35	48	52	53	62	70	73	89	
10	45	57	90	94	98	
1	2	8	16	22	25	42	53	55	71	81	83	96	
9	10	15	21	33	47	56	59	62	87	88	99	
4	12	13	14	14	23	31	42	53	85	87	
31	31	58	70	76	95	95	97	
17	20	32	36	38	41	55	57	59	82	85	95	
4	9	12	13	18	22	25	56	57	85	87	88	89	
0	16	20	35	39	40	43	87	
1	6	19	31	33	39	47	48	57	75	94	97	
3	11	37	54	63	75	
3	5	13	21	22	23	27	61	63	74	81	97	
1	7	19	34	53	54	78	86	93	
0	7	20	22	24	41	42	48	52	52	55	80	
2	2	5	5	17	18	28	34	45	45	55	61	61	76	83	
26	27	29	33	36	54	62	64	71	88	92	92	97	99	
22	23	31	45	47	58	58	74	85	91	
4	5	26	45	53	64	66	69	87	96	
11	35	40	40	43	67	69	71	72	73	74	86	89	89	91	
9	46	50	54	62	69	69	72	91	
18	29	30	30	35	37	49	64	66	68	71	82	98	
1	15	15	36	61	65	71	82	
3	4	6	15	16	21	31	63	68	84	87	
3	8	29	33	45	48	53	54	57	71	77	86	90	91	92	
20	20	22	31	35	41	64	71	75	84	
5	39	47	50	73	87	93	94	
0	0	6	9	39	39	81	96	
9	11	47	78	91	
7	26	28	33	61	64	72	80	80	82	88	96	
14	16	22	31	36	43	51	62	75	89	94	
21	24	26	36	45	51	52	65	68	77	78	81	
5	10	26	27	46	47	62	79	83	90	94	
2	6	22	30	35	42	43	58	69	93	
2	16	23	32	38	40	40	48	54	55	60	80	85	89	91	
15	17	26	27	34	51	58	59	86	92	
9	12	24	25	29	48	56	
15	37	58	76	
8	24	29	42	55	57	63	
6	13	34	40	44	51	60	62	75	78	
5	10	12	70	73	75	79	
10	14	17	19	30	58	61	65	
21	24	27	56	76	
0	9	29	43	55	
7	11	16	23	60	70	79	
4	6	12	13	40	42	49	67	
0	3	25	33	38	52	66	68	75	78	
6	23	50	
19	31	52	54	66	
2	8	14	14	29	37	41	46	54	67	
2	11	12	14	31	50	51	60	65	73	
4	8	35	38	42	43	46	49	77	
2	41	44	63	65	69	77	79	
0	10	27	34	38	40	40	59	
19	32	34	36	37	66	76	
4	8	11	14	24	25	26	32	58	67	
