9
16
15
23
8
7
14
14
17
13

16
15
8
3
9
10
23
14
13
21

8
9
7
11
14
22
20
8
21
16

9
9
24
11
24
21
15
11
12
4

15
21
9
0
1
14
21
24
15
8

19
15
18
21
15
2
15
24
8
1

22
7
15
13
3
22
20
3
23
14

10
16
10
2
12
24
2
17
13
14

1
11
22
21
9
4
20
24
11
5

24
4
21
24
22
4
12
14
16
17

21
23
21
21
4
8
13
24
19
5

17
16
16
19
16
12
3
1
18
19

6
3
19
13
15
2
17
10
6
16

5
3
16
23
8
5
24
17
0
22

22
20
2
24
2
12
18
2
3
16

10
7
16
22
7
8
22
20
17
5

19
8
8
13
12
22
21
4
12
20

11
1
10
2
24
14
5
3
18
8

5
3
19
23
7
22
9
11
14
24

13
8
4
24
23
10
23
21
17
8

21
24
21
7
17
16
1
11
12
6

6
2
14
24
18
15
9
11
10
13

4
11
5
11
10
0
18
13
0
17

16
5
1
16
10
2
1
4
14
11

15
21
9
12
7
22
15
14
3
21

