numprocs=10
	1 
	1 
	1 
	1 
	1 
	1 
	1 
	1 
		1 



aaa


	9 
	1 
1 	
		1 
	1 
	1 
	1 
1 
	1 
	1 
			1 
	1 
1 
	1 
		1 
	1 
		1 
	1 
1 
	1 
	1 
1 
	1 
	1 
	1 



aaa


	9 
	1 
	1 
		1 
	1 
1 
		1 	1 
	1 

	1 
	1 
	1 
1 	1 



aaa


	9 

	


bbb


	1 
	1 
	1 
		1 
		1 
9 	1 



aaa


	9 
1 

	


bbb


	9 
1 
	1 



aaa


	9 
	1 
	1 
1 
		1 
	1 
1 	1 
1 

		1 
	1 
1 



aaa


	9 
	1 
	1 
	1 



aaa


	9 
1 
	1 
	1 
	1 
	1 
	1 
	1 
	1 
	1 
	1 



aaa


	9 
	1 
		1 
1 	
	1 
	1 
1 
		1 



aaa


	9 
1 



bbb


	1 
	


bbb





bbb


1 


bbb



	


bbb





bbb


	9 
	9 
1 



aaa


	9 



bbb


	9 
	9 
	9 
	9 



bbb


	9 
	9 
		0.039916992 
0.083817959 
	0.051815033 
	0.049102068 
	0.053610086 
	0.092401981 
	0.044988155 
	0.03954792 
	0.066601992 
	0.063913822 
		0.059909821 
0.059575081 
	0.056885004 
	0.049427032 
	0.068800926 
	0.065479994 
		0.068925858 
0.078108072 
	0.071979046 
	0.08632803 
		0.059230804 
finish connect section
	23 
	1 
0.058251858 	
finish connect section
	23 
		0.054059982 
0 
1 finish connect section

		23 
	0 
	1 	0.043189049 
finish connect section
	23 
	
1 
		0 	0 

	1 
	1 
	1 
	1 
1 
1 	1 

	1 
	0.06854701 
finish connect section
	23 
	1 
	0 
		0.030180931 
finish connect section
	23 
	1 
	0 
		0.06209898 
finish connect section
	23 
	1 
	1 
	1 
0 
		0.057458162 
finish connect section
	23 
	1 
	1 
	1 
	0.069789886 
finish connect section
0 
	1 
	1 
	23 
	1 
	0 
1 
	1 
	1 
	1 
	0.074307919 
finish connect section
	23 
	1 
	0 
	1 
	1 
	0.1 
		0.1 
0.1 
	0.1 
	0.1 
	0.1 
	0.1 
	0.1 
	0.1 
	0.1 
	0 
	0 
	0 
	0 	
0 
	0 
	0 
	0 
	0 
	0 
	0.081533909 
		1 	
0.051473856 0.068993807 

	1 
	1 	0.087509155 

	1 
	0.094497919 
		0.1076479 1 

	1 
	0.101017 
	1 
	0.087343931 
	1 
	0.12333989 
	1 
	0.098717928 
	1 
	0 
		0 
	0 
	0 0 

	0 
	0 	0 

	0 
	0 
	0 
	0 
