13	19	24	35	41	44	59	60	67	71	73	87	111	132	142	143	177	189	204	213	215	222	227	228	231	238	248	
0	25	36	44	50	55	61	70	71	74	84	94	95	98	110	134	141	154	155	160	167	170	202	219	220	244	
3	20	47	53	55	72	82	88	97	104	104	114	115	116	151	161	186	190	195	207	240	254	
10	33	37	77	81	85	91	96	97	148	157	163	171	177	182	209	218	224	228	234	242	244	247	253	
20	36	42	52	54	57	57	60	64	77	126	127	132	138	140	145	153	162	165	165	167	171	184	219	225	
1	4	6	19	19	21	33	43	67	70	73	78	81	83	93	107	135	146	150	161	172	180	191	198	211	217	249	
10	22	30	49	96	104	111	120	125	128	130	135	136	140	156	158	171	178	179	181	185	188	199	204	212	221	226	228	238	245	246	254	
4	21	40	89	102	103	106	122	124	141	148	156	168	169	173	194	203	205	255	
10	31	39	41	46	52	63	65	68	71	73	76	97	97	109	110	123	137	155	162	166	193	198	209	222	222	230	
10	14	17	26	34	36	40	49	58	59	64	65	92	94	96	110	113	124	146	153	159	160	163	166	168	171	172	187	211	214	215	227	230	232	244	
7	16	24	37	45	52	59	61	64	69	75	81	82	108	122	136	138	138	149	152	161	164	166	169	181	182	182	182	249	250	
4	24	35	43	76	78	87	95	114	124	150	154	160	169	178	179	189	194	194	198	199	202	209	212	217	227	229	239	246	252	253	254	
18	18	26	27	31	56	74	77	92	99	100	120	161	172	187	188	190	197	214	216	238	240	252	
1	20	42	51	55	70	78	83	89	91	96	109	111	118	149	149	168	178	218	219	219	219	237	242	242	
3	5	17	41	44	63	71	80	88	91	92	98	105	116	125	127	141	145	148	151	217	226	227	229	240	255	
18	28	61	80	85	94	97	97	113	118	129	133	136	164	167	168	187	188	188	201	224	
0	31	49	59	64	74	75	79	89	100	106	129	140	146	156	178	186	212	224	228	228	243	
1	2	14	35	44	46	49	54	66	88	90	98	130	140	157	167	181	181	184	186	202	206	210	218	235	235	246	249	
16	23	33	42	49	66	74	77	92	94	107	107	108	119	121	126	131	142	143	150	155	157	160	165	185	188	223	232	
1	8	30	76	84	98	107	110	110	114	148	181	204	218	224	225	237	241	252	
6	12	34	50	58	67	74	89	100	112	139	143	147	147	201	207	224	231	250	254	
11	14	36	75	105	107	112	122	136	146	160	168	173	182	195	205	205	209	213	220	223	236	
4	16	39	56	56	75	97	100	126	127	134	137	151	164	166	186	199	204	243	245	
9	11	31	38	38	40	41	43	43	48	48	87	96	107	108	133	135	137	138	147	164	168	213	227	235	
0	23	29	32	36	40	55	65	95	131	143	151	153	155	174	201	202	230	231	232	237	
7	21	31	42	51	62	63	84	95	100	105	112	113	120	127	132	143	151	155	165	166	175	194	199	205	212	234	236	237	246	250	251	
2	8	11	13	25	35	38	57	64	66	68	70	83	86	90	95	102	119	124	127	129	134	144	146	156	179	187	194	199	208	212	217	221	222	225	229	233	235	238	248	
1	5	9	49	53	59	75	77	113	128	161	165	170	182	192	192	208	243	243	246	
16	17	32	57	58	62	67	73	84	93	99	110	123	132	141	141	148	159	182	189	190	192	200	207	216	231	241	
5	8	22	24	48	63	79	99	105	108	116	117	134	138	149	163	184	198	198	207	219	222	232	234	235	247	
0	12	37	47	49	50	54	69	74	80	91	91	96	106	119	120	122	133	133	137	162	168	170	170	172	173	177	195	235	244	247	252	254	
6	7	13	15	19	26	33	37	38	40	42	45	48	51	53	54	78	82	89	104	106	108	112	115	119	129	136	145	169	187	191	195	216	217	217	222	225	226	240	251	
7	12	19	28	33	37	42	58	63	98	101	104	141	146	176	180	183	191	199	212	213	216	242	253	
14	28	46	51	76	83	85	100	104	125	160	167	167	178	183	192	193	200	218	227	234	239	246	255	
2	7	13	22	24	25	42	50	80	102	117	143	151	159	161	161	202	206	223	239	
21	23	46	62	68	97	111	129	133	152	164	169	184	201	218	233	249	
0	12	16	48	49	65	72	73	81	81	97	111	114	122	147	153	158	166	179	192	196	202	208	210	217	223	225	225	229	232	235	247	
3	6	19	54	59	78	91	98	103	118	143	145	163	176	203	209	213	233	233	236	244	
24	32	37	39	64	65	80	87	91	99	109	124	145	153	159	241	247	253	
27	28	34	35	41	43	69	87	91	101	108	108	120	122	175	184	190	190	193	196	205	225	232	236	
1	18	21	28	54	59	64	88	89	90	102	113	120	125	131	142	150	185	190	190	193	205	223	225	225	241	245	248	251	255	
5	26	55	57	91	93	119	126	129	147	154	160	161	162	169	172	195	197	211	228	235	253	
1	1	14	14	15	26	38	45	47	61	71	78	84	99	113	137	154	156	158	164	172	174	175	178	185	201	201	214	214	221	233	251	
5	16	19	19	39	47	47	52	71	82	102	113	117	117	121	125	126	135	150	170	181	189	200	210	221	226	230	236	246	250	
11	29	52	66	89	101	103	109	133	140	140	141	141	145	157	175	185	187	191	197	200	204	208	212	237	250	
9	25	27	37	44	53	67	78	83	83	84	105	111	125	127	128	156	173	176	185	192	195	198	251	251	253	
3	13	29	30	32	35	57	65	72	76	85	89	93	103	106	118	138	139	140	154	158	162	172	184	187	192	198	199	203	208	211	214	240	247	249	
20	21	32	52	62	69	79	98	133	188	191	192	194	196	197	203	216	230	230	233	238	248	
9	10	15	42	54	60	61	66	93	111	112	115	117	118	121	123	125	149	153	157	166	169	170	191	203	219	232	252	
3	3	17	17	35	37	60	74	84	85	86	87	95	100	106	112	124	130	132	135	139	147	155	180	188	210	213	229	252	
15	25	27	36	52	57	62	76	76	82	88	105	114	125	152	159	164	169	177	177	201	220	243	254	
0	3	7	14	21	38	45	52	54	61	62	77	86	90	95	96	105	111	123	148	153	159	165	175	181	185	203	215	218	223	
8	22	24	32	33	45	73	75	80	100	120	139	146	172	177	200	201	227	236	244	247	254	
7	23	29	35	68	69	72	73	77	81	86	86	89	140	163	170	176	178	180	181	185	210	226	241	
5	17	23	34	38	45	55	62	67	70	81	129	136	138	152	163	174	175	197	201	209	214	217	
4	10	17	34	38	39	41	42	60	65	76	96	123	123	162	170	171	176	183	186	193	205	210	213	213	220	227	250	250	252	
6	14	18	20	26	27	32	39	49	58	83	92	115	134	142	166	168	181	187	195	205	209	243	243	255	
0	6	27	43	51	60	60	60	66	101	136	140	142	144	148	154	165	180	193	202	215	217	226	229	237	242	244	
8	11	41	46	64	70	75	77	78	90	98	109	118	121	156	159	162	177	197	224	228	230	231	236	243	255	
30	35	69	80	85	98	127	141	145	148	165	173	173	176	186	186	206	206	217	242	243	
8	9	33	34	58	67	88	94	99	102	108	124	124	128	136	142	152	156	171	172	185	208	226	246	247	248	
5	13	14	40	55	58	80	94	101	115	122	126	128	171	182	189	197	198	209	212	221	227	234	
10	68	71	78	80	86	94	104	119	123	127	131	136	139	142	163	175	184	187	187	194	212	218	220	254	
6	7	13	45	53	67	68	72	85	92	103	117	118	143	146	148	152	157	165	172	180	193	194	218	220	224	237	241	242	245	248	
5	16	36	53	58	68	95	106	113	117	120	123	130	130	132	140	147	149	167	174	179	180	190	194	214	219	220	255	
12	13	18	28	30	36	44	58	74	82	85	121	134	144	156	201	213	
27	29	41	69	71	84	105	109	115	116	128	143	146	171	174	184	207	210	214	234	236	237	239	
15	20	46	47	57	64	82	90	123	135	141	144	168	178	191	211	224	232	233	234	244	245	255	
0	2	2	8	26	36	40	65	66	99	105	115	138	151	160	163	173	184	186	189	190	193	205	208	216	221	223	225	231	251	
7	17	29	49	56	56	60	67	72	102	109	111	112	119	130	132	142	180	191	206	220	221	229	
18	21	22	47	60	63	68	82	95	108	109	109	112	132	134	139	154	162	186	189	196	202	207	214	222	228	231	240	248	
6	9	9	12	13	27	39	48	51	53	54	73	76	79	81	84	101	136	138	156	159	196	200	204	211	213	
1	32	57	81	84	93	96	115	121	126	130	145	167	179	179	221	224	231	244	245	247	249	
8	15	31	50	56	64	66	79	79	82	86	93	107	114	114	116	126	149	152	206	216	216	219	221	
4	6	15	16	31	51	57	67	83	120	123	128	158	158	191	192	192	196	196	202	204	230	247	
4	14	25	30	31	38	40	62	63	99	115	116	121	122	129	133	168	196	206	206	208	216	224	230	234	249	
9	13	29	31	41	45	56	69	101	103	120	131	142	158	184	207	210	215	238	246	
11	24	33	46	58	63	88	94	106	128	131	158	174	195	196	222	242	
0	34	34	54	72	79	81	88	94	100	104	105	125	131	137	145	176	197	211	245	
2	2	5	18	23	23	30	35	36	43	44	72	90	99	121	124	130	130	130	135	162	164	173	203	207	210	251	
3	16	18	26	28	28	40	44	50	51	69	87	87	98	106	114	119	131	139	144	144	150	170	179	198	216	220	233	248	
11	11	19	44	45	63	92	113	135	171	175	178	179	183	183	240	245	253	
0	2	8	10	12	15	29	30	32	39	66	68	90	94	119	128	134	139	146	147	150	150	154	158	158	159	166	180	204	207	228	239	239	243	
4	4	10	12	20	26	31	50	52	56	75	76	85	110	137	137	144	144	155	155	175	188	189	200	204	219	239	239	241	
20	22	24	25	28	41	56	59	62	83	102	103	104	114	118	124	132	133	144	154	163	173	174	194	196	199	207	231	232	235	
2	7	25	25	46	90	103	116	119	155	177	182	186	199	200	202	209	238	242	253	
2	3	50	73	75	89	91	121	131	150	222	244	254	
8	23	29	61	61	73	108	126	143	148	183	193	203	208	215	229	237	
11	25	34	48	48	52	79	86	106	109	114	128	147	157	157	160	161	162	180	181	183	189	195	197	204	240	241	245	250	252	
17	22	29	33	44	50	66	70	70	85	97	122	133	135	145	152	161	169	175	176	176	178	183	193	197	200	211	232	253	253	
5	15	28	42	50	53	74	75	107	110	117	149	157	157	167	173	177	233	240	241	248	249	250	
9	16	17	22	37	48	53	110	111	122	126	127	132	144	159	160	165	185	236	240	252	
12	20	30	77	87	101	101	102	112	112	137	139	163	174	174	176	205	223	227	236	245	
1	62	63	72	77	82	83	86	92	92	101	104	110	118	125	127	129	131	150	152	152	153	155	164	188	191	206	211	221	226	234	237	238	239	
21	22	55	55	70	70	74	86	88	103	113	115	129	151	167	182	188	218	229	235	249	250	
4	6	9	18	27	38	46	53	56	71	79	87	90	92	93	99	103	116	117	134	134	151	153	154	208	210	223	226	228	230	233	238	255	
23	34	43	51	61	65	88	95	102	116	137	169	170	179	199	203	214	215	215	220	229	238	249	252	254	
10	12	19	20	26	30	32	39	43	46	59	59	61	65	78	93	96	107	117	139	149	151	153	200	203	211	215	223	248	251	
15	22	24	27	39	43	47	47	55	68	69	72	80	116	135	138	142	149	189	190	195	239	242	251	
3	11	21	23	33	37	40	45	47	48	51	71	79	93	100	107	118	121	147	164	166	171	174	177	183	183	198	206	209	212	215	222	226	231	234	241	246	255	
