11	22	34	44	47	47	54	66	69	78	103	113	117	119	126	139	181	184	255	
11	23	32	63	66	72	78	96	98	116	119	162	168	175	191	193	203	203	206	208	221	222	226	232	244	245	
7	20	35	49	56	110	113	121	137	142	143	159	179	203	210	230	238	242	
16	17	22	38	57	58	64	73	78	81	83	115	123	136	137	153	154	168	172	195	198	203	207	210	212	250	252	
2	5	15	33	38	49	50	64	66	74	92	93	95	99	113	120	131	139	189	198	198	210	229	240	244	252	
6	28	28	57	63	68	94	108	113	123	125	127	142	169	182	184	205	215	215	224	255	
12	19	36	40	76	94	97	104	109	122	131	141	143	144	159	163	227	231	233	239	246	
6	22	44	47	68	78	82	85	88	99	111	112	126	134	136	141	173	175	176	206	242	245	247	
2	6	11	17	23	52	57	60	61	75	101	118	126	127	136	143	172	173	193	202	213	215	228	251	
13	27	45	47	51	55	74	102	103	126	130	130	131	131	141	150	154	163	167	178	178	189	194	195	195	199	206	216	225	226	227	228	235	239	
2	7	22	25	27	35	35	50	62	66	69	69	83	84	85	100	107	111	120	127	137	144	149	162	165	188	194	216	219	237	242	
5	7	9	15	36	44	46	48	49	49	53	56	60	67	99	105	141	147	161	163	167	167	172	193	211	233	234	
6	10	30	43	48	50	67	86	105	116	117	128	130	144	144	161	181	183	184	191	195	195	196	215	217	218	232	241	245	245	253	255	
7	16	19	26	43	94	101	102	121	126	130	132	137	143	148	152	160	177	177	187	188	193	196	204	218	221	223	226	233	238	
20	42	43	46	58	67	86	94	112	115	116	118	129	145	167	170	177	205	222	240	240	
9	17	29	30	31	37	54	61	63	93	95	96	120	127	128	129	137	150	151	157	157	158	170	171	199	234	245	248	
18	30	32	34	48	50	56	77	78	79	80	80	83	85	93	101	116	118	129	129	147	184	197	199	215	231	
49	63	64	67	71	78	95	102	109	114	119	120	120	125	139	141	148	168	174	177	181	183	187	191	206	220	225	234	
21	32	40	47	49	60	77	126	128	129	131	152	155	158	173	186	191	220	233	245	
2	25	27	30	44	45	57	57	75	80	90	94	120	125	126	138	172	181	181	190	203	218	236	248	
17	23	47	51	52	84	97	101	117	118	123	126	147	157	175	177	183	186	224	224	235	237	243	
5	5	14	22	24	26	28	37	37	52	55	112	113	116	119	132	139	150	156	161	189	220	222	236	237	
1	11	12	15	20	25	48	86	90	116	117	129	135	135	162	172	188	207	209	218	234	236	251	251	
15	31	35	41	56	60	63	67	68	76	77	82	89	94	103	108	119	120	122	132	157	159	164	185	193	196	206	206	210	216	229	240	249	
15	49	56	64	88	98	117	121	132	143	160	168	180	184	243	250	253	
13	22	37	44	53	62	80	86	92	96	120	134	138	140	141	153	153	178	184	185	189	206	217	226	226	230	231	241	253	
7	22	24	47	66	70	78	80	98	106	137	140	157	178	184	208	213	217	227	242	
1	7	32	48	50	53	53	55	55	73	85	87	89	97	100	101	104	113	119	140	146	156	166	196	201	211	233	241	243	245	252	
35	44	48	49	60	64	65	83	97	104	107	109	109	109	110	125	133	138	140	157	169	185	187	189	203	227	237	250	251	
0	4	46	49	61	67	71	73	86	99	120	124	127	134	139	148	150	158	181	201	206	215	231	232	235	237	248	
6	8	9	14	19	24	24	36	37	43	56	59	86	96	97	100	102	145	149	151	152	158	160	170	182	182	186	204	209	213	220	236	243	244	253	
50	50	51	69	74	95	104	107	142	146	149	155	159	175	187	187	201	214	216	231	237	
4	19	35	39	47	51	67	74	77	81	89	96	121	134	136	140	140	141	145	162	166	168	181	194	197	206	239	240	245	
0	12	12	23	28	38	63	67	74	75	79	96	172	174	182	203	204	221	241	
0	0	5	7	10	13	18	36	39	52	59	73	84	84	94	95	100	124	165	174	219	226	227	247	255	
10	18	45	46	64	66	73	77	84	99	110	116	129	133	135	147	169	187	198	209	212	213	226	230	237	249	
3	11	27	30	40	40	43	44	46	64	78	80	99	104	112	120	122	127	137	148	157	159	179	191	191	217	237	242	
0	3	7	14	16	16	21	35	47	53	83	85	88	106	107	109	115	117	119	125	138	139	156	162	168	169	170	172	183	225	236	237	240	241	243	253	
1	9	13	17	21	72	84	87	104	117	120	121	123	141	145	156	186	186	189	203	206	210	214	219	227	245	248	
13	14	15	28	41	42	63	83	83	86	109	112	119	122	125	143	167	177	185	185	216	246	
0	15	31	34	45	51	62	63	79	80	100	105	110	112	128	136	138	139	156	162	166	174	195	208	213	220	228	232	234	244	244	251	
51	60	73	77	77	87	89	103	103	115	120	127	130	132	153	161	169	172	184	184	194	197	199	207	209	244	254	
9	43	49	59	111	112	135	135	143	157	163	185	187	188	188	190	197	214	232	235	242	247	249	249	
17	23	45	51	52	79	85	89	99	104	107	149	173	181	209	223	223	229	237	255	
2	5	16	35	40	40	58	94	101	111	117	135	137	137	139	155	161	162	170	216	218	225	247	251	
6	16	17	21	28	61	75	78	95	107	136	147	149	158	168	179	181	204	208	211	223	236	
8	16	22	27	29	34	49	50	51	51	58	64	65	66	71	74	86	88	96	116	118	135	139	148	155	161	170	170	174	177	190	202	207	213	216	218	223	231	231	232	233	241	245	245	252	
8	13	14	17	24	40	42	44	57	61	66	71	72	75	80	80	92	99	100	113	114	128	140	152	161	163	171	180	190	202	204	212	226	229	234	241	241	246	
3	30	45	45	67	72	76	106	125	141	172	173	176	193	199	203	207	209	222	222	233	234	246	
12	18	19	21	23	26	45	52	61	63	75	110	117	134	136	143	165	166	191	193	212	235	239	241	
4	5	7	35	38	39	40	58	60	69	76	77	100	103	113	153	153	161	162	169	170	186	186	196	198	233	239	243	251	
5	38	43	55	68	95	96	113	114	118	125	134	150	152	153	183	183	184	204	204	207	214	219	232	235	242	245	246	
3	19	26	30	55	70	78	95	97	109	131	135	141	144	144	147	164	172	175	189	200	200	203	230	232	238	
2	10	13	20	39	45	49	64	73	77	91	109	118	120	131	145	146	158	165	167	170	193	222	225	233	242	255	
14	15	25	38	39	52	56	85	89	90	103	105	111	111	121	122	126	131	131	141	142	151	177	187	193	196	209	224	248	253	
0	1	19	27	43	49	52	53	71	77	87	88	92	92	110	133	142	146	155	158	161	170	179	186	188	229	250	251	253	
8	17	49	84	87	98	116	119	125	143	155	180	188	201	215	233	235	237	241	
17	24	26	26	36	40	42	42	43	54	66	76	99	106	111	122	131	132	134	150	152	175	191	199	205	207	210	
3	15	16	30	46	65	66	68	79	91	92	93	94	130	147	151	159	159	166	167	195	212	230	243	247	
1	10	11	20	28	42	51	57	68	88	98	99	130	165	180	180	181	209	216	224	253	
1	13	56	57	121	127	130	150	177	185	189	207	212	
4	5	15	22	36	43	53	63	66	70	74	79	86	97	97	108	148	149	151	152	156	164	168	189	190	192	207	215	221	241	250	251	
28	31	32	33	35	63	67	67	67	70	70	71	75	81	91	93	103	105	124	128	142	144	148	149	221	228	230	234	244	246	
20	26	33	35	83	93	96	101	118	135	143	145	151	153	157	162	163	163	180	182	196	215	219	219	227	234	245	
6	7	9	23	36	38	46	48	52	80	81	88	88	91	94	100	103	106	129	144	156	159	173	185	223	227	234	
39	49	54	95	102	110	111	150	152	161	168	175	183	183	200	201	210	211	236	248	254	
3	21	28	29	33	53	73	76	111	139	143	146	151	166	175	195	200	202	209	218	238	249	250	252	
0	8	39	55	64	73	90	96	98	114	118	126	135	137	149	151	157	167	184	223	249	
0	4	10	12	16	19	53	55	63	89	98	98	98	100	108	116	121	121	132	147	151	160	178	190	191	193	199	203	211	213	220	232	234	239	
4	8	29	30	37	46	48	55	86	90	93	97	104	110	112	114	142	151	162	175	183	199	200	200	212	213	220	247	249	
7	17	28	32	42	47	52	58	75	86	88	93	103	110	125	137	140	167	177	178	186	188	190	194	214	224	228	240	253	
3	37	42	53	55	72	75	87	94	101	129	141	145	146	153	158	167	176	192	
11	18	19	22	24	35	44	110	113	129	167	194	223	252	
14	17	18	29	36	50	60	72	86	104	109	124	145	150	154	165	186	203	208	209	214	221	231	232	236	253	
19	41	53	57	57	60	62	80	89	89	94	126	126	129	145	147	173	178	200	207	211	219	222	225	
7	7	8	9	25	30	41	47	50	51	53	56	92	153	154	168	173	178	179	200	204	205	220	221	222	226	243	
5	14	19	26	48	55	58	65	71	86	103	104	134	142	157	162	183	201	207	214	234	237	250	
6	9	22	33	35	39	40	58	83	83	91	104	127	128	144	155	168	170	172	186	187	202	218	222	248	250	251	
1	32	43	87	89	91	95	96	127	128	134	149	162	165	170	173	185	198	207	212	218	232	234	
13	24	45	54	59	61	71	76	83	86	112	113	118	123	126	135	143	153	155	167	174	175	215	227	229	233	
0	3	6	11	20	39	59	84	90	95	96	106	106	137	153	155	157	189	194	195	198	206	207	209	212	213	213	230	235	249	
13	16	31	32	33	48	84	88	118	124	125	127	145	146	167	189	190	190	200	218	218	221	230	233	250	253	
16	19	78	96	100	111	128	146	152	158	160	190	198	202	202	202	218	241	
24	32	33	35	35	54	61	96	100	114	129	144	148	162	164	164	199	206	214	225	234	236	249	
23	33	42	60	64	71	75	80	81	81	102	105	112	133	163	163	168	172	172	179	186	193	222	229	233	246	251	
5	15	17	24	37	55	57	65	68	72	99	101	104	104	108	108	131	132	138	140	158	170	195	204	214	216	224	228	246	
5	8	17	34	44	51	66	88	93	95	98	98	118	126	128	163	184	199	204	205	218	225	228	250	
5	11	22	30	31	31	34	41	56	64	65	69	73	76	77	100	101	103	108	114	115	119	122	160	163	169	194	197	197	203	208	217	221	222	230	241	
7	7	16	18	20	25	36	36	38	44	50	55	56	57	61	65	74	84	104	118	123	132	142	148	155	171	172	180	190	190	204	231	
15	19	20	63	65	67	69	70	79	96	96	105	115	120	123	125	166	168	183	198	213	222	227	235	
5	11	25	49	55	66	79	88	92	108	114	127	135	136	154	159	169	189	197	202	222	230	235	242	247	
7	8	24	52	65	68	73	76	84	84	101	108	110	115	116	133	138	139	142	174	180	195	202	205	223	237	237	241	
3	9	17	20	42	52	80	84	94	104	104	112	120	123	124	133	135	136	139	164	173	188	188	188	192	212	225	
12	13	14	18	19	24	30	33	39	42	61	64	65	80	81	112	138	144	145	146	154	167	176	178	189	190	213	214	234	
13	16	18	32	33	34	41	46	53	58	62	68	72	84	107	110	111	115	118	132	185	191	196	230	232	238	
27	43	44	47	51	67	71	91	102	108	123	126	140	141	145	164	173	175	187	196	201	214	217	218	229	235	244	
0	13	19	22	25	29	40	42	54	58	72	77	78	87	90	91	93	103	106	106	117	123	128	144	146	154	166	172	174	178	183	194	195	223	226	232	
22	23	27	35	45	47	71	100	120	175	183	191	203	213	245	248	249	250	
7	11	32	37	46	54	62	62	92	114	120	124	125	146	174	204	209	228	240	243	252	253	
3	14	24	31	31	41	45	57	70	117	133	133	155	159	159	163	168	170	191	215	228	235	
8	12	13	28	41	41	42	64	64	68	92	115	119	122	136	147	158	164	165	181	189	200	222	226	231	233	238	245	
11	16	39	61	69	75	76	83	89	167	190	195	202	205	248	
14	26	27	35	73	74	96	99	103	109	117	131	131	164	196	235	250	
5	21	27	51	60	64	75	82	83	85	95	108	133	133	134	139	179	186	202	204	209	226	227	241	253	
4	9	12	12	15	18	19	43	59	66	69	93	101	101	113	123	128	131	132	160	160	164	179	195	220	244	247	
25	29	46	57	80	90	93	122	126	130	137	139	142	150	173	174	179	188	191	202	208	232	238	239	240	247	255	255	
14	20	56	58	69	72	73	95	96	110	115	129	135	144	152	152	153	169	171	176	180	182	184	192	199	213	
10	25	45	58	71	81	82	102	116	119	122	125	127	134	153	191	197	224	233	236	243	
4	21	26	50	56	60	64	86	103	104	114	127	133	142	156	172	180	184	202	216	222	228	237	240	247	251	
1	13	36	40	45	50	62	68	71	88	93	96	107	121	121	138	141	151	164	166	172	172	184	200	203	208	208	
17	33	54	85	85	92	127	147	155	195	196	198	198	199	207	216	225	234	240	251	254	
3	81	87	93	113	119	125	130	140	145	147	157	174	182	193	204	219	222	251	254	
18	19	30	37	44	86	90	103	113	124	134	142	142	144	152	158	161	179	191	196	213	233	239	239	246	
12	13	18	24	26	29	44	48	58	60	77	90	92	98	102	122	122	130	162	165	173	183	186	187	193	201	202	217	223	233	251	
3	31	37	48	59	73	78	78	102	111	111	117	122	126	145	147	171	187	189	208	212	225	255	
0	19	26	27	35	38	40	42	44	50	51	62	86	87	97	102	117	146	159	175	188	200	201	215	230	240	243	255	
32	44	46	48	48	53	55	69	80	83	95	99	102	115	145	157	189	193	196	200	211	230	238	242	
3	22	32	42	45	75	85	88	103	108	118	133	154	156	166	169	175	189	194	196	197	197	212	215	219	239	247	248	
16	28	30	37	39	52	53	67	146	147	148	194	208	210	234	244	250	
7	11	15	38	39	43	49	58	59	76	90	101	134	135	138	140	145	148	148	160	166	171	175	184	200	205	233	236	247	248	
23	49	89	115	119	119	125	127	128	131	150	155	168	172	180	181	192	200	205	230	232	252	
0	10	16	30	31	67	69	96	98	108	111	117	122	132	135	140	142	162	163	171	181	200	217	219	229	229	234	251	252	
0	24	30	36	44	47	54	54	68	70	72	73	91	97	103	126	150	159	170	187	193	194	197	212	216	227	238	
29	40	40	47	48	51	63	64	82	85	103	129	131	152	159	172	178	184	185	194	232	244	247	248	251	253	
5	10	18	26	27	27	28	33	46	56	59	62	64	64	78	131	132	171	186	192	193	197	200	203	247	
15	20	22	47	52	70	94	95	107	122	123	133	137	155	168	201	217	217	232	
1	14	18	18	25	41	60	66	91	92	110	122	130	130	141	145	159	176	182	222	224	234	240	254	
8	23	33	41	49	75	96	99	103	115	145	159	160	165	172	174	180	189	
1	1	11	18	39	44	53	56	62	67	72	75	78	95	99	115	117	124	141	167	167	169	201	204	208	220	221	223	227	234	238	
5	15	20	25	42	43	50	61	69	74	84	96	103	122	136	154	156	160	163	167	169	169	210	210	229	230	245	249	253	255	
2	4	9	20	23	26	33	38	45	46	56	87	91	95	103	106	114	141	150	154	157	163	211	219	224	246	
1	6	8	12	21	31	47	59	65	80	86	93	93	108	110	124	151	152	155	157	160	162	165	167	194	195	229	232	239	245	248	
4	9	13	24	44	46	85	96	121	143	144	157	188	202	229	244	
18	25	50	80	97	100	101	122	125	129	130	132	196	202	212	228	231	233	242	
3	17	28	59	83	87	88	90	108	119	121	122	122	172	187	189	213	229	230	242	253	
0	25	26	46	49	57	59	69	71	77	99	100	108	121	132	137	139	149	153	168	175	183	196	199	215	217	218	228	239	248	254	
23	25	26	29	33	34	34	42	50	58	61	65	71	92	106	109	115	118	122	122	125	129	144	156	162	186	191	204	204	224	225	226	252	253	254	
2	6	17	22	42	43	47	59	85	91	95	107	111	134	148	149	166	180	183	187	187	193	214	220	225	241	250	251	
10	16	27	34	39	48	48	84	96	97	107	107	107	110	123	125	136	146	158	171	174	193	196	198	203	213	219	224	230	232	234	236	244	246	
1	6	6	24	57	68	69	79	83	88	101	102	104	105	107	125	138	142	143	144	168	170	171	226	227	228	243	247	250	
9	15	22	36	40	50	93	94	95	100	101	103	113	118	123	130	139	142	143	150	155	174	181	186	199	199	210	218	247	249	255	
2	14	15	19	21	23	33	42	52	74	74	82	88	91	98	99	110	114	127	134	144	145	148	162	172	189	194	222	227	238	253	
1	8	23	64	93	136	157	159	174	177	177	187	199	231	243	244	
7	28	33	37	39	39	52	55	75	92	115	137	141	154	159	241	241	
8	11	21	35	50	57	62	73	86	105	116	121	122	122	123	123	127	127	127	143	159	159	166	167	171	171	202	205	208	213	217	223	243	
4	30	31	43	47	49	52	82	90	91	94	104	106	133	136	166	175	180	191	208	210	218	230	247	249	250	251	
11	12	42	44	56	72	76	88	117	125	129	134	136	138	139	142	145	206	210	215	219	228	247	
6	12	21	25	34	39	39	49	64	65	81	88	97	98	115	116	117	123	128	135	136	137	149	153	153	159	161	168	177	179	184	185	194	196	200	200	220	221	235	
5	7	10	13	21	46	48	53	54	55	59	66	69	71	81	84	98	114	121	137	140	150	156	159	179	203	240	248	
0	30	39	40	47	78	80	85	87	87	110	112	113	120	128	143	154	161	191	206	229	236	240	243	248	252	
10	20	31	38	52	67	79	80	84	90	103	106	106	114	117	118	120	121	128	151	157	165	177	181	183	189	189	198	202	210	214	215	235	
5	12	24	48	49	55	56	57	59	66	69	92	97	98	98	126	130	138	150	160	166	185	189	213	218	225	228	234	241	
0	14	22	26	29	31	41	42	59	67	74	74	77	81	87	96	97	99	101	149	171	189	192	194	201	216	217	226	227	252	
0	3	10	20	22	26	36	55	65	74	90	110	121	128	135	150	152	152	166	185	186	189	198	202	209	211	220	221	227	229	239	241	244	
2	11	11	16	35	40	41	43	43	79	83	85	92	94	101	104	125	182	194	206	217	218	244	253	
35	54	64	70	91	100	115	142	142	146	157	168	177	182	187	193	205	231	243	245	246	
20	42	77	93	96	105	158	158	198	198	201	208	212	237	244	246	249	
8	9	13	39	40	44	58	59	76	79	97	99	103	105	113	119	126	140	155	163	190	214	223	225	232	245	251	
7	26	31	38	58	59	70	72	75	79	87	93	141	143	151	152	169	177	185	190	192	197	200	211	215	228	243	247	249	250	
11	15	19	30	63	67	75	76	82	89	100	105	106	130	131	132	134	141	143	148	160	162	175	182	186	219	235	
0	15	24	29	36	39	41	45	53	59	66	67	68	80	86	86	87	98	126	141	147	151	158	178	178	184	188	194	214	220	238	254	255	
8	9	13	31	40	50	58	60	61	71	90	116	138	164	179	201	207	236	
8	19	24	25	37	59	67	70	77	93	95	96	102	106	118	130	151	158	163	167	170	174	192	194	204	206	207	210	233	241	243	
14	16	37	55	72	87	115	117	124	128	148	150	182	185	191	197	209	213	216	224	225	228	236	243	252	
4	4	10	36	51	69	78	82	89	94	107	129	134	140	145	152	165	170	178	199	236	242	244	
12	19	25	30	68	69	87	107	115	131	141	148	152	162	167	185	200	201	203	213	217	227	231	231	243	243	
4	11	27	46	50	62	65	77	82	101	126	150	152	154	167	167	167	173	176	178	180	185	190	200	208	209	214	220	222	242	243	
3	21	30	37	40	71	73	78	79	99	106	108	124	133	145	170	171	200	205	226	242	242	242	255	
4	5	12	28	31	32	57	61	65	85	87	99	103	105	110	124	129	155	167	193	209	211	222	224	226	237	245	254	
3	46	49	69	70	87	102	109	128	149	156	217	230	236	236	246	248	
1	2	10	27	48	62	75	89	117	127	136	146	148	152	154	161	164	171	180	185	202	207	227	247	
1	13	16	22	54	56	56	66	70	75	77	79	101	104	109	128	138	142	164	164	165	192	202	203	207	217	228	230	235	251	
3	6	11	30	52	93	99	106	109	119	121	128	147	149	169	189	190	196	199	216	220	232	238	239	
1	11	95	97	118	146	175	175	183	184	185	185	188	204	211	212	213	213	219	226	239	239	246	
1	5	9	11	16	35	42	50	58	61	63	65	66	68	69	90	111	133	136	180	182	182	202	244	250	
9	20	29	44	55	59	65	66	68	70	83	87	111	124	140	163	166	169	183	188	189	196	204	206	209	214	214	220	249	
26	59	68	68	75	79	88	105	123	131	139	165	188	207	210	210	224	239	
6	10	21	31	36	46	62	77	87	88	94	95	106	108	109	132	144	164	172	174	182	199	203	208	221	231	250	255	
11	12	15	26	31	45	51	57	78	97	111	127	148	154	162	194	200	202	212	212	242	
3	9	21	29	43	68	71	72	73	94	108	110	121	146	158	159	163	171	182	183	184	192	193	206	234	242	250	
3	12	17	22	26	42	43	67	77	100	124	152	154	165	173	181	193	195	207	209	212	227	233	246	250	
11	20	21	28	29	35	36	43	52	56	58	68	88	91	106	114	126	128	139	149	160	160	161	174	185	205	221	230	236	242	
32	34	51	60	61	89	92	99	116	120	132	138	153	156	161	163	167	178	178	192	225	
28	53	85	99	104	104	117	119	120	122	124	129	146	161	195	220	237	249	
4	37	63	76	81	91	93	96	129	146	153	155	165	169	181	194	215	222	238	246	254	
4	30	40	47	49	50	54	55	82	82	86	100	109	116	118	172	176	178	194	210	221	228	236	248	
1	3	3	7	20	28	33	41	49	68	68	97	106	110	131	151	175	182	182	185	193	196	217	218	240	
29	37	59	71	93	96	103	119	129	135	136	138	175	191	203	208	231	
2	13	21	30	44	46	48	51	60	72	95	107	109	115	123	132	139	143	145	155	157	160	172	174	223	227	235	
18	18	22	33	65	72	77	82	89	105	110	111	117	137	161	178	184	187	194	205	229	231	231	236	237	
11	27	45	45	48	53	74	80	82	92	102	115	117	118	129	151	157	171	194	197	206	238	251	252	254	
4	32	41	46	55	78	78	100	109	125	127	136	150	168	169	170	183	207	214	226	227	240	247	
12	17	18	25	36	44	53	56	73	91	121	127	128	147	157	164	194	195	202	236	236	236	245	246	249	252	254	
0	1	8	21	25	38	44	69	82	83	101	105	109	116	130	135	138	147	151	156	156	192	204	216	226	228	237	
3	3	5	6	20	24	45	45	46	81	87	97	102	102	120	159	168	173	179	192	214	215	217	231	242	244	248	248	254	
2	3	9	22	38	43	58	61	64	76	84	85	117	123	128	137	148	156	157	159	161	162	191	193	199	203	203	223	238	238	247	
13	14	19	30	52	75	79	112	126	138	142	177	179	181	190	191	207	213	218	221	221	243	248	255	
14	22	42	55	71	83	84	86	89	107	112	120	136	141	142	176	180	192	196	201	211	220	235	244	247	254	
1	2	2	30	32	44	46	48	50	54	54	58	58	73	104	113	115	136	156	185	189	190	190	205	205	214	215	
18	21	24	27	39	45	61	64	96	112	124	125	129	131	151	169	174	174	174	176	178	196	197	204	212	213	226	234	248	254	254	
21	33	38	45	50	53	70	95	107	122	133	144	145	151	156	167	175	177	186	194	206	212	214	215	228	
16	16	17	30	32	36	37	57	62	71	78	111	115	119	124	125	152	155	156	160	164	180	210	210	234	242	246	252	254	
11	36	46	52	57	61	61	61	75	103	111	116	127	129	136	159	162	178	188	197	199	199	201	205	224	228	238	241	242	252	
2	11	17	20	23	28	29	32	32	59	68	104	110	130	137	146	147	151	185	213	217	225	228	244	
4	13	27	28	36	46	52	52	73	87	108	120	166	171	199	201	214	214	217	224	228	230	241	253	
4	7	9	10	25	41	57	58	61	69	74	85	87	89	95	98	99	126	146	159	177	200	213	217	222	223	254	
29	38	109	112	122	123	131	141	152	160	164	178	188	199	199	218	221	222	223	225	235	240	
1	17	44	47	65	65	66	68	70	73	80	93	96	97	102	106	106	111	119	119	127	154	161	166	169	173	185	193	215	218	223	246	247	
18	34	36	41	61	73	86	91	105	116	124	135	139	146	154	171	175	183	185	197	224	230	231	233	243	246	
12	35	63	68	74	80	89	92	99	100	105	124	152	166	185	190	198	200	205	218	229	253	
5	15	17	19	23	26	34	41	53	56	70	73	92	92	105	142	154	156	181	191	236	236	
6	11	15	20	37	48	56	66	67	83	88	101	103	127	130	147	150	176	181	196	208	215	220	246	247	251	
14	23	29	31	32	34	46	53	72	77	89	113	117	124	130	131	138	148	168	178	192	197	197	223	231	235	235	251	
2	7	38	56	57	65	69	83	98	101	109	114	119	125	131	147	163	179	179	181	192	192	196	216	221	222	237	251	252	255	
2	10	13	16	28	32	33	44	64	68	71	79	88	92	120	133	136	139	140	148	154	199	207	216	244	
25	46	50	50	81	129	132	156	176	211	222	229	242	
12	22	32	73	91	116	126	131	135	158	159	160	164	166	177	208	233	235	
15	34	60	60	62	65	72	73	74	97	98	98	111	121	151	152	171	192	200	228	228	252	
2	13	20	24	31	98	177	185	186	195	213	213	224	224	225	
20	28	34	41	42	42	76	82	94	99	103	107	109	122	131	140	154	159	176	195	197	215	229	252	
16	18	31	40	64	69	87	90	90	91	98	105	123	126	184	184	210	213	214	217	231	
22	30	32	72	86	88	90	94	99	102	120	127	140	147	148	156	161	194	196	231	233	239	251	
11	70	90	92	102	104	108	132	133	143	149	163	171	173	174	176	180	208	226	233	239	241	243	245	
16	23	31	35	37	41	43	47	47	53	62	97	124	135	136	160	166	173	196	208	210	227	248	252	
17	18	27	29	53	70	80	81	83	116	133	140	144	165	175	193	197	211	211	213	213	217	221	230	237	239	241	243	
1	7	21	39	52	54	55	56	122	147	163	179	182	184	199	206	229	233	247	251	
9	14	15	16	26	48	54	92	106	112	112	132	136	137	143	189	191	215	223	227	230	231	244	245	251	
5	6	14	23	41	52	53	54	63	80	87	130	133	174	179	184	195	211	216	231	246	247	
0	8	14	20	21	22	52	57	70	75	75	80	87	98	109	111	137	139	155	157	182	185	191	200	208	221	224	236	250	
2	3	7	8	10	21	42	47	50	73	74	76	88	106	107	109	152	165	176	189	191	207	241	247	247	254	
4	67	71	76	77	78	86	91	92	98	113	134	145	146	152	156	169	172	186	198	208	208	229	236	244	247	254	
2	8	11	24	39	43	50	62	65	81	90	96	106	157	160	164	168	176	182	190	198	207	208	215	238	245	245	247	249	254	255	
0	1	17	20	32	43	63	70	81	82	82	90	102	106	134	144	147	163	183	188	206	219	229	246	249	254	
8	50	58	61	63	72	77	83	90	105	107	124	126	128	137	150	166	168	186	193	205	240	
7	18	29	41	49	55	65	74	82	83	118	133	147	154	160	166	201	208	209	210	212	227	227	237	248	
24	25	28	69	85	116	129	130	131	140	145	149	151	180	203	209	212	215	220	254	
0	0	13	14	23	34	47	51	77	81	97	102	105	132	133	144	155	176	201	204	223	235	250	250	
4	5	10	13	24	37	43	50	54	76	100	101	105	140	147	150	170	189	191	198	225	233	233	255	
3	4	11	12	38	67	70	81	107	113	132	153	156	158	159	161	163	169	175	176	184	194	197	201	210	230	241	245	253	
35	40	48	57	69	72	117	126	130	147	148	157	167	170	182	184	186	240	246	253	
7	10	20	33	34	34	38	70	79	92	142	158	164	171	181	181	198	202	220	234	
14	17	17	42	43	66	78	84	89	101	110	114	121	144	155	160	161	162	173	177	199	200	206	220	221	225	225	234	234	238	240	255	
5	16	23	25	38	60	68	74	81	116	142	153	165	165	166	178	194	197	218	219	222	232	
21	31	56	57	65	79	94	101	106	113	128	148	160	163	165	170	179	181	203	209	219	238	242	242	
14	33	38	55	55	55	60	76	80	89	102	119	138	142	154	164	165	177	187	191	201	201	204	209	209	222	228	235	237	
48	48	49	57	65	66	66	78	86	88	89	91	106	112	134	137	141	162	165	166	167	177	180	191	200	242	246	
1	6	21	39	60	118	136	154	157	158	161	171	190	203	211	216	216	220	252	
14	31	34	43	59	132	155	158	169	173	194	203	212	215	253	
31	48	64	91	95	96	119	119	177	193	194	201	204	214	
4	5	6	18	26	72	78	111	113	123	129	144	153	158	164	180	183	183	204	217	245	
1	8	24	25	28	48	58	78	84	98	100	121	128	137	140	149	153	156	158	165	170	185	198	210	211	219	226	229	234	239	251	
8	37	40	59	61	85	106	115	129	133	137	148	186	204	234	241	243	
0	1	3	13	15	16	19	25	29	44	46	47	62	72	89	97	110	111	146	148	149	160	174	184	188	198	201	205	212	217	219	221	234	241	254	254	
1	5	8	18	26	27	33	35	38	49	59	72	100	108	130	133	149	188	194	202	207	212	219	225	231	235	255	
7	15	42	44	44	52	59	62	81	102	110	114	120	142	149	155	167	176	180	211	213	232	232	234	238	246	249	250	250	253	
12	21	27	29	31	34	36	50	51	74	80	87	105	115	122	123	139	154	154	160	161	161	177	181	188	191	207	208	214	249	253	
5	24	27	43	55	56	72	82	101	113	113	114	162	165	173	178	180	192	216	217	230	236	244	244	248	
6	39	40	58	60	79	82	88	90	143	146	162	172	172	173	193	210	215	215	233	238	253	255	
17	51	54	74	90	95	100	102	102	105	113	121	135	160	164	172	176	180	180	204	224	225	234	239	247	
1	2	8	18	32	54	73	80	112	142	151	167	168	187	191	192	202	203	212	233	234	236	239	255	
4	29	31	36	39	41	78	96	101	101	105	130	136	140	156	165	166	168	185	186	187	197	203	219	220	255	
9	22	29	39	51	60	62	69	74	98	103	115	124	152	157	162	164	186	193	196	211	216	216	221	
8	41	46	48	51	53	67	76	97	99	102	123	138	145	153	171	171	187	190	213	250	
16	17	21	32	34	36	42	47	50	51	58	62	89	97	101	102	112	112	123	127	150	151	153	170	174	198	210	221	223	227	
0	9	25	28	32	34	35	38	81	106	108	113	116	131	141	149	152	157	158	180	206	207	218	219	225	226	230	239	244	245	
15	27	31	33	50	58	69	100	102	103	104	104	135	146	152	161	165	170	199	204	205	207	216	233	241	247	250	250	252	
6	21	45	46	46	63	64	65	78	89	97	102	125	125	130	134	140	141	144	149	157	169	180	181	198	214	220	242	254	
0	7	8	17	24	25	27	32	36	39	42	45	61	66	68	71	74	77	80	96	97	99	108	115	129	134	145	149	166	170	190	192	200	213	215	233	240	248	248	250	
28	67	70	71	77	82	83	86	89	102	123	133	165	167	174	178	185	188	196	211	211	218	229	231	252	
0	10	15	49	65	112	124	153	165	171	178	197	210	224	239	
2	4	11	12	33	34	34	49	63	80	81	84	86	94	95	98	105	105	114	123	123	126	128	153	170	193	198	226	237	246	
0	8	18	27	35	42	46	60	75	84	91	102	112	123	127	136	143	149	157	160	161	173	175	175	197	198	203	209	228	252	
7	23	25	37	47	48	53	58	105	107	109	115	121	143	160	176	207	207	208	218	219	222	
2	3	15	19	25	28	39	63	69	77	79	84	100	102	103	112	115	151	156	163	179	181	181	183	190	191	200	207	209	246	248	
3	4	23	26	37	38	48	128	131	134	134	135	138	144	150	154	157	167	196	198	204	216	219	226	231	253	
17	29	36	38	62	76	83	98	100	100	107	113	114	120	138	138	141	143	152	158	169	178	184	223	224	239	246	249	
21	37	59	72	82	98	101	104	114	119	121	128	143	147	148	179	187	195	197	198	204	205	216	217	223	227	229	252	
10	14	35	51	58	61	63	79	90	131	134	140	143	144	145	150	156	162	174	177	179	182	199	200	245	245	
16	30	34	36	43	43	45	63	66	71	84	89	118	133	155	164	168	168	169	170	171	182	194	209	215	224	249	
48	54	62	70	73	88	88	92	101	116	121	128	141	152	168	180	187	191	192	198	199	243	
1	57	64	70	76	94	99	117	119	144	150	164	192	193	195	202	205	207	229	230	245	249	
19	43	50	76	82	92	97	107	142	151	160	168	171	172	179	183	187	188	193	223	225	232	255	
13	25	41	61	62	65	76	83	83	88	90	93	120	130	138	140	161	165	168	196	197	201	204	205	210	213	224	242	
0	2	9	34	41	55	74	82	86	103	108	140	172	173	174	177	179	181	187	200	210	229	231	238	
9	27	28	53	59	71	86	123	137	143	171	182	216	229	243	251	253	253	
8	12	41	62	70	80	81	83	94	98	115	125	135	163	164	169	196	204	226	239	240	253	
27	31	47	63	69	93	97	107	114	114	123	131	144	147	157	167	189	195	196	207	207	211	211	244	249	
1	12	40	41	51	72	73	75	83	83	84	88	89	90	94	101	108	134	151	152	188	189	199	249	251	
5	23	28	57	61	66	97	97	97	105	118	126	126	141	154	162	171	179	182	198	201	201	202	205	209	214	218	227	236	243	248	253	
4	6	10	11	19	32	39	48	51	56	66	118	153	173	173	195	218	231	231	232	
20	23	26	37	72	78	84	96	109	114	127	130	148	153	155	163	167	172	177	181	189	190	195	197	211	233	243	
1	3	23	34	39	64	115	124	125	131	134	149	152	170	179	210	220	
7	9	10	14	22	49	57	58	63	67	70	73	79	96	103	106	111	123	144	154	163	166	175	201	210	223	231	245	249	
10	16	17	32	35	68	72	75	76	77	85	86	90	99	108	112	125	137	138	161	178	189	194	219	228	232	232	235	239	240	254	255	
0	9	10	15	24	29	36	41	67	70	82	115	119	122	139	140	147	166	187	210	216	245	254	
3	5	18	29	64	68	69	70	82	99	104	116	137	138	141	147	162	169	173	177	183	186	203	209	225	232	235	250	
6	14	18	21	23	32	69	74	109	120	139	144	145	157	163	172	185	220	248	252	
4	23	31	37	41	58	70	81	98	116	132	136	142	144	157	161	162	183	192	202	217	221	225	229	237	240	252	254	
5	10	18	31	33	43	54	57	63	78	81	82	113	118	119	137	142	148	154	155	162	163	180	205	205	210	214	220	228	237	
45	77	92	92	95	98	98	138	165	178	179	201	209	220	241	
42	52	57	61	76	96	100	113	118	150	206	207	219	252	
8	26	52	52	61	65	66	80	84	85	102	116	121	121	128	135	138	145	147	166	174	177	184	199	211	240	
6	21	28	44	46	52	53	58	60	65	74	76	79	80	82	82	84	87	94	121	121	135	149	155	161	165	198	198	211	212	214	220	221	223	
9	19	22	26	34	37	41	49	71	79	83	87	110	112	116	124	134	136	136	139	146	203	210	212	
2	13	27	30	38	41	58	59	79	88	92	108	111	111	121	129	137	148	176	177	181	182	190	195	198	201	203	211	222	223	232	
10	14	30	35	37	86	94	95	97	100	120	140	161	165	177	195	222	227	237	238	246	
4	6	8	24	24	32	46	47	68	77	89	90	114	119	143	154	156	158	191	201	214	217	230	240	248	250	250	
1	18	20	31	31	45	49	70	81	84	91	106	117	133	135	156	169	176	216	244	247	
34	37	66	68	81	92	95	96	110	122	148	153	160	197	209	219	221	
0	6	12	14	37	41	52	53	60	72	86	135	135	143	152	153	156	158	160	169	182	191	200	209	210	232	242	
6	25	32	49	65	67	67	76	80	88	104	105	106	107	117	118	142	157	158	161	164	176	189	211	221	
6	15	33	36	40	45	58	58	72	77	87	93	110	119	120	121	124	135	139	151	164	168	172	178	192	217	224	225	229	248	249	
5	13	17	21	59	68	72	74	110	117	118	133	140	141	149	155	162	180	180	183	187	188	196	204	206	208	236	253	
8	13	18	34	44	47	60	105	111	160	161	166	184	191	210	217	235	244	
11	34	48	71	77	90	120	140	173	173	182	186	190	205	208	219	239	241	242	
18	27	32	34	38	54	64	73	88	100	105	127	132	144	157	166	177	179	190	192	199	216	221	224	232	232	240	244	
6	30	88	94	108	131	136	146	151	161	164	173	177	204	208	
18	19	55	65	69	90	107	132	145	148	149	160	168	175	188	218	219	223	227	228	233	244	250	251	255	
2	6	7	13	21	21	27	29	30	46	69	71	71	81	84	86	86	94	103	112	130	131	132	138	164	187	188	206	218	220	221	226	228	229	239	240	240	244	246	255	
8	9	19	20	24	27	37	42	62	63	64	67	73	92	93	94	96	110	111	115	123	127	129	166	173	183	187	210	238	246	246	254	254	255	
0	8	9	11	51	117	119	122	131	136	139	172	176	179	186	203	205	207	219	235	240	246	249	251	
4	13	22	27	53	69	75	79	81	81	144	146	155	158	184	190	195	212	226	234	238	
10	20	22	61	64	77	90	101	105	108	111	129	130	134	156	183	188	188	188	226	250	
6	12	25	30	44	51	56	62	67	73	84	132	133	133	138	148	149	154	155	163	192	201	206	208	228	253	253	
2	14	52	66	74	86	89	91	126	156	181	207	220	224	242	248	
9	12	22	38	50	83	93	116	119	140	145	154	158	171	174	196	200	207	220	236	241	242	247	251	255	
74	91	116	125	130	138	147	150	161	163	176	176	181	212	214	222	232	240	242	244	
0	18	20	49	52	53	60	62	67	75	93	93	103	112	128	136	173	175	226	231	249	
1	12	25	39	58	63	85	90	91	104	116	122	130	159	169	176	194	206	206	209	219	220	231	235	235	245	249	252	
7	27	41	60	68	81	93	98	104	108	112	124	137	140	142	163	178	221	224	235	237	240	252	254	
15	49	51	62	68	79	99	107	111	116	124	153	159	169	173	194	209	221	238	240	240	248	252	253	
2	8	11	17	23	25	28	45	56	68	73	111	127	161	174	180	186	193	195	201	216	224	233	234	
1	18	24	25	40	49	55	63	82	95	95	113	135	139	140	141	147	147	154	172	178	179	186	204	209	213	229	242	242	243	244	
2	18	20	23	40	44	47	53	62	62	72	85	104	104	112	116	121	126	133	139	151	159	162	173	173	182	186	187	195	220	237	243	
4	10	15	15	20	35	43	50	60	60	106	108	121	125	131	132	140	154	206	215	219	226	234	239	243	243	249	251	
3	4	9	19	21	46	55	66	73	111	139	143	146	156	167	187	187	205	226	232	243	
13	27	29	36	63	89	92	94	109	113	117	141	144	144	169	181	188	204	215	223	232	239	242	246	255	
10	32	41	42	46	48	54	62	77	109	119	124	127	134	146	167	174	190	198	208	208	214	215	216	221	226	230	230	248	255	
1	3	7	28	32	32	33	38	54	57	78	81	94	115	132	141	142	150	153	162	172	178	180	183	189	190	195	201	202	211	219	225	227	231	238	242	249	251	254	
6	25	37	38	40	55	67	70	101	111	138	150	165	168	197	214	222	
5	36	50	54	54	62	70	75	75	76	78	79	97	102	104	118	129	132	134	168	179	198	206	212	228	238	254	
9	34	34	38	51	57	63	76	78	106	107	122	132	137	144	166	174	183	192	193	196	212	218	228	232	235	252	254	254	
3	10	11	12	53	53	54	108	124	153	166	169	174	184	194	205	217	225	225	226	229	
3	12	30	36	39	42	78	114	118	125	127	143	150	159	160	180	195	206	212	233	238	
1	4	6	28	34	66	70	91	92	109	128	130	132	141	143	144	149	153	159	164	186	204	222	228	236	240	253	
5	15	34	40	40	57	67	69	71	76	90	91	93	93	95	102	110	114	123	124	137	158	164	170	176	178	182	184	188	190	195	196	197	202	211	222	233	235	237	238	239	242	252	255	
14	23	28	33	38	74	85	87	107	125	127	142	146	156	158	192	205	215	221	227	254	
3	4	14	20	37	52	55	73	89	94	94	105	113	117	122	134	157	168	172	176	197	199	201	203	206	223	243	
29	37	59	60	62	70	73	82	98	111	112	122	131	132	135	141	145	146	146	171	177	191	227	227	229	230	
8	17	29	60	74	79	108	110	114	117	133	138	147	153	171	175	182	182	192	199	234	238	240	
21	24	30	31	31	43	105	106	121	146	150	151	151	168	169	176	177	188	190	195	217	237	240	251	
5	17	23	24	26	33	36	38	56	59	63	71	84	85	93	99	101	109	124	125	146	151	173	182	196	206	213	218	230	236	245	
1	2	5	9	35	37	43	44	51	54	63	65	65	73	77	86	114	116	120	123	129	175	176	177	184	190	190	196	198	218	224	235	237	
6	7	14	19	25	26	33	55	59	88	89	102	117	152	171	178	186	205	206	208	218	218	221	228	229	235	249	251	252	
2	17	23	40	59	67	74	76	91	120	137	138	161	163	191	205	209	223	224	225	237	248	252	
0	16	19	30	37	38	39	42	45	54	56	59	69	79	80	83	105	107	112	113	118	119	120	183	205	208	214	228	238	252	
2	26	68	79	80	81	110	112	113	115	122	147	154	160	164	176	183	186	192	202	226	227	
0	4	29	29	32	40	42	56	79	87	99	113	125	140	152	181	199	205	215	218	225	228	230	244	249	252	
31	54	54	76	77	81	92	113	137	149	154	169	170	179	183	200	235	238	246	
28	29	41	45	53	54	61	62	74	75	87	95	95	95	104	105	124	129	130	146	149	176	180	198	206	208	222	225	235	248	
1	11	26	26	47	47	56	77	78	85	101	101	102	105	110	111	117	118	139	148	150	170	178	179	192	207	223	226	227	
9	10	19	43	103	112	120	126	128	143	149	149	151	151	156	163	163	182	197	206	229	236	
9	16	28	33	39	47	57	89	114	130	202	209	216	233	250	255	
3	4	16	19	22	22	23	28	36	37	38	65	75	85	91	94	113	114	121	122	126	148	153	158	165	187	211	212	222	224	225	
8	12	22	24	38	44	62	75	75	77	98	107	114	138	142	160	171	188	192	201	219	223	236	237	255	
5	10	24	30	31	38	44	51	54	57	59	71	71	80	82	91	92	100	100	108	114	129	135	146	165	182	185	192	200	202	205	216	218	225	239	249	252	254	
2	2	5	18	19	27	27	61	65	93	108	109	114	118	134	136	139	145	147	153	161	171	175	192	197	205	222	236	237	239	243	244	248	251	
1	6	12	29	35	40	45	53	73	82	84	92	93	109	110	123	126	137	139	141	148	155	164	182	197	216	229	249	253	
10	13	13	19	31	33	35	49	54	60	61	78	82	98	99	104	108	114	128	140	147	149	163	181	189	201	204	217	241	252	
12	17	58	70	74	106	118	150	158	160	162	163	175	180	182	192	193	205	209	215	224	249	
16	26	33	54	56	66	85	91	103	114	119	137	141	143	151	187	194	206	211	218	224	230	238	238	239	
23	38	46	52	61	63	63	65	125	132	134	136	138	148	153	155	158	170	170	173	184	190	212	230	231	254	
0	33	55	57	76	76	84	84	103	133	159	164	187	202	203	205	212	215	233	238	239	241	241	244	
15	15	16	19	20	33	38	40	46	47	60	72	74	85	90	106	116	119	123	136	140	149	156	162	166	166	174	178	180	181	216	217	223	233	237	
0	7	12	13	16	36	68	75	82	82	111	115	129	135	143	150	167	168	172	174	175	182	184	191	219	219	222	232	235	236	239	239	248	250	
3	21	26	28	29	36	64	64	69	71	72	76	79	85	97	108	109	145	164	165	169	183	200	203	224	230	
32	60	66	71	82	82	88	131	132	142	152	169	188	208	225	
8	9	12	23	25	26	29	42	56	59	81	123	126	133	134	136	138	139	149	159	159	169	186	188	192	197	211	213	216	220	220	237	250	255	
2	15	16	28	34	36	63	72	76	86	92	104	117	118	133	143	149	166	177	185	195	201	203	211	211	214	214	223	223	224	241	255	
40	45	58	60	64	75	85	89	118	120	124	128	145	154	171	171	176	188	192	197	215	243	247	247	
0	14	17	47	61	70	74	78	79	100	112	126	148	151	162	181	183	217	238	249	
10	34	39	44	56	59	75	84	93	107	109	109	115	124	138	148	155	160	176	179	184	193	212	225	232	
0	2	6	9	22	33	43	45	66	68	83	110	124	127	139	152	156	214	217	224	227	230	240	243	246	253	
6	20	22	39	45	52	78	100	101	113	113	119	125	155	156	157	165	176	193	199	222	226	
20	81	99	110	112	128	130	135	139	144	146	162	175	182	185	195	196	209	219	220	226	237	238	242	255	255	
4	9	14	20	22	23	51	72	74	80	87	99	111	123	139	142	171	174	185	187	204	212	220	221	231	237	253	
2	7	53	79	84	89	121	126	158	159	169	189	234	244	254	
10	15	26	33	35	39	48	52	56	72	95	107	154	173	178	178	179	186	187	195	234	
3	14	27	40	47	61	61	63	85	100	107	133	133	136	143	158	158	170	174	179	199	202	206	210	223	231	241	
4	25	40	50	56	64	75	82	85	85	99	107	109	117	133	159	179	185	189	214	229	240	241	246	250	250	
2	12	14	27	35	44	45	51	67	79	81	114	117	124	134	137	142	170	175	193	202	203	210	223	226	227	
5	19	41	45	54	71	88	91	95	97	108	112	134	134	143	145	154	173	183	186	193	202	230	239	245	245	
2	4	10	16	23	49	60	85	85	89	94	106	108	109	115	120	125	132	133	135	151	155	179	179	200	209	211	211	221	221	222	224	
23	48	62	81	89	90	90	93	94	100	109	128	128	130	150	153	164	168	176	176	185	192	198	208	227	
8	11	21	24	29	45	47	48	66	79	91	91	94	100	104	105	114	130	134	145	176	195	201	211	236	241	245	
10	14	24	27	30	35	41	50	60	71	90	102	120	165	170	170	191	198	212	213	221	231	247	251	
9	13	21	33	43	55	66	70	86	91	110	116	121	124	129	141	177	181	216	228	245	246	247	
6	29	30	64	69	85	87	91	97	114	115	116	118	127	127	132	150	167	171	175	180	181	184	194	197	217	219	219	229	247	248	
7	26	37	51	51	51	52	57	67	76	79	83	83	83	84	87	88	116	129	145	147	166	170	199	216	217	232	255	
7	12	35	36	41	55	62	65	83	87	107	107	112	122	131	135	139	150	150	155	155	174	175	186	187	190	245	
