7	10	20	33	41	59	67	70	75	79	96	96	97	108	111	132	136	152	170	171	173	192	198	203	211	211	215	222	230	231	253	268	273	276	278	287	290	300	314	315	318	344	349	352	352	353	359	364	372	372	392	394	
4	18	19	21	29	53	55	65	66	70	72	102	110	137	138	139	140	156	156	173	177	188	188	204	207	208	222	235	235	241	250	258	304	327	338	349	350	353	356	363	363	380	
13	13	28	39	53	59	65	65	77	85	108	118	126	204	222	241	252	258	262	288	289	311	326	329	337	339	346	349	350	357	359	365	372	375	383	391	
9	23	34	55	58	66	81	82	91	95	96	108	117	117	117	125	140	142	146	169	172	180	188	188	191	192	208	218	233	238	238	244	250	281	289	304	305	313	315	320	324	338	354	360	371	374	
6	9	11	20	64	96	119	123	131	134	140	159	175	192	199	207	220	223	229	234	245	262	300	322	326	340	346	364	
40	42	45	53	56	65	69	83	97	99	126	129	129	130	143	176	176	177	179	191	209	219	241	269	277	280	281	326	360	374	375	378	380	390	392	393	
1	14	21	37	54	68	94	97	103	104	104	109	110	114	115	139	147	149	159	210	217	231	232	237	245	269	271	286	286	289	296	309	314	322	324	336	372	373	373	378	
16	19	20	34	46	48	50	55	58	58	59	59	79	115	116	131	143	148	150	169	176	183	194	215	220	220	239	243	251	252	254	281	295	296	296	308	327	329	334	346	353	359	359	369	372	376	382	399	
13	16	43	52	57	67	90	104	104	111	127	131	151	152	157	165	205	208	220	224	231	233	244	252	255	257	261	271	271	273	277	303	332	333	341	342	344	384	386	387	389	
10	11	12	16	17	44	48	64	84	85	87	96	101	102	105	113	124	133	135	157	168	176	184	184	196	216	234	252	264	269	285	291	294	295	305	332	345	358	365	368	369	379	381	
12	14	20	21	70	86	87	89	89	109	109	111	111	121	163	206	224	232	259	278	279	281	312	330	333	341	360	380	384	395	399	
10	20	21	39	41	52	65	75	84	94	128	136	150	156	159	191	222	243	253	255	290	294	301	306	310	316	321	329	335	338	339	344	354	363	380	380	395	
2	7	18	25	32	33	39	45	52	61	76	77	78	103	144	153	156	201	205	205	208	215	216	228	233	233	240	241	249	263	286	301	308	308	316	331	338	345	346	359	362	367	368	381	381	387	392	
0	16	18	24	40	40	43	46	52	59	66	68	134	141	161	163	169	185	185	188	202	207	218	218	219	221	223	230	230	261	264	274	282	284	295	322	329	338	344	345	346	355	369	374	391	394	
12	33	34	50	51	91	95	98	108	119	128	147	149	159	163	182	186	202	213	221	233	244	244	245	254	272	273	282	283	293	312	329	335	338	338	340	341	356	363	367	370	375	376	395	
19	24	27	28	35	48	51	58	76	87	91	102	114	126	127	127	129	130	140	142	154	161	162	163	169	178	193	196	213	216	227	243	253	256	257	273	282	284	299	301	314	317	335	355	359	359	376	383	385	397	
3	8	18	18	20	28	37	51	62	79	80	91	103	103	104	128	139	148	149	162	181	184	189	192	204	213	224	230	236	236	249	269	276	281	293	298	303	320	324	325	327	332	349	354	356	356	363	369	395	
0	24	25	30	39	45	45	52	53	59	59	63	68	96	105	106	108	112	119	126	140	144	181	182	187	191	197	211	217	234	261	279	290	307	321	322	324	325	338	356	366	
1	22	27	36	51	90	93	102	111	114	118	135	164	175	210	217	240	246	247	248	254	258	259	264	275	284	287	291	291	296	296	309	311	313	318	325	327	331	346	350	355	373	385	388	392	393	396	
0	13	14	35	35	38	48	55	57	70	98	103	113	121	132	140	147	150	177	206	246	254	258	272	285	295	301	303	304	313	324	324	335	354	354	358	361	376	382	396	
0	40	66	68	70	78	135	139	142	148	154	190	216	235	237	237	240	286	288	304	313	319	320	329	329	333	334	351	381	388	397	
6	55	76	77	78	118	131	133	163	167	182	195	195	210	215	224	225	238	242	265	282	284	287	292	307	310	343	345	356	359	361	366	369	383	384	389	389	392	399	
2	15	33	39	74	98	103	125	130	131	139	153	173	175	192	196	197	207	211	227	232	244	248	263	283	285	287	303	304	305	316	330	338	343	346	351	358	362	367	371	371	396	397	
8	11	31	47	54	64	86	89	140	145	155	159	174	196	212	213	237	241	249	252	258	259	265	276	279	296	300	310	312	313	317	328	331	333	335	344	350	363	368	381	382	383	386	387	388	397	
31	55	57	62	83	88	90	119	134	151	160	161	164	167	170	202	204	205	240	244	275	280	285	290	295	315	318	320	325	341	341	342	344	347	358	360	367	372	377	380	385	
14	19	24	27	42	44	45	49	49	54	57	58	60	64	81	83	92	141	156	171	178	181	210	212	227	235	247	253	261	270	281	296	329	335	348	353	355	359	377	381	386	
13	20	23	39	50	53	56	70	83	103	104	108	116	118	118	121	123	126	148	149	150	152	155	165	193	205	229	234	243	244	247	260	267	283	289	296	302	304	313	321	325	330	343	347	349	382	383	395	395	
4	13	15	20	29	32	37	38	45	57	57	61	74	84	106	110	133	137	140	164	174	176	187	201	206	214	220	233	235	239	265	271	284	296	317	319	320	324	334	346	366	369	371	378	383	386	388	389	392	396	399	
6	8	20	21	23	27	43	47	64	82	88	93	95	101	106	116	117	126	135	155	162	169	179	184	184	188	200	203	204	209	223	266	276	292	298	329	332	335	340	381	388	395	399	
9	23	35	38	65	67	88	94	107	118	127	141	145	159	165	171	186	248	253	270	273	273	292	298	300	323	341	365	387	397	398	
1	11	14	24	46	47	52	62	64	65	76	78	86	87	92	101	116	117	127	136	150	151	152	162	163	163	166	176	176	190	197	207	208	218	245	245	251	265	290	310	338	343	347	349	367	375	379	385	389	
0	6	11	19	20	24	90	96	100	106	109	147	161	164	198	216	232	282	308	313	314	337	342	353	367	368	371	387	
14	66	69	70	74	74	76	81	89	92	111	124	134	149	186	207	223	230	238	244	247	247	269	270	292	298	312	319	324	333	347	351	363	366	378	379	394	
8	11	12	45	46	56	66	67	69	69	104	110	123	129	130	140	143	152	168	171	186	190	190	198	198	231	255	277	286	302	303	333	336	337	369	373	380	387	398	
9	14	17	22	26	29	31	38	62	63	66	73	76	80	83	85	85	95	103	109	118	143	144	149	155	189	193	195	213	218	219	247	250	280	283	284	306	312	318	320	343	346	369	375	391	399	
18	19	25	31	37	43	70	81	85	87	94	118	125	141	141	159	161	192	203	216	223	247	262	288	310	331	331	337	344	362	363	375	379	
7	18	50	63	106	122	138	158	182	194	201	222	232	233	249	257	262	280	300	306	316	327	351	354	368	380	396	
1	25	50	56	68	71	100	109	109	125	149	151	158	174	188	189	191	195	200	205	206	209	230	240	254	260	267	287	291	298	322	334	343	353	372	381	395	
18	32	44	77	84	88	96	104	107	112	116	150	153	163	169	170	171	173	175	176	189	193	208	209	215	220	228	230	259	263	276	280	291	316	320	327	345	345	349	356	361	363	365	365	365	383	387	390	396	
13	15	26	35	36	37	40	47	51	65	70	75	75	81	86	91	100	105	145	167	190	224	244	256	272	274	278	284	290	300	301	302	308	322	335	342	348	353	359	362	364	368	379	392	
0	6	19	24	27	42	75	75	80	84	90	104	107	111	120	121	128	143	157	182	190	198	213	217	230	243	244	257	271	277	285	300	304	309	311	322	332	333	349	362	371	379	380	392	396	396	
6	16	32	54	63	71	82	118	129	133	134	154	161	171	173	178	199	213	230	230	232	251	256	275	279	283	295	319	321	331	342	349	358	358	360	362	365	375	376	377	377	381	
11	28	76	79	92	96	98	115	122	130	134	145	154	167	169	183	184	191	219	237	238	244	247	258	286	289	289	317	339	348	349	350	361	370	374	375	
13	27	41	48	52	62	72	85	89	105	108	123	126	140	143	155	160	190	197	217	219	248	252	255	264	266	293	298	306	307	311	321	325	352	355	387	398	
10	30	43	74	82	87	99	99	101	111	116	129	143	155	172	181	184	193	197	208	221	223	269	277	284	286	297	303	303	305	315	316	320	322	323	338	343	344	344	354	365	393	
7	15	33	46	46	51	61	62	67	78	82	87	87	89	102	115	116	119	126	141	148	150	152	157	162	166	183	183	186	187	187	196	200	207	210	219	231	233	238	241	260	262	272	276	280	282	295	302	311	314	325	333	334	345	350	353	353	366	369	371	383	389	394	395	
39	42	57	61	65	66	70	71	85	99	100	111	114	147	159	167	175	208	211	211	213	218	220	231	240	248	253	255	265	287	333	368	
14	30	38	39	48	50	58	63	67	74	75	87	108	110	116	119	130	133	136	143	157	162	168	180	182	209	219	268	270	276	279	284	289	297	300	301	302	335	345	356	363	373	390	398	399	
4	24	25	30	33	38	53	73	75	83	103	112	116	127	128	129	155	164	184	186	195	195	196	216	222	239	254	268	269	278	295	312	315	322	346	347	359	361	378	381	389	390	396	
3	3	37	68	87	95	95	121	145	152	168	177	179	205	218	218	219	223	237	243	284	330	331	340	343	352	358	365	387	389	395	
0	4	10	10	11	16	18	28	34	40	56	62	67	69	69	73	96	121	122	130	132	134	139	142	160	163	167	204	218	228	243	250	252	256	263	263	310	310	314	319	340	342	343	345	348	353	353	360	364	369	372	378	381	388	
1	8	15	16	20	21	27	30	36	38	45	62	84	86	101	112	134	134	140	142	157	188	198	203	212	217	220	230	237	238	243	247	248	263	277	289	294	302	327	340	344	374	376	389	391	392	
5	5	20	22	46	54	59	65	68	73	76	76	81	123	124	132	146	165	174	194	201	209	209	210	214	218	225	271	273	288	306	325	350	360	370	373	397	
1	23	24	34	43	60	72	73	101	104	120	123	134	150	151	185	189	193	203	213	241	251	273	276	279	312	321	335	347	360	364	384	387	388	394	
27	31	46	50	64	66	68	84	106	114	116	118	118	122	124	135	138	139	156	162	165	179	183	189	190	199	209	214	224	236	247	256	260	266	271	278	285	307	315	317	326	328	330	332	352	355	357	371	373	374	384	395	
2	10	11	23	24	61	67	88	128	140	143	153	158	161	168	178	244	257	273	300	334	334	336	345	358	367	370	373	374	380	382	390	396	
15	30	36	61	66	80	83	89	116	126	141	149	161	164	174	187	200	200	201	202	207	223	230	240	241	258	262	265	270	282	284	284	294	298	317	328	333	339	351	354	369	374	377	391	399	
5	14	19	19	23	52	75	98	125	167	167	171	175	220	236	241	257	279	281	300	309	316	317	336	336	339	348	349	353	360	372	376	379	389	392	397	
9	13	34	41	50	55	61	62	73	73	115	123	128	138	143	152	155	161	173	182	185	201	202	207	221	235	237	256	265	268	271	310	310	313	323	348	361	363	365	369	394	
23	36	41	43	56	61	63	76	79	103	108	131	159	168	172	184	191	195	212	222	231	242	249	253	259	272	289	335	338	355	360	363	398	399	
26	26	41	42	50	54	76	105	106	110	125	125	130	139	166	177	180	189	189	209	228	235	267	278	279	282	289	296	300	313	344	360	379	380	385	
2	11	27	29	37	39	44	44	54	55	76	93	96	111	112	116	123	132	147	148	182	197	205	215	229	252	269	277	289	302	307	312	328	338	364	368	374	378	380	381	386	399	
7	17	20	54	64	68	83	84	113	119	120	130	132	147	152	153	163	186	189	195	203	206	219	253	293	294	305	313	324	325	335	359	360	361	361	373	380	383	387	396	396	
3	4	6	13	57	67	90	102	105	133	136	144	164	165	174	181	187	203	209	213	225	226	227	233	245	259	265	268	275	284	292	299	309	311	313	315	343	348	352	357	358	359	360	364	364	391	393	
13	18	18	72	80	81	83	100	117	147	178	183	193	199	208	215	218	254	259	260	261	264	266	269	288	319	322	329	333	337	342	360	379	398	399	
12	21	33	41	45	54	59	89	90	98	110	116	121	128	185	198	205	207	215	261	282	315	322	341	344	348	380	386	390	391	392	
12	13	30	31	71	77	84	88	102	107	110	127	130	130	133	151	155	166	187	226	232	242	264	269	281	282	288	289	292	301	305	314	323	327	330	333	336	342	345	366	368	373	379	380	385	393	
4	10	16	23	27	28	32	40	54	73	89	92	131	140	160	170	175	176	189	190	191	197	200	206	214	228	280	303	312	314	317	321	324	334	341	371	384	393	
5	32	32	37	73	98	99	111	120	123	129	141	158	159	192	194	197	202	224	227	227	231	231	251	256	281	292	314	330	338	341	342	352	361	368	375	378	386	388	390	393	395	
14	33	46	59	87	93	94	108	131	138	162	167	173	179	188	193	230	256	266	275	276	285	287	297	297	313	317	322	323	330	332	336	344	361	363	372	374	390	
0	12	18	29	34	37	40	48	56	60	60	63	64	68	74	88	105	119	131	148	160	165	171	185	202	212	214	221	225	227	233	242	247	249	251	258	261	274	281	286	303	321	359	366	375	382	394	397	
40	66	82	88	97	97	102	108	115	116	130	158	163	174	199	205	219	223	229	233	255	262	264	267	273	280	285	291	306	309	310	312	324	328	331	339	339	341	342	346	356	357	358	359	364	370	380	381	393	
20	36	37	47	60	67	95	98	121	123	133	150	154	173	179	202	205	206	210	215	217	222	223	230	231	234	245	248	257	259	262	272	310	313	320	328	331	347	352	352	369	379	390	397	
11	21	30	38	41	46	49	54	59	68	80	86	90	117	122	125	125	129	136	138	145	164	173	191	202	226	226	253	256	271	273	294	297	315	324	339	350	352	355	371	371	390	395	
12	12	15	48	58	82	84	93	95	125	135	139	143	168	178	201	214	222	224	224	232	240	244	255	261	263	266	267	267	272	275	281	287	290	304	309	328	334	337	347	356	359	370	375	378	382	382	397	
1	17	30	44	70	105	128	129	160	166	171	173	180	183	184	191	198	204	232	234	238	257	259	259	261	268	268	269	270	279	291	316	329	329	333	337	354	362	368	398	
8	11	23	31	38	44	56	69	71	81	82	149	156	159	178	188	200	203	210	214	220	229	247	248	256	262	281	285	299	304	317	339	340	345	348	362	363	366	367	379	
2	11	15	22	27	29	36	53	66	68	69	79	86	93	99	129	132	142	147	173	175	180	185	195	195	197	209	212	214	228	228	234	238	246	264	266	288	293	308	321	324	356	370	387	396	
0	5	6	9	13	13	23	30	40	86	86	103	107	127	129	146	148	149	153	155	157	159	160	167	168	174	179	180	182	194	196	202	206	206	229	233	245	246	254	260	266	286	287	290	290	293	299	300	309	318	329	341	352	353	359	370	372	376	379	381	388	392	
15	24	31	43	50	58	130	162	187	207	225	235	246	250	254	261	262	265	277	285	290	290	297	316	334	348	355	359	369	372	374	375	379	385	397	399	
7	34	47	55	61	63	64	84	85	101	118	134	137	143	160	164	164	170	174	194	204	207	210	211	214	223	229	242	243	245	249	263	265	266	267	283	336	341	351	363	382	387	
8	17	49	51	56	69	71	107	113	115	118	141	141	150	155	159	185	210	222	225	231	235	240	246	267	285	340	347	350	354	356	356	359	384	389	394	394	398	
2	4	7	12	16	24	36	36	37	51	118	132	136	137	143	145	148	159	159	163	166	168	177	180	185	191	201	231	240	240	261	262	264	264	271	302	314	343	347	350	353	358	373	393	397	
13	26	26	28	44	51	61	69	70	75	76	81	96	121	141	141	142	156	174	177	181	183	187	207	227	253	277	319	319	345	346	367	
19	47	59	60	72	93	110	118	133	147	156	161	165	169	170	177	180	201	204	232	243	266	273	277	287	297	320	323	325	334	339	339	341	357	367	377	378	391	393	399	
2	5	10	10	17	26	28	37	53	60	60	91	101	106	112	119	120	126	127	145	145	148	153	160	160	169	178	178	192	203	221	225	225	253	274	274	277	281	293	294	295	297	298	306	314	319	323	328	331	331	337	347	380	382	
6	24	25	34	50	78	79	80	93	97	128	133	141	145	153	170	170	182	189	198	212	213	219	223	225	256	258	265	266	281	301	315	325	325	328	333	361	380	382	389	398	
18	18	28	60	82	84	95	95	97	99	104	116	121	127	135	138	139	140	171	174	178	202	203	217	238	256	260	263	267	269	275	279	281	284	286	286	303	306	315	323	338	348	348	362	366	375	392	
13	16	23	48	58	59	62	89	115	121	124	125	125	128	131	135	135	136	140	147	154	161	163	163	203	217	232	250	254	259	266	274	286	296	303	310	311	318	349	358	399	
15	21	32	42	45	46	48	50	59	80	82	96	108	112	113	144	154	194	206	222	231	248	252	289	316	318	320	321	354	354	360	362	368	379	385	394	398	
2	16	23	32	34	44	50	63	72	77	80	87	92	96	106	139	145	154	164	168	170	177	191	192	201	204	219	227	228	228	228	232	234	236	244	246	252	253	262	270	295	297	305	312	319	337	343	344	347	368	369	369	395	
21	22	31	44	60	60	66	79	92	98	105	113	115	122	122	124	127	131	135	153	200	209	235	242	246	247	264	277	294	307	316	327	358	370	371	384	398	398	
5	13	16	16	17	30	40	42	43	56	59	99	109	120	126	129	130	134	137	140	177	177	180	208	214	216	220	221	224	229	257	264	276	281	290	300	302	317	353	355	369	371	391	
7	17	18	53	54	64	71	76	94	98	101	106	126	135	148	165	176	180	189	189	214	221	236	251	277	283	287	293	296	300	301	321	331	339	340	344	348	349	351	354	358	366	375	382	383	385	399	
4	11	22	22	25	27	27	28	32	32	41	45	65	66	67	76	79	103	110	120	139	150	159	194	194	194	197	206	218	228	232	239	246	255	266	311	311	312	315	319	325	326	330	331	334	342	343	344	355	356	358	365	371	387	395	
13	13	33	36	54	72	83	99	104	104	113	113	116	136	154	166	177	210	228	244	244	256	256	261	265	272	286	288	293	294	300	304	312	326	331	335	340	348	361	371	381	386	394	
6	8	15	25	25	26	30	31	33	38	53	64	71	91	95	105	115	130	137	143	146	156	163	165	165	175	178	186	188	200	246	249	256	270	275	280	296	308	309	335	339	356	377	397	
10	15	15	22	39	72	96	103	107	117	117	147	154	164	166	169	174	184	194	201	233	237	237	242	252	260	278	293	298	319	330	334	350	398	
15	17	23	37	37	59	62	79	111	111	116	136	142	145	165	173	195	221	242	250	255	259	276	278	279	284	286	296	303	318	323	330	332	339	346	348	350	358	367	380	394	
18	18	34	42	45	48	49	49	63	70	72	83	247	257	277	283	290	301	303	308	321	322	323	332	343	344	345	346	348	350	352	353	353	359	366	380	382	384	387	387	390	390	391	397	399	
1	2	7	9	14	48	53	56	79	86	114	116	120	128	129	134	163	171	181	198	199	223	231	231	235	261	291	293	305	313	314	338	340	341	341	349	355	357	367	370	379	380	380	396	
2	36	45	45	69	71	112	113	135	136	139	143	145	148	152	166	188	195	196	231	257	265	265	289	292	302	311	315	322	322	340	340	350	352	353	354	366	371	371	390	396	
12	19	29	47	49	61	64	65	67	74	85	93	95	108	112	121	136	152	161	168	177	177	180	183	188	209	216	216	237	250	251	253	271	281	284	309	320	323	325	326	329	332	336	338	354	355	361	362	368	382	
6	26	28	33	43	47	51	52	78	86	102	113	119	141	147	150	159	182	190	192	205	213	214	219	221	235	237	275	278	285	290	294	313	315	324	331	331	333	362	365	377	378	384	387	
33	43	54	88	90	97	101	112	134	140	143	145	150	166	166	167	171	220	232	258	269	269	283	293	320	326	330	333	343	346	353	376	391	391	398	
0	23	31	39	40	44	48	54	63	77	92	124	133	141	142	182	184	186	211	223	228	245	246	251	255	255	268	295	302	304	306	310	336	365	368	371	390	391	394	395	398	
4	7	10	39	42	57	60	61	70	78	93	94	99	102	108	113	128	128	158	166	182	184	201	204	243	263	264	264	266	291	291	304	308	323	335	355	366	395	399	
0	24	25	46	46	89	99	105	136	145	148	160	161	180	181	196	206	208	223	245	283	290	292	297	298	315	330	344	360	361	371	372	372	385	397	
17	22	26	30	31	33	46	49	56	58	71	76	77	84	92	109	132	134	141	151	158	171	172	174	192	196	206	211	217	244	265	270	280	291	293	299	304	315	315	322	345	354	356	369	374	378	383	387	391	394	395	395	398	
16	16	19	26	28	30	32	42	43	45	73	79	79	81	89	104	121	140	142	146	156	159	187	191	204	234	244	248	254	258	263	276	282	282	295	301	303	335	335	343	364	373	380	388	391	
1	17	45	47	50	52	78	104	107	125	126	129	141	142	158	195	218	268	294	321	336	340	358	373	381	391	393	395	398	399	
0	4	9	12	19	25	37	40	49	51	54	101	105	142	150	161	162	172	183	186	194	197	209	210	227	230	233	239	242	242	250	251	261	275	278	286	301	304	308	320	341	342	346	351	352	352	361	367	375	387	393	
4	4	22	28	36	53	54	64	77	81	82	83	90	91	105	108	128	143	181	185	188	191	212	223	238	240	241	241	266	276	287	301	302	321	326	331	336	337	339	360	376	378	388	395	
1	5	14	75	81	115	121	129	143	161	164	168	172	176	210	214	219	225	231	239	241	262	302	330	336	338	345	345	355	367	376	382	391	
5	35	65	70	75	77	78	84	87	91	102	108	108	111	113	118	130	136	136	158	171	183	185	191	194	201	211	221	229	235	242	249	254	255	257	275	276	277	289	314	327	342	349	371	376	377	378	386	397	
1	3	7	13	19	31	39	41	43	49	54	57	60	64	66	85	94	94	95	97	145	166	184	198	232	235	248	268	269	271	291	294	300	325	325	335	339	341	344	345	347	352	364	365	
29	31	33	43	48	61	84	90	110	112	129	131	145	149	157	163	184	185	191	200	206	207	222	226	244	248	257	265	268	275	293	315	320	332	356	364	371	373	374	386	398	
5	16	17	19	45	48	51	53	57	58	88	92	93	96	122	127	133	138	142	143	154	166	175	195	220	225	232	237	241	241	244	252	260	260	263	267	269	270	271	271	274	275	285	317	321	321	327	334	341	356	362	368	373	379	384	386	391	
0	6	10	25	27	48	55	64	71	79	98	119	136	137	141	144	149	156	158	205	215	217	230	245	246	251	260	302	303	324	331	342	345	359	361	363	363	380	385	385	389	392	394	
9	29	46	49	70	83	84	100	112	113	137	177	179	181	194	202	203	234	245	252	268	268	274	285	288	288	290	294	299	310	325	327	330	336	337	341	347	361	364	364	365	378	379	380	389	398	
15	21	21	48	83	89	93	102	112	155	165	174	186	189	194	216	245	251	259	259	270	288	295	343	353	358	362	377	380	390	
2	7	28	30	72	80	85	85	110	115	130	131	138	146	150	159	175	181	184	187	188	234	236	261	268	288	290	305	308	316	324	329	339	340	350	356	360	367	374	380	381	387	395	
1	7	11	19	25	40	55	70	83	89	90	176	176	180	181	201	204	218	219	225	236	240	247	249	268	272	275	290	297	299	304	309	310	313	320	324	326	327	332	360	361	366	368	374	374	375	377	379	386	387	389	389	390	398	
33	41	57	77	82	91	95	103	117	122	124	126	129	132	142	174	181	185	195	204	222	232	236	249	258	264	266	268	279	294	295	300	305	309	328	341	346	353	384	394	396	396	397	
15	40	46	60	72	102	105	115	115	137	148	172	173	186	209	216	220	232	233	244	253	263	290	292	305	310	348	363	372	375	384	386	387	390	398	
8	9	21	29	30	33	37	54	55	65	69	73	84	87	104	123	123	131	150	166	181	200	224	251	254	262	265	272	274	283	285	320	334	344	345	349	358	359	378	391	394	396	399	
3	24	52	54	69	70	77	87	100	109	109	119	119	121	123	125	128	128	144	145	157	162	171	185	193	196	197	223	224	228	231	245	285	293	297	306	311	312	315	342	344	348	379	380	394	
6	19	27	37	48	71	77	78	106	124	144	144	151	155	161	182	191	197	213	213	224	228	247	247	258	275	286	296	297	300	314	324	328	335	336	344	347	351	378	378	383	386	389	
14	27	27	59	68	74	78	88	113	127	143	146	155	168	173	173	178	182	183	187	198	199	218	220	235	241	242	242	261	268	279	298	304	306	334	343	345	348	350	357	364	373	374	375	384	
28	30	45	55	58	80	93	93	95	97	99	118	120	152	155	160	165	165	168	168	169	193	196	211	215	216	228	232	236	274	302	314	347	350	350	350	365	367	388	
3	8	20	38	40	62	66	70	71	86	90	91	92	94	104	119	124	125	126	132	158	183	188	188	200	228	228	236	251	256	260	273	288	307	311	320	321	334	335	337	351	362	363	363	
12	15	33	33	35	38	44	69	87	102	106	141	145	181	193	198	211	220	241	255	283	284	299	319	357	366	373	375	
12	25	50	55	56	81	107	123	125	139	142	154	170	175	192	203	207	224	227	239	282	282	288	298	310	310	317	323	327	335	337	364	370	372	377	380	381	388	390	394	
15	21	21	24	26	42	42	58	78	79	82	86	94	97	98	108	110	117	129	146	146	166	175	182	187	196	200	201	219	220	227	228	229	234	237	246	249	258	261	280	283	285	289	290	302	313	317	334	337	347	353	356	357	357	357	378	380	383	383	383	
0	2	19	31	56	71	71	79	83	95	97	113	120	123	124	132	132	141	147	165	174	182	190	195	211	224	245	254	275	284	293	295	297	312	323	325	372	379	
0	8	17	17	20	44	48	79	86	88	91	93	111	138	145	152	181	186	190	190	192	205	213	233	233	241	251	253	254	254	281	323	328	331	341	344	364	365	370	374	383	394	
13	28	29	43	47	50	54	81	104	104	106	169	173	176	177	196	208	237	252	259	262	262	265	278	282	284	320	334	354	357	357	360	360	369	381	385	394	396	397	
3	21	22	25	32	37	43	44	47	50	51	58	73	88	95	97	127	129	132	132	134	136	149	151	159	170	170	179	185	204	240	243	244	249	253	260	274	274	274	295	296	297	310	310	319	320	329	335	337	344	350	380	382	384	388	389	390	391	
12	19	35	62	67	88	95	97	115	126	126	158	161	178	188	188	202	215	218	225	243	270	285	307	329	335	349	351	361	366	371	383	390	
10	10	11	19	48	60	62	73	90	96	106	113	126	144	155	161	161	178	179	198	199	210	214	220	224	233	244	248	257	258	266	297	302	307	315	328	356	369	370	371	372	390	396	397	
2	5	10	11	18	26	37	66	74	104	107	137	141	150	162	162	167	167	174	190	217	237	243	244	274	275	283	290	301	313	326	328	384	391	397	
11	14	19	35	40	47	65	73	86	88	94	113	116	120	124	137	169	196	199	213	217	218	228	232	241	262	266	273	278	296	298	301	304	314	319	323	328	329	341	343	357	357	359	363	366	373	384	
2	2	17	29	38	44	63	66	92	97	110	119	152	160	166	171	187	188	190	201	206	207	210	218	219	231	234	245	255	258	264	275	277	288	313	315	319	326	334	363	364	367	377	389	
6	12	16	18	67	82	87	97	99	102	106	125	125	127	139	142	146	158	159	160	166	175	183	189	202	204	214	226	227	231	266	303	307	322	340	345	348	351	351	361	367	382	388	389	389	392	399	
14	40	42	48	51	56	68	80	88	90	102	107	107	119	134	134	165	183	192	193	193	193	204	213	217	217	223	225	229	246	256	260	263	285	306	320	349	357	359	370	384	393	396	398	
3	10	19	20	30	33	43	44	60	65	65	67	68	103	124	126	155	159	160	180	182	187	189	209	226	230	246	247	250	257	259	272	274	304	308	322	324	327	329	335	335	337	339	342	347	381	393	396	
10	14	21	29	38	45	46	58	64	78	85	87	108	151	153	154	173	180	202	205	206	211	232	236	238	252	267	268	272	273	278	303	324	328	349	374	393	396	
11	15	43	44	56	75	87	87	88	94	108	110	113	114	122	139	139	150	157	168	170	172	183	217	225	242	243	244	246	277	289	289	315	323	323	330	332	339	343	351	382	385	395	
1	5	39	42	65	85	102	106	114	117	121	128	132	145	153	154	173	174	194	197	200	201	222	231	239	239	251	267	276	279	280	285	286	287	329	339	342	343	349	361	362	364	366	379	385	389	390	393	
8	9	24	24	24	32	38	56	57	58	63	64	72	77	81	92	98	106	114	115	128	130	135	136	138	141	147	206	207	215	229	235	238	250	262	264	285	287	292	301	316	317	331	342	346	365	368	393	399	
3	3	36	43	44	49	51	75	75	83	101	107	110	112	117	122	130	163	172	206	209	215	221	243	255	268	274	276	284	287	290	298	302	308	313	327	329	339	350	364	387	396	
3	9	11	22	36	36	41	41	50	53	62	63	64	87	105	107	115	128	134	144	183	187	192	203	206	213	215	217	219	223	234	247	251	272	294	297	325	359	377	378	379	389	
2	4	6	47	58	67	68	85	86	91	101	117	121	137	150	168	174	189	201	237	250	253	254	257	258	272	276	278	298	302	318	325	340	341	348	365	370	374	377	381	396	
20	26	31	39	44	66	67	70	75	78	97	125	129	134	138	142	144	150	165	182	209	212	222	223	247	248	250	255	258	271	280	292	302	308	324	328	355	363	367	371	394	
1	13	28	33	45	58	63	80	94	100	111	127	142	199	200	209	215	243	251	260	264	271	272	274	279	279	298	303	309	315	336	356	362	363	367	395	
7	31	51	52	60	62	69	76	77	92	138	163	172	184	194	228	233	235	241	252	263	287	301	318	334	336	343	355	369	378	397	
12	20	25	28	42	50	52	56	60	69	71	74	77	81	85	100	122	133	146	218	228	244	247	250	264	265	289	303	332	340	342	357	370	377	381	392	392	
5	16	18	18	20	29	33	36	37	40	63	71	80	89	90	93	100	101	137	147	151	154	179	202	203	216	218	220	244	249	253	258	260	273	288	292	303	304	327	329	330	330	332	361	372	
20	22	29	31	38	50	71	78	79	86	96	103	119	123	128	145	160	176	196	196	222	233	255	261	278	294	300	311	313	323	323	325	340	342	345	358	
0	10	11	25	38	44	49	69	70	93	120	125	132	132	141	144	145	149	160	163	168	176	182	185	186	207	221	222	229	257	268	274	284	309	310	326	373	374	
49	61	65	67	98	118	123	149	154	165	180	190	197	202	220	226	230	249	267	278	279	280	289	297	313	321	333	337	341	345	352	355	366	368	
8	12	22	24	27	49	58	64	90	92	101	113	116	121	139	144	169	173	179	179	200	207	221	230	238	238	239	245	251	254	258	269	289	293	327	336	338	346	356	379	398	
2	16	29	33	33	49	60	71	105	144	144	151	154	157	157	191	194	199	200	202	212	212	216	225	234	241	248	250	273	283	287	288	318	362	362	363	374	375	382	386	395	398	
2	7	7	9	9	14	27	35	36	46	68	71	80	81	92	97	98	110	131	136	137	148	159	161	171	193	204	209	215	215	242	245	246	249	262	273	277	286	292	308	312	314	329	334	336	338	339	363	370	374	384	
13	31	33	33	48	53	58	71	74	79	80	81	83	106	110	111	122	131	136	137	142	145	151	156	160	167	172	201	205	205	218	226	232	232	234	267	272	272	274	282	300	305	316	325	327	328	332	336	343	352	353	367	367	368	372	384	385	
9	12	25	32	33	42	78	92	114	120	181	208	233	237	239	247	252	282	283	307	332	342	353	359	370	371	383	384	
7	11	47	53	58	63	88	106	110	116	129	144	146	160	165	181	185	192	193	196	201	238	274	275	304	306	325	333	334	340	342	355	358	362	369	376	383	384	385	389	395	
8	41	52	52	53	54	74	82	97	114	120	123	142	143	165	171	174	176	180	230	243	252	267	288	292	293	297	298	299	303	317	347	348	358	364	368	383	391	
3	8	19	32	63	103	111	139	159	163	173	175	177	180	186	186	206	211	250	263	277	283	283	287	306	321	325	330	333	348	349	355	375	384	385	386	393	
24	26	31	39	72	87	105	121	159	165	167	180	186	186	190	194	202	210	210	236	271	292	293	294	333	340	354	357	358	366	370	378	384	390	393	
29	31	40	50	84	87	92	107	120	125	140	147	148	149	150	164	169	173	182	182	186	187	191	196	200	203	211	212	228	238	242	258	260	280	283	299	302	302	305	311	320	328	335	338	359	368	384	
0	7	36	41	56	74	81	112	117	123	137	161	179	188	191	232	234	241	254	257	259	268	269	270	290	293	300	305	317	321	334	336	336	343	348	349	358	377	387	397	
8	23	47	48	49	65	73	82	83	96	98	124	136	144	152	188	190	194	196	208	216	227	250	254	257	261	273	279	291	293	303	304	315	322	327	331	336	336	343	353	372	391	
1	3	16	32	44	78	93	123	137	156	159	164	171	183	184	206	221	234	235	248	250	263	273	277	283	301	315	323	334	349	351	355	377	393	
5	11	24	25	28	28	34	35	55	55	67	69	105	109	123	140	146	157	164	166	167	171	180	183	208	239	251	252	258	272	276	276	277	287	288	290	295	302	318	321	330	332	339	346	348	348	348	363	367	368	370	379	383	384	386	387	391	398	398	
4	7	9	22	48	66	72	74	84	87	98	101	103	108	113	119	126	151	165	171	176	183	195	202	205	223	224	227	235	246	255	267	269	274	279	288	291	299	326	332	349	362	370	376	384	387	388	
15	35	41	41	42	52	77	91	94	100	111	112	114	121	133	144	150	157	158	177	181	193	205	207	216	221	224	228	238	253	256	265	280	284	288	291	308	308	312	315	321	324	331	335	337	337	342	343	385	385	386	390	398	
13	14	28	29	37	50	57	57	72	83	83	90	95	98	105	126	128	136	143	159	168	173	178	186	222	229	260	276	278	280	305	315	324	329	337	348	351	379	383	391	391	
6	26	44	45	61	64	67	76	76	82	95	110	111	130	137	144	169	181	187	192	210	212	231	252	265	278	291	295	308	322	324	325	328	328	333	346	352	353	369	372	377	
9	13	22	42	49	77	126	127	127	134	144	145	155	156	165	193	217	220	236	237	245	259	264	265	274	277	279	306	310	314	346	347	352	365	370	375	377	377	388	
32	33	34	36	37	45	46	66	109	109	109	114	118	120	142	162	184	199	209	211	235	240	274	293	294	320	330	333	339	339	340	352	357	365	365	372	373	374	382	394	
0	1	3	17	50	64	73	85	89	109	121	122	125	137	158	176	184	192	199	220	223	227	233	236	254	259	267	280	289	309	318	331	337	339	341	357	362	376	
14	18	20	43	51	55	78	84	100	110	115	122	124	151	151	159	189	189	196	197	209	211	217	226	245	246	254	279	282	289	292	306	320	348	350	351	383	389	397	
9	16	18	21	27	53	61	63	79	92	95	107	173	184	219	221	231	235	253	255	256	265	288	307	308	326	332	332	335	336	348	358	362	364	365	369	373	378	392	
19	21	23	31	37	45	49	54	66	74	77	80	86	103	103	123	126	146	166	174	203	227	233	238	245	253	262	264	275	284	287	301	314	323	328	342	343	349	349	350	352	355	356	356	368	379	383	383	386	390	
5	9	18	21	33	43	49	101	155	155	161	162	164	164	166	171	175	179	182	184	193	207	216	221	225	235	236	237	239	244	261	264	265	269	279	296	300	324	327	333	337	342	353	353	368	382	394	
14	37	44	77	85	98	102	105	115	152	172	173	176	176	182	196	200	202	203	215	220	238	245	246	250	250	253	277	279	296	308	311	313	325	328	333	347	350	357	357	359	361	367	388	391	393	397	397	
1	3	8	21	33	51	73	92	112	121	129	136	138	143	148	149	160	175	185	195	205	220	222	234	249	276	278	291	299	303	340	345	350	360	372	373	386	395	397	
21	25	59	78	86	90	90	114	114	116	116	122	135	138	140	151	153	155	161	161	197	199	207	211	212	235	247	269	271	298	318	319	321	322	338	359	360	369	377	382	
13	34	44	56	79	79	80	90	94	97	103	104	107	124	129	135	138	149	162	174	174	188	191	214	222	224	229	235	242	243	255	271	291	297	309	337	338	342	344	345	362	362	381	382	396	
6	8	24	38	68	73	85	111	120	123	126	141	142	147	150	151	157	178	181	185	198	209	214	218	223	232	233	260	267	267	275	299	320	328	330	337	375	381	384	387	388	393	393	394	
1	6	15	19	21	21	40	42	47	55	60	76	82	102	125	125	127	150	156	200	223	249	268	272	276	293	311	317	322	329	336	344	348	353	355	355	372	372	385	387	388	391	394	
1	4	5	14	39	43	45	48	51	73	81	93	103	109	125	134	134	136	153	159	161	162	163	168	172	199	213	221	221	249	252	258	261	268	280	285	291	323	337	339	346	356	360	364	375	384	385	387	395	
6	28	36	37	38	39	47	51	58	70	72	84	87	109	130	138	145	157	158	158	164	168	171	184	210	225	225	239	243	253	267	268	273	291	297	306	318	318	321	340	355	355	363	369	381	388	392	
2	4	5	6	11	14	39	52	76	101	107	122	133	135	147	153	154	167	172	175	184	203	219	223	242	245	248	261	266	268	272	272	290	304	322	328	334	354	366	368	370	386	394	394	
21	24	38	41	50	59	64	70	78	79	80	83	87	91	119	128	157	170	172	186	194	197	216	221	226	229	237	263	267	272	276	280	289	294	309	315	321	332	351	361	362	366	368	394	399	399	
1	8	12	22	35	42	47	55	82	89	113	137	138	140	151	157	201	227	235	252	253	263	280	281	282	287	320	321	327	337	340	342	349	350	350	355	378	
5	21	21	38	56	84	110	135	146	161	166	175	187	189	190	207	213	216	283	292	292	334	345	350	357	362	367	368	378	380	381	382	384	386	
0	5	27	30	33	36	36	52	53	65	73	77	94	101	119	132	133	149	160	178	182	183	185	189	190	199	235	236	253	263	264	276	317	319	325	328	328	331	331	338	347	350	351	368	386	394	397	398	
11	25	31	35	51	60	67	67	77	86	96	112	112	132	139	157	163	166	175	210	219	219	224	226	239	254	266	268	275	280	282	282	295	302	302	310	315	315	321	326	329	342	343	348	354	359	361	361	363	364	366	368	377	381	392	
3	28	38	62	71	80	99	127	131	143	153	160	172	174	188	199	201	205	250	259	269	293	309	309	317	322	348	349	359	361	366	372	377	385	389	
3	25	34	35	54	56	57	66	74	86	91	103	105	105	110	117	126	134	173	200	214	217	220	223	229	233	235	240	251	253	254	257	270	272	297	323	339	345	346	358	364	366	372	392	
0	9	9	14	19	20	26	44	62	70	90	98	99	99	111	130	139	170	177	181	185	192	217	272	277	283	297	299	311	315	316	323	336	337	342	347	355	361	369	374	377	385	387	399	
1	10	29	34	46	55	59	73	74	74	95	114	126	132	132	138	143	144	144	161	161	167	175	177	183	192	199	212	219	222	247	248	254	259	266	311	328	330	343	344	348	350	353	370	395	
20	34	58	63	66	71	80	88	105	115	119	130	131	136	149	163	199	220	225	229	234	257	281	292	307	325	366	379	392	396	397	399	
11	12	22	30	45	56	60	62	82	85	91	91	99	106	108	117	117	137	150	154	173	182	189	216	222	237	249	270	275	277	279	297	322	345	349	350	355	370	382	388	390	398	398	
8	22	34	46	47	63	69	72	80	100	109	110	119	119	148	155	156	160	179	189	192	202	218	219	228	245	256	259	267	291	292	307	320	321	326	336	338	342	345	351	353	364	374	379	388	396	397	
22	40	45	48	93	95	102	120	132	134	137	158	164	181	213	228	230	230	232	244	249	249	266	268	283	298	323	324	325	329	329	335	335	338	345	347	356	360	363	376	381	
6	32	61	67	85	85	92	93	114	126	127	132	137	142	148	153	154	165	178	187	191	193	199	222	236	242	243	249	259	261	265	301	301	305	309	314	316	332	333	335	343	346	369	370	
0	3	5	23	46	53	72	74	78	78	80	80	81	100	107	112	119	138	142	143	170	171	179	183	198	200	212	213	220	240	245	257	259	269	283	285	291	306	330	349	351	357	360	380	386	389	
9	18	45	55	57	64	69	73	78	84	100	114	125	135	138	147	167	198	203	227	228	235	236	253	261	311	317	318	321	347	353	370	377	387	392	392	
17	34	35	72	82	95	97	103	107	119	119	134	139	147	148	164	166	175	176	178	179	186	187	219	226	231	234	236	239	245	255	258	259	263	268	270	276	279	280	286	303	307	331	350	357	358	370	373	373	373	377	378	382	383	388	388	
8	21	23	25	34	42	56	61	76	86	90	100	104	111	112	113	114	118	126	127	128	148	152	153	167	199	215	240	248	261	267	287	303	312	319	320	333	341	352	355	375	378	380	383	386	393	399	
4	6	11	16	59	69	75	85	106	125	127	135	146	160	197	208	221	233	234	250	255	257	267	281	305	319	322	330	331	342	343	344	347	357	365	369	385	
8	8	31	36	42	50	53	94	99	101	103	115	138	154	171	195	209	215	225	225	266	272	273	283	286	290	316	323	323	328	332	346	347	357	371	375	382	398	
20	26	45	57	58	58	62	63	73	76	80	91	98	102	108	108	116	134	151	152	162	164	167	179	182	183	206	219	244	257	268	271	273	274	278	302	306	308	322	332	334	354	362	394	
16	20	21	71	79	103	117	120	132	139	141	141	142	169	179	187	197	202	232	248	250	258	260	261	262	263	281	302	312	316	317	329	329	340	342	344	347	347	352	352	388	397	
7	31	53	54	59	60	69	75	79	80	120	120	120	132	136	148	157	171	179	185	188	236	255	259	286	309	313	331	345	351	358	365	382	385	386	
0	22	26	43	53	58	62	76	82	102	111	118	123	135	141	146	149	167	179	198	200	200	201	209	213	238	250	253	256	271	282	282	288	291	296	297	299	307	310	335	339	339	340	355	361	393	396	396	
3	8	10	13	16	20	36	50	73	74	86	100	121	123	131	140	143	144	164	187	226	226	247	267	281	285	293	295	297	314	325	330	332	347	352	354	367	371	371	372	375	376	379	381	
0	8	11	16	19	22	22	27	28	30	32	53	59	63	73	88	89	92	96	112	112	121	141	177	185	208	211	212	215	219	221	231	233	253	254	259	262	264	268	278	281	296	296	304	312	330	333	333	340	348	353	385	395	398	
5	22	24	43	44	58	82	85	98	100	107	119	154	158	164	179	192	195	204	208	219	234	239	239	242	245	249	251	253	261	262	278	292	301	308	312	313	316	386	388	389	
6	10	20	34	47	66	83	105	111	113	122	131	138	139	150	155	162	167	171	187	197	212	217	219	246	251	262	279	343	346	363	365	369	376	378	378	381	393	
10	12	14	14	32	33	50	65	78	99	100	117	124	125	127	137	144	145	150	158	159	170	173	174	176	177	178	178	195	195	214	240	247	251	253	258	307	318	334	344	354	355	376	385	388	391	392	392	
0	12	30	30	43	50	54	57	83	86	91	97	102	108	112	120	124	130	136	139	149	150	158	168	170	181	183	187	191	192	201	222	229	248	250	267	270	276	281	300	308	316	340	342	346	388	391	
7	18	27	36	38	41	42	49	49	53	63	73	79	88	105	109	144	166	180	182	195	213	213	234	242	257	272	273	287	296	299	310	316	326	326	328	332	367	368	371	374	376	394	
52	73	89	92	94	95	97	120	125	128	159	159	162	164	169	189	214	220	221	230	234	236	245	249	255	257	294	298	299	318	324	326	333	338	341	352	360	376	388	389	399	
0	1	2	17	21	42	63	65	72	84	106	129	134	148	153	157	169	171	184	210	216	246	251	274	304	322	356	362	366	373	387	
1	5	31	37	51	62	64	70	81	93	96	100	103	110	115	132	133	138	140	147	149	178	180	183	194	200	201	203	205	214	216	216	229	235	242	246	248	250	266	272	277	280	291	301	303	308	312	319	324	325	327	351	352	354	354	358	366	385	385	385	390	399	
37	47	77	79	87	91	91	93	125	135	147	149	153	182	194	196	196	203	205	212	215	220	242	249	265	270	270	274	274	279	294	306	307	307	320	321	322	367	372	386	
2	19	20	26	33	34	47	48	51	57	64	80	93	109	119	124	127	132	149	150	151	173	183	198	203	203	212	243	256	274	284	288	290	310	327	330	340	343	346	349	359	361	369	369	
1	2	29	72	75	93	114	114	115	119	121	146	154	164	171	171	182	191	204	208	210	227	265	278	321	324	330	331	333	376	382	384	388	397	
0	1	16	44	57	75	76	84	89	94	96	98	108	115	132	135	155	159	164	178	186	187	255	278	283	295	296	306	311	323	339	355	369	
1	3	7	8	11	13	16	21	23	25	26	76	83	87	99	101	109	120	129	162	163	170	173	199	221	238	251	262	262	281	286	299	299	305	312	323	330	334	368	391	394	395	
1	23	34	71	74	83	86	124	157	158	169	175	184	186	186	206	212	226	241	250	251	252	277	277	302	304	309	326	329	334	344	349	357	366	366	378	384	386	389	
18	26	26	36	56	62	75	83	93	97	97	108	119	122	127	133	134	166	166	174	193	193	215	257	270	278	279	280	283	289	291	302	304	306	319	326	329	336	350	353	364	371	383	390	396	
27	42	49	60	78	84	122	134	135	137	143	174	183	204	210	225	238	238	241	255	318	332	334	359	360	371	383	391	392	395	396	
2	15	18	29	38	51	52	52	55	72	73	81	93	97	112	121	126	131	156	168	172	197	218	230	232	235	236	244	254	266	283	284	290	293	310	336	341	356	376	379	386	389	
6	6	13	16	18	20	30	71	71	93	98	104	139	146	150	161	162	167	169	174	178	181	185	205	224	233	240	250	257	274	280	282	286	302	306	308	316	324	335	339	345	360	362	364	
8	16	38	41	44	55	66	85	89	90	102	147	151	166	173	231	243	252	279	280	291	292	301	301	335	351	352	357	361	362	365	365	366	369	382	
0	0	6	12	19	35	40	47	53	56	60	65	68	73	74	93	93	105	108	128	134	141	169	172	175	176	184	192	197	202	206	229	235	257	270	280	281	300	311	314	320	325	326	331	337	342	347	350	354	355	360	377	380	398	
7	9	11	14	27	40	40	72	80	82	86	88	89	94	106	109	117	163	170	182	191	206	211	213	218	225	225	233	247	253	267	283	301	303	306	309	311	319	324	327	335	338	351	357	359	362	367	377	380	395	
6	15	39	52	69	109	111	119	157	160	174	207	212	222	229	230	273	276	286	297	297	300	306	307	321	328	331	337	338	365	371	395	
14	20	21	35	36	46	46	50	57	71	84	88	90	90	94	113	114	129	146	147	181	186	203	218	247	259	282	293	294	299	315	330	332	349	354	370	371	378	383	394	398	
15	23	31	40	51	57	64	69	94	97	110	139	146	148	150	151	166	167	183	190	191	198	199	205	206	206	208	245	246	251	258	267	284	285	320	320	323	331	341	344	355	355	374	375	383	383	388	395	397	
9	17	20	35	37	38	55	67	69	79	109	110	115	116	116	118	145	146	149	151	153	185	210	212	221	246	246	246	246	288	290	306	309	324	350	357	365	368	386	390	
0	9	22	31	38	55	57	66	69	82	84	90	100	113	123	148	150	160	171	192	200	209	217	233	255	269	271	275	275	279	281	297	298	327	334	340	347	349	349	366	372	374	377	387	391	397	
15	19	29	39	55	60	75	82	89	91	99	99	119	120	127	135	138	139	145	172	173	184	209	227	237	237	256	275	290	311	326	332	334	344	354	361	363	363	363	372	389	390	
8	12	13	34	38	51	61	78	93	99	106	124	126	130	145	150	151	151	165	168	183	187	230	273	301	305	327	375	376	379	386	398	
19	21	26	34	51	64	73	92	94	96	102	104	124	126	153	158	168	180	181	182	182	185	186	188	189	193	194	198	204	220	224	228	244	260	264	271	271	272	288	310	312	328	332	337	342	354	356	360	373	373	376	390	391	
5	6	24	26	57	74	82	84	108	114	116	134	139	142	148	165	166	172	175	181	194	208	211	212	212	213	218	231	242	245	270	284	291	294	299	310	311	311	314	314	325	326	340	341	346	346	350	362	364	365	370	373	374	382	387	
0	2	7	15	23	30	39	43	78	91	98	114	128	137	154	170	174	180	180	182	194	197	199	209	222	224	226	227	232	237	240	254	276	280	283	287	292	301	307	326	338	361	369	378	379	379	396	397	399	
27	37	40	83	94	102	106	114	116	120	138	152	160	187	193	198	200	201	202	205	207	225	236	243	257	260	263	264	266	270	290	311	331	336	345	356	367	371	392	394	
3	4	12	13	31	40	45	47	60	68	72	98	99	101	118	120	149	158	177	212	241	241	261	275	291	307	312	321	327	341	348	360	360	362	375	379	381	
1	5	10	29	36	44	46	49	50	52	63	79	83	87	91	100	113	122	127	131	146	153	154	161	169	198	203	229	243	259	271	290	302	302	305	326	333	341	341	346	346	366	370	378	393	394	
3	28	32	36	42	63	66	75	96	100	102	107	115	126	133	135	162	165	173	177	188	196	201	202	224	235	239	252	277	294	297	297	301	313	318	327	330	360	363	376	379	386	396	
1	17	28	29	52	68	81	83	86	91	103	125	128	133	146	152	163	167	177	179	188	188	191	211	220	226	227	234	247	249	268	285	287	300	314	319	330	334	361	363	377	377	388	389	393	
0	6	30	40	47	65	75	82	82	91	91	102	104	109	123	135	147	158	164	165	190	215	229	252	263	264	269	272	293	294	299	328	335	340	351	362	366	374	381	386	388	390	396	
1	9	12	17	29	29	32	44	59	63	68	81	88	105	111	119	132	142	167	172	176	180	189	194	210	223	234	236	239	245	265	288	302	311	311	312	323	324	332	337	338	338	370	378	381	393	
4	5	37	49	53	62	80	82	110	113	143	171	176	222	231	236	237	238	250	283	296	300	306	307	314	334	337	340	356	367	374	381	
0	4	8	9	16	24	32	34	42	49	53	56	65	77	82	82	113	114	121	124	134	140	147	174	204	205	222	239	242	247	258	269	272	287	298	322	324	326	332	333	339	340	353	364	376	380	383	393	393	
33	52	55	61	82	97	105	115	121	135	146	151	154	156	158	171	179	180	191	194	195	197	200	210	217	249	250	284	285	291	305	318	319	326	327	329	341	361	372	377	377	377	392	
4	7	12	30	41	44	48	72	73	89	102	103	104	108	109	118	123	128	138	147	150	152	156	157	168	196	202	204	209	216	222	241	246	258	266	300	307	316	316	321	336	348	354	356	356	364	378	381	381	389	394	
2	16	25	37	48	114	122	122	131	131	142	147	162	163	176	187	191	199	222	225	227	234	243	250	253	258	291	292	293	298	333	343	348	349	351	353	365	370	373	376	376	390	393	
14	15	22	39	41	53	63	70	70	85	102	112	121	122	130	135	136	139	140	140	144	150	156	167	175	185	187	201	255	265	273	289	299	314	321	325	339	343	344	351	358	361	361	364	370	373	383	385	389	397	
3	5	10	15	24	24	32	36	42	52	67	70	71	72	103	107	108	109	144	152	153	155	156	158	169	196	197	212	220	252	284	296	302	305	307	309	324	327	334	362	372	377	393	
10	14	17	48	51	66	70	77	90	100	104	121	123	124	133	134	136	142	146	175	197	202	214	217	226	232	236	242	246	253	256	271	287	292	298	298	325	341	360	364	366	371	376	377	377	384	385	
35	54	63	64	73	77	79	80	101	129	142	147	149	157	169	172	177	184	194	197	212	215	218	235	242	256	282	284	285	291	332	333	337	338	351	352	356	368	373	382	394	
7	17	29	34	36	41	53	67	67	81	107	111	122	144	172	178	178	188	199	215	218	226	248	258	260	287	289	295	296	298	303	305	309	314	319	327	340	350	357	361	363	363	376	386	
9	35	61	64	74	85	86	87	94	104	110	129	137	140	146	150	152	195	209	243	253	256	259	264	267	271	271	272	297	306	313	318	328	357	358	386	395	399	
13	32	48	48	49	74	87	105	115	116	123	137	143	148	151	154	166	168	176	184	198	213	215	216	224	226	246	254	258	277	286	286	308	322	325	332	340	344	357	366	
4	4	8	18	24	24	27	34	36	42	46	54	58	61	108	114	135	140	153	175	179	181	185	202	208	225	228	230	250	251	253	254	286	290	305	336	339	340	341	368	369	376	383	
2	4	23	26	27	29	49	52	57	59	72	72	92	98	99	102	113	121	122	124	128	129	130	139	141	146	161	170	176	187	201	210	212	220	230	233	240	247	257	262	264	269	273	278	278	286	288	289	293	294	295	323	331	336	337	338	338	352	367	382	385	396	
5	26	36	84	88	119	128	133	140	142	143	146	154	181	198	199	207	218	231	252	266	272	296	298	303	317	323	333	356	365	367	367	384	385	392	
14	18	25	53	62	76	133	152	163	190	196	201	202	207	215	238	243	250	262	262	276	283	310	319	326	332	335	344	355	364	393	398	
3	7	16	54	55	66	72	89	92	96	99	110	110	111	112	133	135	139	142	144	163	165	190	194	196	196	221	238	241	256	257	258	258	269	277	280	304	305	312	325	331	350	357	360	365	366	376	390	392	
3	24	35	41	65	73	90	107	124	137	160	181	198	200	201	206	214	238	245	280	282	293	303	330	336	358	370	375	376	384	388	390	392	398	
17	29	35	58	62	68	90	95	100	112	114	127	128	131	133	153	175	186	215	230	234	236	237	251	260	291	301	319	329	329	333	345	354	355	357	365	377	381	391	
23	41	65	72	76	81	89	97	98	102	108	110	158	166	179	181	186	189	198	203	208	214	216	232	248	254	294	305	305	306	307	309	332	336	336	339	343	347	370	372	375	378	389	
0	16	21	22	67	68	76	97	102	107	118	158	161	173	173	186	191	193	200	231	231	274	274	275	299	312	319	340	346	361	367	383	394	
4	58	68	69	85	97	103	106	106	108	113	118	132	158	162	167	170	178	199	200	213	222	242	246	251	251	253	254	254	299	310	323	326	337	341	346	352	356	358	374	376	385	391	
2	8	9	14	17	23	26	49	49	53	75	75	117	121	133	156	183	185	187	189	192	208	211	217	218	221	225	232	233	239	280	283	318	320	320	324	328	333	335	344	354	374	397	399	
22	26	27	39	39	56	59	61	63	64	68	81	84	85	92	101	109	113	114	118	118	119	130	132	152	155	157	162	169	179	179	202	204	220	221	223	229	239	255	273	294	306	315	320	321	321	329	345	345	353	354	372	389	392	
7	7	9	10	17	19	27	46	47	67	72	96	99	129	145	146	155	187	196	198	218	222	228	229	240	264	269	270	271	275	292	316	330	339	362	371	372	375	378	
12	14	23	34	46	57	68	68	114	124	145	148	153	154	162	165	170	177	188	213	222	226	235	238	255	264	266	266	287	287	294	308	308	313	313	313	314	315	320	338	341	346	359	362	382	385	387	393	
46	47	60	62	68	76	82	83	116	124	129	138	144	150	155	156	172	179	212	224	236	247	248	267	268	272	278	291	322	325	326	337	339	341	346	353	367	369	378	
1	19	25	31	53	55	64	89	92	95	119	121	131	145	165	169	180	190	222	224	231	239	241	248	249	257	258	263	282	287	298	306	315	320	326	329	345	346	347	356	365	381	384	390	391	399	
2	3	4	11	27	28	44	54	65	66	70	79	83	128	142	154	161	162	168	182	202	203	240	243	250	252	262	271	280	290	322	323	328	329	330	351	376	380	383	389	390	
35	65	68	76	80	83	89	130	139	164	170	193	216	223	228	229	234	237	263	284	297	301	312	324	334	348	351	351	352	358	375	377	383	
7	9	28	30	35	48	56	78	87	101	107	111	124	154	168	176	181	181	185	207	207	211	213	228	233	238	247	259	274	293	293	317	322	327	330	336	373	388	392	393	
3	5	9	18	31	41	49	54	55	61	62	65	71	101	107	123	141	146	151	156	178	183	185	185	197	240	252	254	255	260	277	310	321	321	324	328	346	347	351	352	365	372	375	382	386	390	398	
27	59	61	70	94	122	137	138	147	166	167	176	191	198	205	205	206	211	211	230	263	273	280	281	281	282	300	318	326	326	327	334	368	375	387	389	
18	30	32	37	46	48	55	75	90	90	94	101	116	124	149	158	163	173	185	219	225	259	275	286	306	325	337	348	373	397	
6	15	62	71	75	76	80	83	84	107	110	110	117	120	124	142	172	189	197	233	238	244	248	249	274	279	284	290	307	307	314	323	328	346	356	363	399	
36	43	61	61	86	88	95	128	131	169	170	184	186	189	189	199	205	208	212	212	250	255	266	285	307	311	316	317	317	332	333	340	345	358	359	367	373	385	390	391	
4	6	15	17	23	23	58	66	77	86	96	99	104	113	127	131	142	152	153	165	174	177	184	185	195	199	200	211	220	223	226	229	231	240	241	273	277	281	285	303	314	316	334	338	344	359	368	371	
26	72	87	89	103	111	126	128	134	147	167	168	168	169	171	173	175	175	178	188	192	206	218	219	227	231	259	262	307	327	335	343	351	368	370	373	379	382	395	397	
1	7	8	9	21	30	53	69	79	83	96	111	111	118	139	142	148	162	163	206	216	225	227	227	242	252	259	269	283	291	299	304	342	347	351	392	
8	19	39	45	46	60	69	72	79	80	84	90	95	106	107	109	127	160	170	171	189	195	200	205	206	215	232	261	263	263	289	299	301	316	321	324	336	354	362	395	
40	46	56	61	66	66	85	86	98	100	100	102	120	167	174	190	195	199	204	220	225	225	237	238	261	262	267	272	305	306	310	312	313	322	342	352	354	357	359	367	373	375	375	383	388	391	
15	32	33	35	48	55	63	69	71	74	78	95	120	122	159	162	169	191	197	197	199	203	214	226	249	281	292	314	314	326	343	351	354	363	374	379	381	392	399	
4	23	35	35	41	44	45	46	56	59	89	90	93	103	104	113	117	136	138	145	166	168	175	188	203	215	221	223	228	280	284	287	322	323	338	349	356	358	372	392	392	
21	36	46	46	54	65	69	72	78	88	105	135	149	154	162	167	177	196	201	210	218	219	238	238	243	248	280	308	320	327	328	332	342	344	349	351	360	364	368	397	
1	3	10	23	34	37	39	41	52	62	69	71	74	85	140	162	163	164	184	229	230	258	270	273	289	293	296	322	332	333	365	369	374	382	384	384	389	398	
1	15	25	38	46	75	108	112	113	117	121	131	138	148	155	158	172	193	204	217	217	225	232	272	277	278	289	301	309	322	331	345	350	351	362	364	367	388	391	396	399	
12	12	15	25	43	60	70	73	86	102	146	169	177	187	192	198	226	255	256	262	295	316	317	318	322	326	347	347	353	369	374	376	394	
17	20	45	51	56	58	78	86	97	110	118	125	136	151	151	154	163	165	178	200	211	224	251	255	270	272	284	295	304	307	313	317	331	331	343	343	354	354	360	373	375	376	387	
6	8	12	29	40	45	47	52	58	60	74	94	119	130	134	137	145	155	172	191	208	215	226	229	291	299	305	317	323	337	338	352	352	355	355	358	364	376	393	397	
10	10	37	52	78	78	94	107	120	139	144	152	154	158	168	204	234	244	254	269	288	307	344	361	371	383	384	386	387	388	399	
19	25	37	47	58	77	101	105	106	107	114	115	116	133	178	200	203	203	209	223	279	284	292	297	314	359	378	380	385	387	396	
10	19	28	75	81	90	91	100	102	104	121	129	133	139	154	155	161	162	183	192	199	203	214	225	246	256	258	267	276	278	300	313	338	351	357	358	367	371	373	376	399	
26	27	27	28	50	54	67	67	68	95	105	116	117	123	137	145	163	172	178	194	217	230	231	240	244	251	252	255	256	259	265	290	297	298	302	304	304	326	327	331	342	358	359	365	371	374	381	
7	11	12	20	45	73	80	104	113	121	135	137	153	160	168	177	183	188	191	229	236	242	243	243	267	284	301	316	320	324	352	357	364	370	373	386	392	396	398	
2	2	47	50	72	72	78	97	117	137	144	162	191	193	194	202	229	267	278	325	326	341	353	354	354	365	366	368	374	379	386	
3	5	6	8	32	32	61	67	71	72	90	99	103	104	105	130	143	168	179	187	195	207	215	216	221	222	224	224	237	240	240	241	249	253	254	260	266	268	271	282	287	300	311	322	328	339	342	351	352	357	360	366	380	382	390	
20	34	38	39	42	43	69	112	118	152	166	172	182	192	192	233	236	240	244	255	263	267	268	278	282	285	291	297	300	309	313	320	327	335	352	364	370	374	384	385	393	393	
8	29	31	39	40	61	69	101	104	128	149	176	191	216	219	233	240	246	274	276	281	283	319	327	327	329	330	330	337	337	349	349	395	399	
26	34	48	55	57	77	94	101	106	115	141	142	150	169	203	209	211	213	218	221	240	241	248	270	271	282	285	288	296	297	298	318	323	326	329	350	358	369	372	375	378	387	392	399	
16	31	32	57	65	96	118	122	124	125	131	152	152	164	188	188	189	193	193	193	225	234	240	246	249	249	264	279	305	312	330	333	347	347	360	364	382	382	388	393	395	
3	10	34	37	47	55	56	64	76	96	100	103	116	117	120	121	148	155	155	157	181	203	204	207	211	213	227	248	252	270	270	278	291	294	299	303	317	331	336	339	366	370	379	396	399	
13	30	41	43	100	112	123	136	146	156	169	192	193	197	205	207	233	241	258	264	286	289	295	302	319	
1	2	6	29	38	47	55	62	78	90	91	94	95	95	97	98	102	117	117	124	126	133	135	179	182	192	194	197	214	228	228	239	239	248	296	297	298	300	308	
4	7	9	10	22	25	26	27	41	54	66	77	79	95	101	109	113	115	124	143	157	160	165	170	173	175	184	195	229	231	241	250	255	259	263	304	307	
3	35	48	57	59	74	85	96	98	101	103	109	110	132	133	167	170	185	190	194	195	198	235	237	238	240	245	252	271	280	308	
9	13	49	55	70	85	86	86	91	133	141	152	152	153	159	167	169	169	172	190	202	208	223	228	275	287	295	311	
2	3	4	12	15	17	20	28	58	60	62	69	94	98	101	112	117	122	127	152	156	178	183	186	193	227	250	270	278	287	306	309	319	
10	12	21	33	42	47	47	55	67	98	100	111	132	136	141	147	159	180	187	189	197	198	200	208	218	239	245	248	251	275	289	300	309	315	
1	4	13	30	44	51	75	78	82	85	85	109	113	116	147	152	164	178	178	183	185	243	275	276	282	288	292	309	314	
4	9	23	26	42	52	89	106	110	148	157	158	177	189	202	205	207	210	214	219	260	262	289	295	308	
0	15	16	25	38	45	69	92	95	100	103	122	140	153	170	192	202	202	208	235	241	248	249	255	262	285	292	313	
0	31	43	57	63	66	106	106	117	123	126	132	136	140	141	147	151	155	177	178	187	201	211	214	221	224	239	256	265	270	278	278	
0	18	22	29	45	77	96	109	114	118	118	131	131	133	149	157	165	180	186	212	218	218	223	225	225	227	227	232	242	246	260	266	271	276	300	311	
8	13	17	30	35	49	52	55	56	70	85	98	115	117	125	141	144	149	172	178	212	232	238	244	248	260	269	288	296	303	316	318	
5	7	22	26	28	30	30	40	44	53	59	66	72	87	91	98	114	122	143	148	160	167	190	190	193	262	292	294	296	311	316	
3	10	20	23	33	40	43	70	79	86	87	108	109	121	127	136	146	157	158	171	176	180	196	198	205	210	221	224	227	240	243	264	267	277	279	281	288	295	
24	35	46	50	51	71	95	97	99	101	107	130	139	145	156	171	181	182	189	195	196	205	209	209	236	237	239	239	239	248	256	265	267	279	286	296	301	306	308	316	317	
13	20	20	21	25	31	38	43	50	54	64	70	76	89	97	97	102	105	111	112	158	174	186	213	218	223	234	247	251	270	294	305	307	310	317	
2	7	14	30	38	62	65	67	77	78	94	106	114	122	123	130	134	146	157	167	180	186	197	203	215	226	226	229	229	242	256	256	273	287	305	309	
5	6	10	38	40	42	61	68	74	85	87	104	120	125	131	136	152	153	162	163	170	177	201	203	214	239	239	242	257	274	274	274	294	319	
0	3	15	23	24	35	39	41	60	66	69	81	81	99	108	110	134	135	137	139	145	152	183	192	195	201	204	206	212	217	226	259	292	306	319	
3	4	20	37	49	56	58	86	95	98	101	110	123	127	131	133	135	137	138	139	150	153	156	163	172	214	216	221	229	251	273	304	307	309	316	
22	47	48	57	63	74	76	79	156	174	176	186	190	207	213	222	227	237	243	263	277	278	281	298	299	310	
4	23	26	32	68	87	92	119	125	127	140	156	198	206	209	228	244	245	251	261	270	270	271	276	303	308	312	
0	4	5	45	51	63	73	81	83	94	96	104	130	135	152	157	162	172	194	195	199	200	204	208	208	214	221	224	224	236	240	241	244	252	261	270	272	289	303	313	313	314	
4	11	14	68	75	79	83	87	89	106	129	134	153	168	176	206	210	210	212	230	235	250	258	279	284	290	311	
5	25	25	35	59	60	65	80	90	94	99	122	130	142	170	179	204	209	213	221	226	238	239	239	246	250	260	275	304	307	315	318	
18	30	36	39	40	50	59	97	112	114	125	149	157	158	186	199	200	203	212	213	217	260	271	284	285	312	
3	4	7	12	22	45	51	56	68	74	83	107	115	124	159	190	193	199	199	204	208	211	212	216	220	221	226	226	238	257	261	263	271	308	
1	3	15	17	24	34	38	39	57	61	76	94	99	105	117	122	126	141	166	180	180	198	198	205	209	216	216	224	227	237	254	264	279	286	289	292	296	296	299	303	306	308	308	
27	29	41	45	57	60	64	74	79	80	80	81	82	86	92	120	138	144	169	169	186	190	205	208	211	230	272	273	277	285	286	301	314	
1	11	16	19	27	31	35	41	52	73	78	88	92	126	135	147	148	151	151	164	205	208	214	219	236	241	248	288	292	309	312	318	
3	38	38	39	39	41	42	42	49	53	88	89	89	92	108	118	151	160	163	168	189	191	192	193	200	204	210	213	215	226	232	238	259	300	304	
13	25	29	35	58	61	63	67	70	75	82	91	111	121	138	143	148	152	172	206	214	217	226	226	237	248	256	259	261	282	282	286	294	298	310	
7	28	29	41	43	61	64	65	67	71	76	85	88	93	93	101	113	113	122	122	132	151	176	189	196	199	207	260	285	295	305	310	312	
18	34	44	62	68	74	75	77	79	93	100	123	127	164	169	172	185	190	204	215	219	248	251	268	271	286	291	302	
5	14	17	17	27	39	39	46	49	54	59	61	88	89	99	109	118	133	156	157	170	191	195	210	239	242	247	303	307	311	317	318	
15	16	23	39	42	53	74	81	88	99	99	99	106	112	147	164	172	172	175	179	179	179	182	189	192	214	224	230	254	256	263	266	266	279	290	291	295	302	317	
2	5	34	35	54	87	99	105	157	158	184	184	188	194	201	232	270	273	294	301	308	312	315	
32	34	39	41	77	83	92	98	107	130	174	180	198	214	222	226	229	236	248	249	285	318	
7	17	32	48	57	76	117	117	117	132	141	148	164	167	173	178	184	190	199	211	243	258	260	263	276	287	307	319	
22	27	31	44	49	52	73	79	81	91	107	107	127	133	137	140	147	156	177	180	183	188	196	196	224	242	252	267	276	276	277	279	280	281	281	281	283	290	300	
2	5	36	57	72	74	91	107	110	115	119	119	120	124	149	160	162	164	175	206	208	225	235	236	265	269	270	283	299	317	319	
17	22	35	41	55	63	102	130	138	161	193	197	234	239	252	257	261	266	277	298	306	317	
0	17	21	26	28	33	41	48	52	72	81	84	88	103	109	109	112	112	129	138	144	156	159	188	195	198	208	208	224	245	272	278	292	299	300	312	
2	6	13	23	25	29	38	56	68	76	82	85	86	141	153	153	156	161	175	175	192	211	227	231	241	241	265	274	318	
5	8	18	53	65	91	112	115	137	147	147	153	156	161	174	208	210	214	236	237	247	256	266	280	289	292	299	314	
14	18	22	35	49	50	56	59	62	62	65	81	87	127	146	155	156	156	190	204	204	210	234	238	249	270	275	289	298	310	318	319	319	
9	14	22	32	42	42	43	50	57	74	75	84	84	93	95	111	136	142	160	165	180	180	194	202	210	214	223	236	260	263	276	282	293	293	293	309	
6	8	29	34	49	51	61	64	64	84	92	99	101	118	129	146	154	155	158	160	193	195	198	206	209	211	216	223	227	229	234	240	242	242	252	261	268	269	269	271	303	304	
14	14	30	51	66	67	90	100	105	116	122	129	140	153	168	172	177	180	180	195	213	218	221	227	230	256	261	268	295	296	303	
2	6	9	11	24	28	32	63	70	107	120	133	149	163	164	179	181	194	210	217	220	221	235	260	266	269	271	275	292	301	305	309	313	316	
11	43	58	68	71	86	88	94	101	104	114	116	136	140	149	168	175	176	179	222	234	240	245	246	247	270	288	288	295	300	305	305	314	314	
0	12	28	43	68	80	80	91	112	115	123	135	140	189	195	223	230	236	247	257	263	282	286	313	316	
15	22	47	52	53	54	60	66	75	112	114	144	171	177	190	191	204	206	217	219	234	239	246	265	268	295	304	305	305	309	317	
28	37	47	54	68	69	78	91	92	99	105	106	107	108	130	153	162	184	194	230	260	264	273	317	
3	11	22	41	44	92	100	105	106	109	124	130	132	138	161	185	209	233	249	255	264	273	287	299	306	312	312	
11	11	28	45	98	116	122	124	148	196	201	204	226	243	245	248	251	261	278	302	
4	26	27	36	53	74	77	131	153	155	160	164	172	210	216	222	227	257	260	288	294	299	299	304	308	309	318	
6	17	25	28	42	47	52	59	62	100	104	105	108	116	118	124	130	144	145	150	170	170	174	183	188	216	219	226	230	240	285	287	295	296	309	
4	12	17	19	26	33	35	51	73	75	84	96	118	133	151	175	176	212	213	217	232	236	237	260	269	282	285	285	302	311	
41	44	51	63	82	95	97	115	121	124	143	149	154	155	162	174	181	186	205	215	225	298	299	300	
2	5	5	24	24	26	37	51	59	69	77	93	113	116	138	153	161	164	169	175	185	193	220	231	252	255	260	268	286	294	295	303	
2	7	10	28	43	46	50	62	67	89	103	106	122	128	135	143	166	167	171	187	201	209	210	217	231	243	253	298	
13	19	32	39	40	54	60	88	95	96	117	132	133	133	140	148	157	170	260	270	286	292	304	311	317	
8	23	31	59	62	81	84	90	91	111	120	127	128	137	139	141	154	173	174	185	187	190	207	220	229	239	262	274	288	294	299	306	307	317	318	
9	34	56	88	93	96	101	114	136	138	154	157	165	193	194	202	217	224	247	252	262	263	264	265	272	295	295	316	
2	11	14	21	25	30	51	52	57	59	61	64	65	67	74	80	94	106	114	134	136	138	159	177	181	186	214	223	233	277	282	315	
31	43	47	57	62	64	71	100	104	109	115	135	142	143	148	149	156	166	184	192	197	198	203	214	226	237	243	249	266	273	276	313	315	
22	24	50	50	58	89	93	100	125	128	133	146	151	152	196	216	232	241	242	253	254	256	257	264	265	267	281	293	318	
6	7	16	16	18	29	36	52	70	81	81	88	100	125	128	151	155	157	160	203	207	215	235	239	241	246	257	263	289	294	308	318	
1	5	9	10	24	34	57	63	75	88	102	104	111	131	146	155	160	166	173	177	191	199	200	201	217	217	227	229	237	242	250	275	287	293	
1	23	29	32	35	40	55	61	65	123	129	140	151	152	170	170	170	171	181	192	197	219	227	231	244	262	269	275	275	276	286	289	292	294	299	318	
4	12	31	32	33	40	40	51	59	61	70	73	84	88	89	91	97	123	129	131	145	149	179	187	190	197	201	217	228	234	247	267	280	286	298	307	
25	37	49	126	129	137	144	146	154	156	157	161	163	168	179	196	211	233	237	282	283	284	288	298	316	
10	18	19	23	38	46	52	60	75	76	98	125	126	143	159	178	195	204	207	211	223	243	245	262	265	275	284	288	295	295	296	297	310	318	
42	43	60	61	67	69	71	117	120	131	132	144	158	162	176	183	190	206	208	219	224	226	268	283	291	293	310	316	319	
15	33	44	56	58	75	82	85	88	89	96	98	131	148	165	176	178	182	205	207	215	228	242	256	261	296	301	305	312	316	
30	59	77	77	83	92	92	93	96	101	103	117	118	126	143	167	202	207	228	234	259	261	269	274	278	279	283	297	304	305	311	
10	16	17	17	32	77	77	94	96	115	115	120	127	131	160	165	169	177	208	211	216	240	249	254	263	264	265	273	290	301	311	
12	36	39	60	71	92	100	111	166	170	172	184	212	222	230	265	269	281	298	311	319	
