3	9	17	30	39	43	67	78	82	87	91	99	113	119	128	144	172	205	222	228	
0	18	30	32	36	46	47	51	69	71	79	85	88	100	105	127	130	131	134	141	142	146	158	163	174	179	180	206	207	207	213	228	238	
9	18	23	27	33	59	63	82	92	115	128	129	130	156	160	172	177	185	185	193	198	218	220	222	228	236	
20	40	47	56	65	80	85	87	112	112	119	124	137	168	168	169	182	190	190	201	205	210	235	242	245	251	
0	3	27	39	46	47	48	95	108	114	123	127	151	176	181	181	192	225	244	252	
2	13	63	103	109	138	141	162	176	219	225	
12	32	38	59	62	67	67	112	128	135	151	177	177	185	191	202	217	221	231	
13	24	26	36	67	68	82	88	96	101	110	115	127	140	159	202	208	212	240	
7	23	31	34	41	54	82	86	96	96	103	103	104	114	115	118	120	130	141	144	147	153	171	174	177	183	198	201	204	213	245	253	
11	23	38	40	40	56	58	60	70	83	91	94	95	96	109	115	116	126	132	141	151	168	177	179	187	198	209	215	240	251	253	
4	43	47	57	59	61	63	65	77	150	154	161	179	180	198	201	214	224	248	253	
0	1	18	20	21	21	30	36	82	83	87	98	117	132	140	151	160	180	195	195	214	234	247	
15	29	31	33	62	97	101	106	143	149	149	154	168	169	175	175	193	207	221	230	236	249	
22	29	60	61	74	83	86	98	99	103	107	129	162	162	169	179	203	204	205	215	245	251	
3	17	18	22	57	86	88	118	127	130	141	151	163	166	191	217	228	230	233	235	
1	5	12	28	41	51	54	65	67	75	104	105	114	212	228	238	238	246	247	
2	15	19	21	23	37	54	67	73	79	83	96	102	114	117	127	132	141	143	145	154	163	173	182	187	211	213	213	232	250	
9	39	47	73	106	117	118	153	161	179	184	187	217	219	224	240	245	
41	86	115	133	142	156	158	161	162	174	174	184	193	213	231	
10	18	40	46	56	69	76	82	90	94	97	99	100	107	107	124	124	133	148	149	152	158	166	185	189	199	206	210	229	244	250	
12	41	45	47	61	65	72	75	84	112	119	132	139	159	167	193	224	
12	32	35	53	73	110	112	113	131	142	157	162	167	168	172	173	174	175	180	183	187	187	206	218	219	234	234	241	246	
15	24	55	57	67	92	100	119	126	138	145	152	160	163	170	197	202	224	229	231	240	254	254	
13	15	34	50	64	66	73	76	79	89	110	120	137	149	150	156	158	168	171	172	187	188	193	200	205	209	210	215	221	236	237	
1	12	29	36	54	55	65	107	111	129	138	141	164	168	170	176	183	190	195	204	209	243	252	
1	6	13	17	17	20	22	38	41	47	52	57	59	73	78	83	97	151	153	156	156	165	171	177	178	184	202	204	209	210	225	227	248	251	255	
10	29	30	37	57	66	77	104	105	110	153	155	163	172	178	204	213	215	238	
65	68	73	101	113	118	124	126	134	148	156	163	184	190	202	215	217	226	234	236	
2	48	72	77	92	98	102	107	125	126	128	153	153	168	179	191	191	195	203	212	214	215	216	231	247	249	251	
0	62	68	81	108	110	142	143	145	151	184	186	188	208	219	238	
13	17	37	41	42	50	51	51	55	79	80	110	118	124	132	134	137	146	149	159	165	181	184	205	207	215	218	230	232	233	236	247	255	
16	21	32	32	41	55	58	58	69	85	95	114	129	142	157	159	171	181	181	195	219	246	246	247	
34	43	54	61	96	104	110	110	116	121	143	157	182	216	232	239	241	244	
1	4	22	31	34	37	38	50	68	84	93	103	157	178	186	188	192	207	213	222	223	226	234	239	243	
13	16	25	38	43	93	110	112	172	182	182	186	189	211	218	218	248	255	
32	54	56	69	71	76	81	104	105	108	110	113	114	125	133	148	173	177	185	189	201	208	209	211	217	218	227	239	241	244	252	255	
20	23	23	37	40	69	73	95	105	107	128	137	170	188	222	237	
0	2	6	7	8	17	17	71	80	89	105	107	109	115	130	143	145	155	159	167	169	174	193	208	219	225	
12	69	73	77	89	117	123	135	136	152	185	187	192	200	223	229	231	253	
14	18	18	41	45	50	67	77	81	86	102	104	115	135	145	152	153	178	191	202	232	
5	13	27	45	52	57	61	67	67	77	85	89	91	93	95	96	112	122	137	154	166	166	173	183	184	185	211	214	
9	10	22	29	29	31	44	44	48	49	53	60	60	66	76	79	80	85	93	103	111	113	114	115	179	189	207	218	220	234	243	255	
0	13	29	31	39	47	50	67	78	80	88	90	128	138	141	143	150	153	160	170	192	196	199	213	222	231	237	245	
14	26	27	30	31	42	45	68	74	105	110	117	118	130	148	154	159	159	161	167	169	173	189	193	195	196	252	
16	21	25	30	39	45	47	50	55	55	85	85	97	131	135	136	138	150	158	164	192	204	212	220	224	250	252	
6	12	13	31	35	50	62	112	123	137	163	165	175	182	194	198	207	217	218	225	232	241	
0	23	35	39	65	87	92	93	94	97	121	122	138	143	157	167	173	175	183	187	189	197	199	220	220	220	233	
12	39	39	49	58	60	62	62	68	71	99	103	103	104	115	117	127	137	149	150	151	170	179	190	216	217	238	241	
0	2	5	7	10	12	13	19	22	25	27	37	44	50	51	54	57	57	58	65	76	79	86	89	107	124	140	153	169	177	190	198	210	220	226	240	
10	11	20	21	22	41	42	55	64	74	75	89	91	96	103	114	121	130	132	144	145	165	174	176	217	225	230	231	243	255	
3	9	11	20	24	26	42	45	53	53	55	57	63	73	80	81	83	83	84	92	122	126	127	147	149	151	176	206	234	241	248	250	251	252	
2	2	3	19	28	37	42	52	68	70	73	95	101	134	138	139	151	171	194	196	198	201	212	214	234	237	245	
0	3	20	31	39	41	45	58	75	99	102	106	125	135	174	181	190	213	214	221	232	247	254	
31	34	37	45	47	56	83	103	104	106	109	135	140	156	174	182	223	226	241	242	248	250	251	
27	30	31	49	51	58	60	89	96	101	104	108	109	119	122	135	140	144	146	160	160	197	205	212	
7	10	11	11	24	29	31	49	54	67	69	71	76	95	108	120	123	128	129	148	150	193	196	220	243	244	245	247	249	249	
10	20	29	50	57	64	66	99	116	118	120	143	144	147	152	157	158	172	179	183	187	189	219	232	237	243	254	
3	9	16	26	28	28	60	70	81	101	112	113	121	121	179	184	190	191	202	203	213	224	227	230	250	251	252	
4	6	16	27	27	30	32	46	49	55	69	71	90	114	121	132	136	153	155	159	165	165	171	175	176	200	209	241	241	246	247	250	253	
6	12	12	13	13	21	33	51	55	81	122	134	142	153	157	171	216	221	
2	19	40	46	69	81	83	84	86	87	92	95	112	116	134	138	139	142	156	163	172	177	197	225	233	253	
2	14	14	18	19	30	32	56	57	60	67	70	71	71	90	92	99	166	166	177	192	194	196	218	244	254	255	
21	23	40	46	49	65	69	79	90	93	104	110	115	115	117	125	130	150	152	164	165	197	212	212	223	241	
26	46	53	69	76	94	115	135	176	189	191	197	200	226	229	250	
12	24	35	50	62	63	63	71	83	101	114	150	163	171	182	203	215	223	228	
4	8	31	37	44	46	48	53	55	55	59	72	78	84	97	112	114	116	128	131	145	160	161	168	168	173	184	191	207	208	233	239	246	
11	55	64	65	69	76	94	97	105	119	128	134	143	152	153	172	190	209	217	224	242	249	
21	39	47	49	50	59	72	95	107	119	119	161	183	196	211	227	230	240	
2	9	24	31	51	53	57	59	63	64	70	71	72	72	78	85	85	106	120	122	126	133	137	139	180	209	209	211	220	239	244	252	
1	3	7	8	35	54	61	66	104	106	112	125	151	188	190	227	228	229	244	255	
7	11	28	35	40	50	59	66	66	85	94	114	122	139	146	152	182	188	196	196	202	215	217	223	226	231	238	240	251	
14	20	22	53	68	73	97	101	102	125	128	130	157	160	173	175	181	184	185	188	192	202	206	212	217	245	251	
11	17	40	40	40	52	54	88	93	93	108	128	137	138	144	150	154	157	163	171	173	174	179	181	194	194	211	215	218	228	246	250	
13	18	25	31	63	70	78	79	85	86	94	112	124	158	169	169	178	200	214	238	241	247	253	
6	10	40	42	64	67	70	77	83	111	123	130	142	153	156	180	205	212	217	246	
1	4	12	13	14	17	45	47	54	58	63	66	69	71	71	88	89	93	125	183	185	193	197	216	221	222	234	245	248	248	248	
12	41	54	54	70	74	81	87	88	97	101	107	113	114	126	130	141	143	167	195	196	227	
15	16	49	51	75	79	80	84	87	121	122	127	129	142	158	162	168	170	179	186	193	195	203	209	215	251	254	
11	17	49	51	59	75	88	91	95	101	110	136	144	144	159	167	187	193	244	249	
1	21	43	55	59	64	68	75	77	78	84	92	98	98	102	119	133	156	160	161	166	188	191	200	208	216	223	232	235	237	249	
10	16	49	52	84	91	95	100	123	135	143	152	170	189	193	208	210	226	235	235	242	
4	6	22	27	40	41	42	42	49	49	88	104	111	120	133	140	149	156	161	162	167	174	196	201	207	208	213	246	
3	14	22	47	56	63	72	105	120	140	141	146	171	182	198	216	246	
3	12	26	34	44	47	52	54	81	96	100	109	125	126	136	152	157	170	176	186	188	200	214	225	228	
5	7	11	21	28	31	40	50	74	76	87	87	105	116	127	129	131	147	173	182	199	209	211	243	
24	25	31	44	72	99	102	138	145	154	158	170	174	178	181	190	198	201	210	212	217	230	237	237	239	243	
6	6	10	12	15	23	24	39	49	54	57	70	82	87	103	111	113	121	128	159	184	188	194	204	221	226	235	244	250	
2	18	20	23	25	31	53	54	54	72	82	86	101	105	107	139	146	152	153	169	189	191	208	211	221	242	243	250	252	
7	18	24	43	47	63	71	107	133	138	140	177	187	189	195	215	215	216	217	222	228	235	
1	3	8	17	38	43	43	53	60	66	90	137	140	146	150	196	197	222	226	231	231	239	
0	2	8	15	19	21	47	62	71	76	99	104	111	114	116	122	140	147	158	163	164	167	186	192	215	219	225	236	241	
0	6	28	35	45	56	65	89	90	120	121	130	132	140	145	146	160	164	184	214	218	230	238	245	253	
5	21	24	36	39	71	74	81	87	94	96	105	106	119	120	170	180	209	212	217	225	229	229	232	232	239	245	
2	2	6	36	39	71	103	107	108	111	111	112	117	124	125	132	142	158	166	169	186	211	240	
16	25	26	28	34	42	46	56	65	68	75	79	82	86	93	116	125	129	136	147	162	164	165	167	176	181	190	205	206	209	211	224	229	249	254	
4	21	32	37	37	38	45	52	57	73	84	89	92	142	145	171	179	182	187	191	210	239	
2	5	16	17	20	29	46	70	79	87	95	97	103	116	119	121	129	129	130	147	149	156	186	190	194	227	228	233	234	237	249	255	
0	5	20	29	44	55	110	121	124	129	131	134	151	160	160	164	173	175	199	202	204	204	222	230	242	244	
23	28	33	34	49	50	52	60	75	80	111	151	155	156	159	160	185	185	189	193	203	210	210	219	219	247	
3	4	7	25	44	44	63	69	80	83	84	84	102	105	109	109	122	140	158	163	167	171	173	175	184	193	199	209	221	221	229	235	238	249	
15	20	20	34	41	43	46	50	62	70	76	82	114	121	130	140	153	159	169	175	194	202	202	206	207	210	247	253	254	
22	25	29	34	52	82	87	129	131	155	167	170	170	194	215	216	218	228	236	242	
0	3	5	18	22	36	38	74	86	93	96	98	115	122	126	140	155	156	157	160	164	165	173	180	207	209	218	227	235	
1	20	39	41	64	86	88	91	121	148	155	180	196	214	217	222	225	238	238	240	241	243	
10	15	18	35	35	40	58	72	101	105	118	131	137	152	155	170	185	206	209	211	215	216	231	246	248	254	
33	34	34	40	47	48	57	64	86	104	109	114	115	117	122	123	148	150	153	159	165	165	174	178	187	190	191	202	218	223	224	224	243	244	
0	2	14	18	32	35	43	53	53	64	72	75	77	85	88	101	123	131	133	134	168	173	177	182	216	231	238	239	253	
1	11	23	32	55	64	67	70	78	84	87	90	109	110	118	119	119	131	131	135	139	145	158	171	172	200	202	204	210	221	223	232	235	238	253	
8	11	20	21	22	23	37	40	71	80	80	83	95	119	120	129	164	167	187	188	197	201	214	214	215	217	219	219	227	231	249	
9	11	12	31	38	40	67	69	85	97	103	111	124	125	137	143	149	162	162	166	168	178	179	188	192	193	206	221	227	234	240	
6	21	21	24	28	58	61	67	86	95	126	144	152	163	191	210	218	226	232	251	253	
4	5	5	7	10	22	27	32	36	45	46	48	53	74	89	91	102	112	132	133	134	159	176	177	183	194	199	207	210	233	240	242	247	252	252	254	
7	14	15	26	38	63	79	130	132	187	192	214	222	228	236	237	237	250	
3	13	28	46	53	55	74	87	103	104	106	107	108	134	143	150	154	158	158	163	168	173	179	192	223	226	247	255	
4	4	12	13	18	64	96	105	108	137	138	143	155	162	163	173	174	185	189	215	233	234	
8	15	19	20	28	36	40	44	55	67	77	82	107	120	130	138	148	156	160	166	179	181	200	207	228	231	254	
17	19	26	38	40	58	66	67	67	85	120	131	139	153	168	168	192	192	210	212	222	234	
0	10	14	15	26	28	44	49	58	62	84	89	118	123	125	140	144	149	150	177	184	199	219	226	241	244	247	
3	41	42	47	55	56	63	82	91	102	110	114	119	130	135	153	160	160	162	167	175	177	181	182	184	195	215	223	228	230	243	
1	8	14	17	22	41	41	52	86	96	108	109	115	116	131	134	149	158	161	176	177	179	190	191	195	203	207	211	215	217	226	240	
17	18	28	30	48	53	56	66	101	114	119	123	126	126	128	139	140	145	148	201	225	235	239	248	253	
21	31	37	102	142	155	155	164	168	174	187	196	211	218	218	227	230	249	
0	25	33	37	43	44	45	51	61	67	70	73	79	84	97	103	116	118	139	145	158	165	173	179	195	203	206	220	226	229	238	244	255	
14	16	44	73	83	96	108	133	143	144	157	162	168	178	180	190	197	201	213	218	220	222	233	233	239	243	
12	25	32	33	34	60	63	85	90	106	112	116	127	150	152	158	184	187	193	194	216	235	
2	12	16	21	25	33	57	79	111	134	148	159	163	178	195	205	233	236	
15	16	28	38	54	57	57	71	81	88	104	111	120	125	140	142	183	189	218	222	229	
5	69	74	102	104	105	105	107	112	136	149	151	152	164	178	189	197	199	208	209	209	212	222	255	
9	24	31	55	89	91	96	103	111	117	142	145	147	153	185	195	199	206	206	223	247	
3	19	23	29	31	32	44	58	60	85	88	89	95	100	119	139	140	151	161	164	166	167	192	198	198	200	205	228	231	255	
17	18	32	37	76	119	148	151	154	155	162	201	205	206	206	219	239	251	255	
9	11	15	34	51	62	86	94	98	106	117	117	129	130	153	160	166	168	169	172	173	175	177	178	179	181	197	202	215	219	252	252	
1	2	5	9	61	64	65	74	93	97	111	120	131	149	151	169	174	176	194	209	229	237	249	251	
5	6	12	14	20	33	48	53	58	73	74	80	84	91	110	116	117	132	146	150	161	170	170	181	186	193	202	206	215	216	220	230	245	254	
4	14	36	62	64	93	106	167	169	169	174	194	211	229	230	237	244	244	
0	9	36	40	44	59	59	65	67	81	90	115	119	132	143	145	147	151	152	181	182	183	189	191	195	201	208	209	213	214	220	221	250	
20	28	30	41	52	55	64	64	70	80	89	105	128	131	146	147	154	158	167	183	215	232	242	244	245	248	
9	14	22	29	61	82	85	120	133	138	157	167	196	198	214	220	228	233	235	239	242	
30	32	34	42	68	72	83	94	122	144	146	152	158	159	165	171	175	204	208	215	241	253	
6	19	19	28	46	46	48	52	56	59	69	74	92	93	97	107	109	133	134	135	145	152	156	159	190	204	238	246	
10	21	33	37	48	50	51	78	79	81	84	110	126	127	133	166	167	170	177	180	218	235	
30	41	54	57	63	118	127	137	148	149	156	170	179	180	182	185	191	208	212	221	232	
25	28	40	49	57	65	72	77	103	115	118	123	126	136	146	147	160	184	192	197	197	199	211	231	233	243	248	252	
1	1	4	8	14	21	54	59	77	100	102	104	114	124	132	144	145	156	210	218	220	224	232	242	243	243	247	250	251	
2	4	12	27	53	66	92	107	119	129	147	150	164	173	211	251	
30	37	109	111	134	137	140	144	150	166	186	202	221	252	254	
12	13	19	23	77	81	83	83	86	114	137	142	149	161	163	171	171	176	184	194	200	212	223	232	237	245	253	
1	18	33	35	55	58	94	117	117	125	152	166	187	195	202	213	225	228	229	241	243	246	
2	9	16	16	59	60	92	107	107	113	118	132	139	171	181	201	220	225	225	236	237	243	253	253	
36	54	59	63	66	99	104	105	109	113	118	120	144	145	148	176	183	183	186	193	195	213	217	222	
3	10	10	21	31	32	42	75	76	84	89	90	102	112	123	129	130	149	154	158	161	182	185	190	209	215	236	253	
22	30	34	58	71	73	81	90	121	124	157	163	173	174	181	188	201	207	214	214	233	247	250	254	254	
3	6	9	26	29	36	40	46	72	87	91	98	102	124	125	163	177	217	231	243	244	245	246	
1	16	27	30	50	55	60	64	68	70	73	82	94	108	113	120	122	125	132	137	141	143	148	193	203	212	222	231	232	245	247	252	
29	38	39	42	52	81	83	88	91	91	133	178	216	225	225	232	237	247	252	
11	17	20	28	38	49	50	89	89	102	103	109	113	116	118	125	137	175	189	190	201	208	214	216	253	
13	52	53	57	63	73	90	101	105	111	123	131	133	136	152	182	206	208	210	216	217	232	238	241	241	245	250	251	251	253	
0	25	40	42	44	59	70	71	76	85	87	89	92	98	101	102	106	129	160	168	181	183	190	197	201	211	234	249	254	
5	7	8	13	36	42	62	84	85	99	103	103	128	143	147	149	155	169	172	177	187	206	209	219	220	225	227	231	234	234	247	247	
30	39	41	45	62	67	77	78	89	92	99	99	100	101	110	111	112	133	139	148	152	194	196	219	240	243	246	
1	3	8	39	52	58	68	75	90	91	112	133	136	136	145	166	171	178	202	205	205	210	239	
25	25	27	53	68	70	84	85	92	115	125	136	174	182	186	194	200	203	227	230	242	243	246	253	
9	12	15	27	42	48	61	70	80	85	96	110	114	121	176	183	191	198	200	203	235	246	248	
39	59	66	86	102	113	122	127	136	140	146	148	176	177	193	205	210	230	240	246	248	
10	10	17	19	23	31	36	47	56	58	59	62	64	77	81	85	91	103	112	120	174	196	201	
1	10	26	45	47	57	65	69	80	92	136	176	178	183	207	208	209	209	223	238	252	
29	61	74	87	93	94	95	97	102	104	109	122	129	139	143	148	174	177	191	193	215	217	222	251	
1	19	45	48	52	54	63	67	94	106	121	124	127	127	128	131	133	137	139	172	181	186	189	206	209	212	215	222	231	239	252	255	
8	8	16	26	29	59	68	70	78	91	103	118	119	137	147	154	186	197	199	199	216	226	245	
0	8	9	32	33	36	41	56	69	70	76	84	102	119	120	132	136	138	139	161	184	186	214	237	240	249	252	
3	9	14	51	58	75	77	88	93	95	99	99	100	108	108	115	116	167	176	180	214	238	244	251	
10	21	27	60	64	65	67	67	73	94	107	112	120	126	136	140	176	189	191	197	204	212	214	216	226	236	247	251	255	
11	27	38	72	73	76	86	88	108	127	134	148	153	154	155	157	178	185	190	197	235	237	253	254	
3	12	19	21	26	50	59	63	77	79	81	94	105	112	113	114	124	141	170	174	178	186	204	237	238	239	242	
13	29	63	65	68	74	78	87	108	123	141	148	173	177	201	203	205	219	237	
18	27	38	44	47	56	79	102	102	111	132	140	165	174	201	203	212	221	242	247	
51	57	74	83	85	107	133	144	148	152	159	160	162	163	168	185	201	204	206	206	219	225	240	
3	11	11	17	31	43	53	55	56	69	76	90	102	129	133	142	142	163	166	191	212	218	219	234	239	242	243	250	
6	24	26	34	38	38	41	46	63	66	68	68	68	77	96	98	134	138	150	151	157	167	169	172	174	191	196	210	236	
3	7	51	96	97	101	115	137	165	170	186	243	253	
10	17	35	58	62	75	86	87	119	121	141	142	144	159	186	187	187	190	207	214	219	220	224	227	236	240	241	242	242	245	
1	9	19	33	35	51	71	75	97	100	109	109	111	128	146	147	157	170	180	180	182	215	248	
12	13	14	29	47	51	70	71	76	79	94	115	119	137	149	150	155	190	196	197	205	223	232	236	244	
31	37	40	44	58	58	72	78	80	101	118	166	168	170	175	186	188	191	199	224	240	241	
14	19	20	20	25	64	85	91	107	117	118	137	141	151	161	167	172	188	194	197	208	213	239	249	
1	13	21	46	47	53	56	61	72	92	103	127	134	138	142	146	146	150	160	162	166	176	191	200	201	211	211	216	218	227	227	228	230	
2	7	19	22	30	35	59	73	74	88	101	108	109	136	147	158	187	216	226	236	239	240	241	252	
18	73	78	115	142	149	157	159	178	188	201	223	
0	0	4	7	14	16	33	34	46	53	62	75	77	100	104	115	125	131	136	137	150	192	199	200	205	211	214	215	
3	11	14	18	23	27	50	59	68	76	91	100	108	113	114	114	122	126	128	138	147	148	150	151	162	164	175	208	212	222	223	226	
4	12	27	32	33	34	39	47	48	51	74	88	91	93	112	121	130	178	179	185	187	192	194	216	222	228	
4	7	26	65	76	83	101	102	106	110	118	131	146	172	190	197	225	239	250	
2	7	17	36	42	45	45	60	62	80	83	85	91	94	98	100	130	133	140	153	155	164	198	201	204	205	224	240	240	255	
0	16	17	24	54	59	60	62	84	97	103	131	139	152	167	184	188	189	198	214	228	248	250	250	
1	21	39	43	45	49	63	64	69	119	171	198	201	233	
23	24	45	56	64	64	66	82	83	105	124	134	143	147	149	150	157	172	172	200	201	210	214	236	239	246	
3	9	23	27	32	41	53	60	77	91	95	123	135	144	150	159	165	166	175	184	205	207	224	235	236	251	
25	35	38	46	47	49	53	55	61	89	93	97	113	117	129	152	170	178	211	217	224	230	244	
0	2	7	18	20	25	38	40	44	48	52	70	79	90	93	104	116	122	130	133	145	164	176	221	221	234	242	244	246	249	254	254	255	
1	15	16	17	19	19	116	120	124	134	143	145	148	168	229	236	242	254	
7	8	13	16	17	19	21	24	36	38	44	72	81	88	109	109	118	122	144	147	151	156	166	177	195	204	212	228	234	236	244	245	252	
9	10	13	14	15	23	34	37	49	50	51	51	53	79	100	119	123	124	125	132	171	180	227	234	
2	14	25	45	58	60	75	81	87	91	123	139	146	148	150	156	175	181	189	191	195	197	231	236	245	253	
3	9	23	29	34	42	54	61	63	67	75	92	107	114	154	181	183	202	212	212	226	238	255	
1	17	29	40	63	94	106	132	146	159	207	213	216	222	247	251	251	253	
11	17	23	32	88	89	100	109	114	116	118	141	144	152	158	168	182	185	193	198	219	225	228	233	
5	5	8	13	41	53	57	67	74	94	98	107	108	111	130	131	138	176	177	184	194	204	210	235	239	
16	18	27	38	46	48	48	49	50	70	80	95	100	105	111	125	128	128	136	137	169	171	192	192	210	210	233	237	238	253	
0	1	1	3	13	36	53	57	62	68	73	77	80	84	88	109	121	128	143	155	169	179	186	197	201	206	209	214	221	227	230	240	242	251	
1	19	24	48	49	51	78	79	90	90	93	95	97	98	104	106	112	125	139	148	164	171	178	188	201	211	215	232	234	234	
36	38	42	43	70	86	98	103	120	139	141	145	149	179	181	196	213	225	234	
4	8	9	31	42	45	54	60	71	79	94	99	100	103	118	121	122	126	138	145	147	192	198	203	210	243	255	
11	22	37	39	50	56	65	67	80	82	85	85	92	98	106	110	123	129	129	155	160	171	189	192	202	221	243	244	
11	16	32	33	36	37	47	53	62	66	74	81	82	85	95	95	102	111	138	146	155	158	180	182	182	189	198	207	
0	5	8	11	23	35	49	68	72	76	89	94	96	107	107	108	122	129	135	138	147	150	163	167	180	185	188	208	208	218	232	236	241	242	248	
6	11	11	11	37	43	57	93	115	117	125	145	154	155	158	161	162	188	190	195	197	199	203	203	223	233	234	251	
0	11	18	30	32	50	56	57	68	77	90	95	96	99	99	101	124	132	137	142	159	169	181	184	241	
13	30	32	37	59	78	85	87	87	114	122	154	157	162	170	184	201	203	210	211	214	222	242	
4	8	43	84	85	90	106	111	133	143	149	173	186	187	190	202	206	207	210	223	228	
4	6	10	13	17	19	35	36	46	47	48	50	61	68	75	87	87	90	96	100	105	119	121	132	136	139	139	144	151	167	169	179	193	198	207	216	232	237	246	
1	34	35	61	77	80	81	84	88	100	103	104	119	129	135	144	157	169	173	174	178	180	192	192	195	200	205	211	213	217	225	232	237	246	
2	4	25	33	34	44	60	66	82	94	96	100	105	120	155	163	172	181	185	200	213	226	249	
4	10	19	21	21	37	38	73	75	83	96	117	129	130	135	161	166	175	175	205	207	221	223	235	252	
4	5	9	36	43	46	58	71	93	94	100	100	104	109	117	120	131	141	147	157	171	172	181	182	194	199	200	209	215	237	239	241	250	254	
5	9	18	64	74	76	95	98	113	113	115	123	136	140	141	151	164	171	172	205	210	225	231	232	241	248	
7	11	25	62	75	123	134	149	175	183	184	199	228	230	246	250	
19	27	39	41	62	76	77	79	94	99	102	113	132	139	148	152	165	174	184	185	186	192	193	199	202	250	252	255	
22	26	26	27	42	44	45	46	48	51	54	54	66	81	92	126	131	131	132	135	145	159	164	190	193	213	223	224	235	251	
14	20	27	30	34	56	77	79	91	96	133	140	145	177	180	201	212	233	234	235	238	252	
8	14	14	17	30	47	48	58	87	93	95	97	129	131	152	157	161	167	177	194	202	206	225	227	231	
17	26	32	41	52	53	78	98	99	105	116	121	134	135	135	140	145	148	166	190	190	197	207	209	244	
22	40	76	80	112	114	117	119	119	133	135	143	143	160	169	172	183	186	194	197	198	198	226	230	250	251	
16	35	36	42	44	44	53	59	79	81	87	92	93	108	127	149	165	175	192	194	213	215	222	233	238	241	243	
26	31	31	34	62	63	74	76	88	113	134	135	142	155	171	172	173	174	206	207	209	219	236	
11	13	25	40	45	58	61	62	77	113	117	122	130	132	147	155	162	170	174	186	189	195	207	208	223	227	229	237	
5	23	24	50	62	65	68	73	79	81	89	103	137	146	155	175	179	180	196	205	226	240	240	
3	5	24	25	26	28	45	54	60	75	77	82	120	125	126	127	134	137	145	155	170	195	198	199	222	226	241	
34	65	78	98	99	109	110	114	115	125	133	140	141	146	146	163	169	193	216	241	248	
4	4	6	12	13	22	25	26	64	66	70	73	101	130	131	139	154	170	171	175	184	186	208	213	220	222	224	230	249	252	
12	16	16	25	29	29	52	68	78	80	82	87	133	154	164	172	190	204	220	223	232	235	240	247	254	
2	6	29	29	29	71	77	78	79	79	90	99	101	108	113	137	140	143	158	158	160	188	245	249	251	
5	5	58	63	66	81	84	96	118	121	126	126	165	166	187	192	217	229	229	
19	26	27	34	53	60	61	73	89	114	115	116	123	124	132	150	169	178	189	217	224	230	245	255	
17	18	27	42	43	55	83	85	89	89	92	138	145	155	168	174	219	223	241	250	
39	40	49	52	55	57	66	66	95	97	102	103	104	118	122	129	135	135	140	142	145	155	158	161	164	174	181	181	182	189	193	199	200	200	205	215	219	247	251	
6	9	9	10	11	14	14	22	27	31	33	53	68	74	110	112	121	123	128	129	139	146	156	171	175	195	196	222	
14	24	24	52	65	67	69	81	91	106	107	109	123	139	154	159	163	192	202	223	241	250	252	253	
3	10	18	24	30	42	48	59	63	66	69	78	88	93	100	100	101	105	115	118	135	138	141	148	160	164	165	184	188	189	223	230	231	236	245	250	
0	1	11	15	36	62	71	99	103	133	142	143	166	176	177	180	203	216	247	
2	26	43	44	51	63	76	77	82	96	101	118	127	136	141	144	157	158	175	176	177	179	185	225	233	242	243	250	255	
2	8	9	15	24	51	59	61	67	67	81	86	91	95	101	106	136	163	163	196	216	229	238	
15	34	65	85	87	89	98	113	125	127	134	136	144	145	155	162	164	169	169	174	180	182	199	236	247	
0	4	17	20	33	37	44	61	97	105	105	105	106	108	134	164	175	186	194	215	227	233	247	249	
31	33	41	51	52	61	121	153	164	168	173	175	195	205	217	222	229	238	240	242	
4	6	10	20	22	32	42	43	45	50	59	62	68	72	90	96	97	98	135	136	138	144	161	167	186	198	247	249	
25	29	33	37	54	55	56	61	76	87	91	113	123	126	136	144	162	179	183	191	203	230	234	
4	27	38	54	81	84	86	89	94	99	134	144	151	156	156	160	183	198	211	212	219	222	231	238	239	245	249	250	
12	16	35	48	51	65	70	81	129	143	146	149	161	204	221	
6	20	29	41	51	58	65	68	75	140	141	146	162	169	210	214	223	227	254	254	255	
5	23	35	42	73	90	92	94	122	131	144	161	165	166	174	204	239	
3	24	28	35	38	51	60	65	65	72	80	92	97	104	104	115	126	128	136	136	137	152	169	184	187	187	198	199	208	213	236	238	244	250	251	
25	36	38	40	50	55	64	71	83	92	98	102	107	109	110	113	118	120	142	142	183	189	201	220	223	234	236	
53	55	56	56	76	78	82	100	106	116	126	143	149	151	161	162	171	173	175	178	195	197	202	224	226	230	247	251	
3	14	19	19	50	55	60	75	78	80	82	82	89	90	102	105	124	134	141	149	157	169	209	215	218	220	229	230	234	238	239	243	247	253	255	
0	2	7	7	18	18	24	37	37	38	46	57	61	73	82	123	125	132	148	161	165	170	175	195	204	219	220	224	228	255	
2	5	7	8	10	16	18	26	39	49	56	74	78	96	98	113	117	146	161	199	205	207	208	212	223	228	229	
8	15	16	22	26	64	66	99	100	111	124	144	147	168	171	180	184	188	195	203	206	218	233	237	
7	40	50	95	97	102	106	117	123	124	134	158	173	188	200	201	205	208	222	229	230	252	
5	7	20	35	37	38	38	39	45	47	54	71	94	98	133	137	193	196	198	205	210	215	224	236	241	
35	52	52	62	71	99	108	108	128	157	158	160	166	170	225	227	232	245	246	
25	72	74	84	93	110	118	119	120	127	141	146	146	163	189	208	217	220	233	240	246	247	253	
17	30	44	45	48	64	86	89	90	91	105	109	119	121	124	147	148	154	160	160	166	168	183	183	187	196	198	206	230	237	244	245	
1	12	14	28	37	54	55	62	86	108	117	120	139	147	149	159	159	219	226	235	247	
9	13	40	57	74	80	83	85	94	106	110	118	120	120	121	130	132	136	150	151	157	157	188	220	225	230	233	238	
27	43	70	78	82	83	97	107	112	117	118	123	130	131	132	142	147	165	167	201	214	219	224	
21	24	31	63	70	74	82	93	97	99	120	127	138	145	151	152	154	154	156	175	197	203	206	212	212	218	221	228	235	240	247	
7	16	32	50	52	54	55	63	63	64	79	88	90	106	126	135	137	146	148	154	203	203	205	207	229	
31	33	50	62	86	104	106	107	108	108	156	157	180	193	204	205	225	246	249	251	
1	8	17	30	33	39	61	76	81	83	97	97	104	111	122	126	141	165	204	204	208	219	220	234	240	243	243	248	
35	49	54	70	73	86	109	112	125	134	142	150	160	164	175	217	219	221	226	227	
8	16	20	33	33	36	69	78	78	88	90	93	97	100	127	128	133	140	141	146	159	185	187	189	194	205	222	226	232	241	244	248	
9	22	23	24	43	43	68	76	95	95	145	153	161	163	173	182	186	191	191	195	201	206	217	221	254	255	
2	6	9	19	22	39	47	48	52	61	61	69	70	80	91	93	105	111	121	124	131	136	138	139	153	168	180	219	226	240	
2	8	9	18	29	31	42	43	45	46	49	54	61	94	135	150	172	175	179	190	205	212	228	239	252	
11	20	23	41	43	46	67	69	78	102	112	121	129	154	158	167	203	249	253	
4	6	13	30	31	59	70	70	70	84	95	100	118	122	128	129	131	148	165	166	169	170	198	199	202	208	211	248	251	
10	20	36	43	48	78	98	98	105	121	124	126	127	144	176	184	184	213	224	229	234	
4	21	32	37	40	60	65	70	79	86	98	129	130	148	163	164	172	176	188	222	222	224	226	234	
1	14	33	34	42	42	45	56	58	68	75	83	108	129	144	144	153	156	159	176	184	187	207	211	214	220	221	225	
4	28	40	44	48	57	71	72	75	97	99	114	133	140	143	146	154	165	171	191	204	207	229	235	
11	27	30	32	42	59	62	83	84	87	95	118	123	153	156	160	163	174	179	179	179	186	191	192	209	218	236	237	242	249	255	
13	35	37	50	50	53	58	77	86	87	121	127	160	193	197	199	216	225	240	249	255	
6	23	28	31	41	52	79	92	94	99	111	113	120	124	142	178	182	186	190	198	199	203	218	223	226	229	231	
21	23	25	36	47	51	64	65	69	79	81	116	128	138	148	153	163	171	180	180	185	188	211	216	225	242	248	
5	15	16	27	27	60	69	74	79	102	107	128	153	154	172	173	174	176	196	200	205	211	216	221	245	253	
25	32	43	52	67	73	77	82	94	116	119	124	125	125	129	131	139	149	162	181	186	210	210	215	217	230	253	
8	9	12	19	32	33	49	69	70	72	73	74	80	88	91	105	110	117	124	152	177	181	182	192	196	200	201	220	
6	9	15	23	28	30	35	56	91	91	111	113	117	126	132	154	155	164	165	177	194	196	215	223	226	230	232	244	248	
43	51	60	78	93	94	102	104	106	113	121	164	169	178	181	184	214	232	239	240	252	252	
4	13	18	19	35	85	115	144	148	153	162	171	171	171	186	186	199	202	206	217	218	233	234	240	240	244	247	
4	7	8	14	23	32	33	41	60	72	94	98	98	103	129	130	136	142	153	155	165	169	180	187	196	208	229	231	245	
1	1	10	37	44	54	60	65	82	88	98	112	116	130	130	142	142	151	156	166	178	180	187	188	196	197	211	213	236	242	248	
30	32	66	72	80	105	111	112	113	122	125	147	149	154	157	161	191	207	212	223	237	238	246	246	249	253	255	
16	19	20	21	26	41	48	49	52	64	72	73	83	89	92	100	109	125	133	137	138	157	159	161	180	180	190	191	194	194	200	209	219	219	227	227	244	255	255	
3	6	10	29	29	40	74	86	89	90	92	98	115	135	165	171	179	179	185	190	204	230	245	245	247	
1	6	12	15	15	23	52	59	64	72	74	99	164	167	168	183	197	202	204	220	233	254	
0	1	7	26	29	30	51	58	60	65	72	74	82	82	82	93	95	108	135	139	140	163	164	194	198	220	230	234	
15	18	26	32	34	35	39	61	65	86	97	106	128	147	153	185	187	189	195	203	217	220	226	233	237	248	
8	20	24	35	44	46	71	72	75	90	109	109	110	112	112	125	128	143	152	156	165	185	203	212	217	228	254	
27	35	42	65	72	86	93	97	103	111	122	141	154	159	166	172	188	189	195	211	229	243	245	
5	26	27	29	61	63	80	85	87	91	99	103	116	117	128	129	137	156	173	208	213	213	223	227	236	236	245	247	249	
11	15	25	69	72	76	79	91	107	126	188	202	202	210	215	227	233	233	244	249	253	
0	8	31	42	48	51	70	70	84	86	96	99	106	125	133	138	142	143	158	160	199	205	210	221	232	234	236	
3	10	22	72	77	88	107	116	121	123	132	171	174	177	179	193	210	222	223	228	229	248	
0	11	26	27	30	38	43	88	90	101	114	126	128	134	148	150	160	161	167	172	210	223	223	225	229	234	235	242	242	246	248	
20	32	37	40	56	57	71	75	93	95	111	138	140	151	167	177	179	182	197	202	209	213	221	223	224	232	233	245	
7	13	23	43	69	72	72	124	126	131	147	164	166	167	183	193	197	211	228	231	
9	37	39	53	80	101	101	126	134	137	163	165	178	182	201	221	229	229	229	241	243	243	
7	22	22	23	29	30	45	52	97	109	139	158	162	168	178	184	186	187	189	194	198	199	222	235	237	239	251	
0	37	38	41	53	60	62	69	74	76	84	92	93	98	102	116	116	118	118	129	130	143	147	162	163	170	178	180	191	199	214	216	218	233	243	
11	17	23	27	28	35	44	46	48	48	61	75	86	86	96	104	107	116	133	136	141	145	146	163	170	202	226	230	234	236	237	241	243	245	
4	14	21	24	27	52	58	100	101	114	115	119	127	144	150	153	154	165	165	167	175	201	212	213	222	227	228	246	253	
0	5	6	30	34	45	47	52	52	71	80	83	86	92	93	99	118	138	162	181	182	192	196	232	234	250	
0	16	56	60	62	73	82	88	95	106	119	121	129	153	169	182	185	201	203	221	224	234	235	
0	15	21	25	26	27	30	39	66	84	91	128	143	161	163	173	178	188	195	198	227	231	235	238	239	246	
3	40	58	120	123	132	139	149	150	161	162	165	170	185	194	203	206	209	216	221	237	245	
8	12	23	24	29	35	43	48	52	63	64	64	76	84	99	99	112	128	162	162	167	180	181	185	199	200	203	206	206	208	210	218	219	231	240	246	
5	6	8	16	33	33	39	41	53	56	56	58	65	67	75	101	111	113	122	135	135	146	157	164	165	199	208	233	246	249	253	
7	10	32	43	55	72	92	100	106	113	128	143	144	154	161	185	202	207	239	241	242	246	246	249	255	
6	20	20	28	44	46	52	61	66	81	91	99	101	110	122	141	176	188	192	194	201	225	
14	28	68	80	89	97	110	123	123	125	156	158	168	171	199	207	211	213	221	231	254	255	
20	39	40	41	69	74	76	100	108	109	114	117	118	119	135	155	195	195	199	218	239	244	246	248	
0	34	46	54	93	94	119	122	129	137	179	211	236	237	255	
8	34	39	47	61	83	106	106	106	112	113	120	122	138	144	145	155	156	158	159	167	172	203	218	220	243	
9	21	29	38	39	44	66	85	88	92	116	117	120	127	133	138	160	162	177	190	190	193	200	206	209	229	
6	8	13	16	30	37	41	43	48	49	49	56	62	81	93	97	98	103	115	131	142	146	155	162	165	172	191	192	200	230	250	254	
2	14	15	21	22	43	43	53	55	61	68	74	81	93	110	114	123	124	150	195	202	228	240	242	
5	9	23	24	42	58	67	80	80	89	93	101	123	124	136	141	172	189	194	197	215	235	237	241	249	
7	17	20	45	46	48	62	73	77	78	102	113	118	124	141	152	185	186	188	188	200	204	230	233	234	240	244	254	
6	28	31	31	46	66	75	76	98	104	111	111	124	143	154	163	168	173	183	193	197	198	211	211	236	239	
22	77	89	104	105	108	120	123	128	161	180	185	200	221	245	
24	25	43	66	67	71	76	90	100	108	136	160	162	176	179	180	189	195	200	201	204	213	216	233	252	
2	4	7	8	8	24	26	36	51	65	74	82	89	94	96	101	127	131	145	166	183	185	195	198	205	212	224	226	227	235	248	254	
15	26	34	39	41	64	75	84	87	94	100	113	125	139	165	166	169	176	200	203	214	222	243	
21	34	49	61	63	78	105	113	126	135	136	138	142	144	150	168	180	187	196	196	198	211	212	219	225	237	
7	38	79	124	127	141	145	153	159	167	173	194	202	207	208	216	220	228	235	235	244	246	
7	10	28	33	48	58	59	95	96	114	115	117	121	135	152	154	155	157	190	192	194	206	208	213	222	243	250	
15	30	35	46	55	82	90	122	127	149	154	177	182	183	194	207	227	229	250	
22	45	59	64	65	68	85	91	96	98	104	110	123	123	128	131	140	144	146	153	163	174	235	
13	15	15	38	50	54	68	70	78	101	120	124	127	141	151	161	170	172	176	178	183	198	203	213	219	231	235	252	
2	5	24	24	27	28	39	46	84	90	101	106	108	108	116	117	135	135	148	151	154	156	164	173	183	183	195	198	206	220	225	
0	10	12	18	24	26	30	33	33	36	48	66	76	80	84	88	96	108	110	118	126	134	138	160	204	222	237	238	241	242	244	252	
4	11	17	22	22	30	31	36	37	41	42	69	75	93	98	98	103	110	128	130	135	174	174	182	184	186	188	199	218	
0	2	10	11	59	92	120	127	133	145	157	159	172	175	178	179	204	217	218	227	235	236	238	243	254	
35	56	73	86	89	109	147	149	153	155	156	161	170	176	181	181	181	181	183	187	194	205	209	209	224	243	
6	51	61	68	69	74	81	83	90	90	91	95	99	104	108	113	131	134	159	167	172	175	176	178	188	192	198	214	224	239	240	241	248	251	255	
15	25	44	44	54	61	64	66	72	81	82	100	127	135	136	140	145	152	155	159	168	170	178	182	189	203	238	
8	16	17	22	28	38	44	48	50	56	60	68	75	77	77	82	87	99	102	107	111	117	122	128	130	136	140	143	152	154	157	161	169	170	175	188	216	248	253	
0	5	12	36	58	62	69	78	103	106	110	110	112	128	130	130	177	177	191	196	212	221	227	239	
4	17	35	37	43	65	69	70	74	75	75	81	122	126	126	158	161	196	206	208	209	224	231	231	237	239	242	249	
8	27	28	48	51	54	55	79	88	92	133	136	146	158	159	180	218	220	226	229	232	236	254	
22	26	26	33	44	48	77	78	87	88	88	90	90	91	94	97	101	107	110	116	134	147	167	168	204	219	220	232	242	
1	1	7	23	47	66	71	73	81	127	169	181	208	210	229	242	
16	35	68	83	90	92	106	116	127	129	131	143	144	174	176	182	184	192	192	193	193	231	232	
15	16	19	21	36	37	49	57	78	84	100	107	115	118	138	140	140	142	146	185	196	204	205	221	245	252	253	
10	15	18	63	78	113	127	132	134	137	146	149	153	156	163	170	186	195	201	224	227	248	253	
49	55	60	63	69	69	89	94	95	143	144	150	151	157	176	179	204	217	219	220	226	236	255	
20	22	24	32	33	36	42	51	53	56	57	62	66	71	87	98	107	111	117	190	199	200	210	214	224	231	247	250	
9	29	36	47	50	52	57	61	73	92	105	122	133	135	152	159	196	205	209	223	228	252	
34	39	49	50	77	96	99	106	123	147	151	152	154	172	177	178	197	216	235	235	240	242	246	
3	7	28	66	75	86	94	103	119	151	151	160	161	173	178	180	184	186	193	196	212	213	224	230	241	242	245	
5	6	18	26	29	42	43	47	57	73	76	81	87	92	92	101	110	112	124	139	141	145	150	154	158	162	182	191	198	206	216	221	225	248	249	
2	12	15	20	44	59	63	67	73	96	109	153	182	197	209	218	224	238	
12	14	32	35	38	72	76	79	90	92	115	125	126	140	147	169	188	199	202	218	219	230	233	
22	23	38	41	46	58	75	78	101	105	115	120	122	132	139	153	170	184	185	189	194	200	221	224	224	235	239	252	
14	52	57	66	96	103	104	106	106	108	109	121	121	131	149	151	173	176	186	192	202	203	216	216	226	226	228	234	237	249	250	254	
19	32	33	34	44	53	60	62	72	79	104	108	121	126	127	132	134	138	149	194	206	213	224	225	237	248	
1	5	28	42	45	49	49	51	56	57	59	66	78	137	141	147	148	155	156	166	173	183	187	200	204	205	213	220	221	227	227	230	231	240	255	
5	6	6	8	18	23	28	34	47	56	57	63	64	77	79	83	102	107	110	124	131	133	147	150	151	175	178	188	197	199	200	217	218	231	244	246	248	
3	3	17	19	25	26	30	31	36	38	46	47	49	51	55	56	66	80	83	84	92	99	121	127	130	131	136	139	150	154	156	156	164	172	176	184	197	213	213	217	248	248	255	
4	13	28	60	63	80	85	85	98	102	114	124	137	141	150	155	171	189	192	193	208	245	
12	15	16	24	33	34	42	45	71	74	76	89	103	109	114	116	117	120	132	136	138	166	166	177	181	185	191	202	207	217	223	228	232	
7	9	39	80	83	83	88	91	122	134	139	149	159	160	169	173	175	178	179	208	226	229	250	
19	19	24	35	36	56	58	59	59	72	116	117	141	141	147	148	186	191	208	212	214	
7	10	11	15	33	47	49	52	109	113	123	132	139	142	165	166	167	176	178	182	183	183	187	202	211	212	216	229	233	
2	12	18	46	82	83	86	88	102	104	109	115	119	132	148	151	155	164	166	168	171	172	173	200	203	225	233	238	242	242	250	
7	10	14	32	42	47	51	58	61	65	80	114	116	123	126	130	139	147	162	175	190	196	199	204	232	238	247	249	
2	5	11	19	44	79	102	113	117	139	154	166	172	189	192	203	210	231	244	248	
8	17	28	49	78	116	122	133	157	161	181	189	192	203	232	232	238	242	254	
6	10	22	34	36	41	69	88	95	96	111	124	125	147	162	164	207	225	227	227	230	233	244	250	250	251	251	
3	5	16	28	55	61	97	104	115	138	148	152	157	162	191	191	196	197	204	205	206	207	207	214	214	231	235	251	252	254	255	
28	43	48	84	98	112	114	116	156	165	168	170	187	193	200	220	223	227	228	249	249	
5	6	13	19	21	36	67	75	98	100	132	141	142	149	156	159	203	204	233	241	
3	9	43	45	50	86	87	100	111	134	164	168	172	173	183	183	193	236	238	252	
33	35	56	57	62	66	70	111	121	125	130	134	146	155	158	164	181	191	200	204	208	222	224	224	226	249	252	254	
5	15	18	29	45	59	64	71	84	85	100	117	132	135	137	143	152	161	188	194	207	211	214	228	248	
13	19	25	38	42	46	48	52	64	67	87	95	100	111	126	149	168	176	185	200	220	239	254	
4	14	18	25	25	40	46	68	77	88	108	116	117	119	157	164	183	203	214	217	246	251	
3	4	33	39	39	45	60	60	68	71	71	82	112	127	142	142	152	165	169	177	187	195	206	213	216	221	239	253	254	254	
2	24	25	26	30	45	50	60	65	74	75	96	97	115	116	125	151	157	162	170	174	180	190	196	244	
