4	27	28	32	32	40	43	52	52	58	59	65	87	92	100	102	105	138	146	163	169	204	209	214	219	224	236	267	269	282	286	301	309	329	331	361	362	368	378	378	380	382	387	395	
18	21	33	37	41	42	49	50	53	63	67	73	82	88	125	151	151	168	194	197	202	207	218	242	247	253	275	277	278	278	286	291	292	297	297	300	301	323	333	335	337	353	356	377	387	391	393	
6	17	32	42	42	45	54	55	68	79	82	91	94	107	168	171	174	207	208	221	221	225	225	238	245	259	263	304	311	330	349	366	368	369	374	393	395	
10	23	59	78	80	108	147	148	152	161	170	178	225	235	253	259	268	269	297	304	315	325	328	348	359	377	382	385	393	394	
30	49	53	66	67	67	69	72	83	96	97	102	104	108	115	116	117	118	127	132	138	144	154	158	172	192	199	199	236	245	254	255	255	256	265	267	283	284	286	295	345	348	371	381	385	
10	14	18	54	57	57	79	103	105	125	129	137	139	172	177	182	182	183	187	190	202	216	235	244	252	263	265	280	289	291	299	306	319	328	332	355	357	363	364	371	375	394	
29	41	43	50	51	85	92	126	128	129	130	130	142	147	154	160	167	181	190	192	195	195	196	200	209	221	300	314	317	330	331	335	338	341	349	362	365	371	379	383	388	389	390	395	396	
2	2	5	24	26	39	41	42	48	56	62	64	65	67	68	77	94	95	97	100	103	115	129	155	164	165	170	175	176	176	183	192	207	220	230	233	236	239	258	264	279	290	296	325	333	343	347	350	350	355	361	365	371	393	393	
44	52	63	70	72	72	103	126	138	143	165	175	192	197	202	208	213	215	218	232	237	249	257	267	278	293	299	303	318	327	341	368	376	380	397	398	
1	8	10	14	19	24	27	34	34	46	51	95	100	109	128	161	189	193	195	204	219	227	238	243	251	275	281	305	326	336	337	350	358	386	393	
12	14	25	29	35	44	51	76	89	91	131	141	150	161	168	169	175	175	176	187	195	200	204	205	217	220	222	235	237	240	257	259	266	281	290	291	293	308	316	327	339	361	363	364	364	375	376	385	
7	8	9	13	42	43	47	56	77	88	97	103	104	127	178	214	216	234	246	249	262	265	276	276	284	285	297	310	317	326	329	333	337	338	351	353	358	366	371	374	398	
9	10	16	21	22	34	36	43	56	58	64	91	143	149	153	160	163	175	183	188	194	199	205	216	223	233	238	241	244	250	256	257	262	275	277	304	304	307	329	339	347	358	362	369	378	385	392	393	396	398	
4	8	18	21	36	36	54	59	75	80	85	86	92	96	102	114	114	118	120	133	133	145	173	196	198	213	220	222	229	243	258	272	296	298	302	306	308	314	318	337	345	367	377	383	399	
7	36	36	70	71	73	109	118	134	152	153	159	175	175	182	183	183	184	194	215	221	227	231	248	269	279	281	287	305	307	323	327	329	334	340	351	356	365	365	372	392	
19	22	32	51	71	96	102	105	107	132	135	137	139	158	158	162	164	173	173	180	188	194	211	217	220	221	226	237	251	254	256	276	280	294	312	326	328	333	333	337	346	352	362	364	375	380	
4	34	61	93	102	111	116	132	159	160	161	166	169	177	201	219	221	244	262	269	286	293	294	298	335	354	381	399	
1	2	25	51	74	100	100	106	114	117	117	127	127	128	138	139	147	163	168	173	175	197	200	203	213	215	223	229	245	246	270	292	332	332	337	339	345	350	350	352	353	359	363	384	395	397	
12	26	33	45	58	72	74	80	86	104	124	127	128	129	142	149	152	156	161	163	167	225	231	232	233	235	235	240	244	246	249	256	257	279	292	301	307	308	313	320	326	338	342	344	359	373	384	396	
10	11	14	37	41	55	56	62	66	82	84	116	126	126	128	141	149	204	221	233	260	261	261	291	309	323	326	327	330	330	337	347	364	367	376	382	399	
9	26	48	69	71	84	89	96	102	119	128	131	136	146	151	158	167	185	192	193	243	274	274	281	285	288	289	293	293	297	300	305	311	320	323	326	333	333	337	337	356	359	363	376	381	381	396	
18	23	38	50	60	83	90	110	129	131	151	166	188	193	195	209	210	212	214	234	248	260	265	272	273	288	290	294	318	320	322	346	369	377	
10	25	25	61	62	84	90	94	113	119	121	127	132	137	154	173	193	199	200	204	205	210	220	239	239	251	255	272	280	283	294	297	300	308	314	330	336	356	373	373	376	387	393	
38	50	50	58	65	87	100	110	126	129	135	175	187	191	206	229	235	241	248	270	276	276	278	280	290	301	307	309	309	322	323	326	331	333	335	351	352	365	374	377	378	383	
12	21	26	30	46	64	86	88	95	113	123	144	148	154	157	170	177	189	189	199	204	204	214	219	239	245	256	261	275	282	297	298	308	310	319	320	325	333	341	343	343	349	357	360	364	378	379	380	385	
13	17	51	52	53	79	82	92	104	105	110	110	115	149	162	178	207	217	222	230	257	259	260	266	269	270	275	281	285	291	296	307	321	327	334	355	357	379	393	
12	14	17	24	35	36	43	59	93	101	106	111	122	124	136	139	143	145	150	164	186	187	194	196	205	209	215	224	231	243	246	250	251	253	270	284	300	311	321	324	333	339	344	375	376	393	396	
22	31	42	52	57	61	79	81	83	84	86	94	95	118	119	124	130	143	146	152	158	168	173	185	187	196	199	221	225	229	232	237	245	248	248	281	287	321	322	329	330	335	341	343	345	354	364	368	373	374	378	383	383	384	388	
6	12	14	39	52	62	67	67	67	85	98	100	106	126	161	163	178	244	252	259	262	263	294	316	318	322	329	331	337	351	374	379	399	
0	3	5	9	16	24	44	61	63	71	81	91	123	138	140	144	145	146	163	169	184	189	192	194	196	200	205	214	221	251	253	262	264	277	298	312	325	332	334	342	359	393	395	
3	12	29	46	46	49	58	73	75	82	84	85	85	89	102	109	115	121	141	151	153	157	161	171	177	186	190	205	220	230	235	249	259	283	285	285	291	296	298	298	302	323	327	334	336	339	340	376	391	393	397	
10	18	23	54	59	60	61	62	83	84	105	105	114	127	143	144	168	181	195	209	210	222	233	234	251	253	262	269	271	276	287	316	320	329	334	340	341	346	356	360	363	370	390	393	399	
3	6	7	8	11	23	45	50	57	71	127	145	147	152	171	172	178	180	186	188	193	194	198	207	232	254	258	275	277	277	302	311	324	332	341	342	343	356	366	377	389	392	
16	23	38	63	79	87	96	104	115	126	128	128	131	132	135	150	160	181	201	206	221	247	261	285	289	294	301	303	316	335	340	342	343	367	377	386	389	390	399	399	
2	16	16	19	31	36	57	59	71	78	83	88	93	97	100	110	119	119	122	124	129	138	142	142	145	146	156	159	170	171	179	189	200	212	224	227	235	243	270	272	280	287	291	299	300	343	373	375	377	396	398	
8	18	23	25	46	70	74	77	85	93	105	108	132	151	153	154	158	159	163	187	200	217	221	239	263	264	271	295	308	308	329	338	340	346	347	351	351	355	372	380	
4	24	30	53	67	72	75	84	90	116	122	122	124	134	135	144	154	164	176	181	190	203	220	230	231	240	279	285	295	307	318	320	328	338	351	367	369	370	382	382	390	391	393	
6	23	41	45	49	51	54	68	71	91	104	119	138	140	144	160	161	165	175	176	187	190	205	210	213	244	244	271	312	319	352	358	365	381	384	387	391	395	395	397	
10	14	43	59	64	70	73	88	101	109	111	113	117	126	133	146	195	197	207	209	219	231	249	254	261	267	269	271	281	295	301	310	313	321	324	327	342	350	358	392	397	
1	4	5	17	40	48	86	105	107	107	110	112	129	162	163	176	192	198	206	230	248	249	258	283	291	292	317	334	337	340	344	346	354	357	367	371	
2	3	7	18	20	27	39	42	45	48	56	75	97	102	106	118	170	173	186	192	201	215	225	226	250	275	293	294	305	305	309	316	349	349	349	355	358	359	363	368	373	378	381	394	
4	7	13	20	29	52	88	110	111	113	128	136	143	147	148	149	166	169	177	177	179	179	186	195	196	200	200	201	201	205	208	235	235	243	266	267	277	299	329	330	338	351	352	355	364	366	381	390	395	396	
7	8	8	11	15	18	20	28	37	39	41	54	58	71	80	94	102	107	139	155	176	178	182	182	192	199	204	224	236	238	242	247	254	268	325	336	336	352	353	359	369	
4	6	14	29	32	36	75	80	81	83	85	94	97	107	149	150	163	174	178	184	190	206	209	225	253	253	265	270	272	274	286	308	327	351	358	368	377	385	385	392	393	
0	1	7	7	10	14	57	67	74	79	86	89	108	127	130	132	142	142	151	157	167	170	170	181	191	228	276	277	288	289	295	303	322	329	334	347	367	367	370	372	374	380	399	
19	31	31	39	46	69	71	79	79	84	87	93	103	114	116	128	132	140	177	184	187	188	201	216	229	241	251	260	296	302	314	320	323	332	332	348	352	353	370	372	376	383	385	390	394	396	
2	23	31	41	55	62	115	128	145	158	166	169	171	176	180	184	185	186	204	212	213	214	216	222	236	259	261	277	281	310	311	316	321	322	328	330	330	333	333	337	338	349	374	374	383	385	392	
16	28	31	45	76	88	96	116	127	133	148	162	189	191	195	200	208	222	228	236	236	238	247	278	302	311	317	320	324	327	328	334	372	389	390	
63	72	102	105	119	143	149	156	162	167	174	189	203	209	211	222	225	242	259	263	273	275	288	288	297	311	335	339	345	357	379	382	386	391	392	
15	42	56	65	65	71	87	91	120	121	128	132	144	145	195	197	203	203	208	211	234	250	261	268	277	319	321	343	349	360	364	394	
0	12	30	39	40	53	88	95	113	117	156	168	170	177	180	192	193	205	217	222	222	245	260	269	273	279	285	292	307	322	345	346	349	353	360	360	367	378	382	
10	12	15	81	91	97	105	109	124	134	139	142	152	154	163	184	205	237	251	256	257	259	272	281	286	287	292	298	304	305	310	310	311	336	347	357	372	375	384	
4	5	6	11	21	36	43	44	49	51	70	75	76	99	113	114	117	118	128	131	164	166	168	174	213	222	224	242	243	269	272	297	310	333	342	344	345	347	353	362	381	385	398	
19	33	51	69	75	76	76	78	97	133	142	144	190	192	203	212	224	227	230	238	242	253	293	310	356	358	365	376	377	385	398	
0	1	9	15	34	42	50	52	62	66	70	105	115	124	130	137	154	157	163	167	192	206	221	236	237	242	257	263	308	315	341	342	345	368	378	
2	24	27	44	70	70	72	102	124	133	134	142	151	184	197	219	225	263	266	270	275	290	291	294	297	308	331	357	369	370	374	380	385	389	390	393	
7	13	48	55	66	73	91	93	105	105	112	124	142	148	150	165	172	174	191	191	195	196	199	202	224	227	232	250	253	258	267	270	271	293	298	300	325	329	334	340	345	352	370	374	375	386	389	394	
3	5	6	13	28	33	44	46	53	70	79	113	140	141	149	151	152	153	206	210	226	226	232	242	247	267	268	289	293	295	312	322	335	352	355	358	361	366	370	379	389	389	390	
7	8	16	31	36	39	49	50	50	56	56	62	65	77	95	97	106	117	129	133	147	162	167	168	168	171	188	193	199	220	225	230	234	234	237	247	271	282	308	314	322	331	336	338	346	347	394	
11	17	32	42	48	62	76	86	92	95	100	138	139	144	176	177	186	226	235	238	240	258	263	263	270	271	303	316	325	330	340	349	355	361	373	376	383	393	398	
3	4	18	30	41	50	51	51	52	79	83	83	87	122	134	138	139	139	157	159	164	164	172	174	188	190	198	222	227	243	265	266	280	289	309	336	344	359	362	371	387	390	395	399	
1	12	12	16	45	45	50	63	69	73	78	105	111	115	120	127	128	134	159	160	184	186	202	206	235	239	251	259	275	289	302	305	317	320	323	334	360	373	389	391	394	395	
11	18	25	40	63	66	70	101	107	120	136	137	168	174	190	198	204	209	216	218	236	256	262	264	284	287	303	310	319	334	338	341	341	346	347	352	352	354	355	358	359	365	365	366	388	399	
4	15	20	37	42	45	79	84	84	90	109	111	117	120	122	122	126	131	141	148	152	162	163	175	178	178	185	191	191	207	209	215	222	244	273	291	294	317	321	326	353	360	374	388	391	396	397	
27	32	44	67	71	86	90	96	100	100	118	143	161	173	178	217	233	243	245	266	271	274	279	286	292	304	316	321	325	328	334	351	368	381	384	385	385	388	388	394	396	
20	25	38	39	43	43	44	48	60	77	90	103	123	125	133	136	140	147	147	161	162	177	179	183	190	194	194	197	201	204	212	222	231	232	235	262	282	292	293	298	334	342	342	344	359	361	363	368	370	372	372	381	386	387	393	397	
0	4	8	43	47	50	54	73	85	96	122	123	125	151	161	167	172	179	182	186	191	194	208	220	224	241	251	265	266	271	274	278	284	292	299	300	301	302	309	312	325	339	339	347	350	361	375	390	
0	12	41	45	56	91	92	93	104	113	116	117	122	131	150	161	164	169	176	180	191	197	206	208	211	221	233	234	234	242	248	273	276	284	287	293	305	306	312	317	320	322	329	351	365	
9	20	25	28	30	41	56	61	70	84	93	98	109	142	149	180	185	198	199	203	207	208	231	235	242	250	252	256	264	265	273	278	281	301	304	338	367	375	375	380	381	397	
0	10	15	17	18	24	31	45	52	83	86	92	103	123	133	136	140	151	165	165	167	203	214	229	229	231	239	240	245	248	254	264	266	267	278	281	285	307	334	336	349	359	378	379	396	399	399	
80	84	84	85	87	87	91	99	99	103	103	121	134	151	156	173	177	182	189	195	195	210	214	225	227	228	230	231	245	249	254	276	292	317	324	331	339	344	360	364	383	384	389	391	392	
19	26	35	41	43	55	63	64	68	81	98	102	104	107	114	117	125	131	138	148	150	152	166	167	181	190	193	198	203	235	253	255	262	288	290	292	300	302	342	345	349	355	374	380	383	385	392	396	
11	18	26	44	47	48	53	78	78	80	87	96	98	106	117	126	128	139	146	157	162	170	188	191	194	196	211	225	263	266	274	300	321	329	356	356	359	367	390	
1	3	17	18	41	48	58	64	74	78	100	102	112	119	122	143	150	153	153	169	181	184	187	188	194	197	200	203	205	240	241	282	297	306	307	310	312	330	343	351	351	357	366	366	367	372	373	388	391	396	398	
20	28	29	34	35	40	44	69	72	88	89	98	102	107	117	127	134	139	140	149	159	160	161	163	222	225	226	253	258	272	283	288	296	305	314	327	339	374	382	383	396	
12	21	24	25	26	40	56	69	81	81	82	96	139	144	148	152	158	160	163	165	168	172	186	226	231	254	256	263	272	277	291	294	297	298	304	314	344	353	372	377	388	396	
0	1	8	10	11	28	32	35	45	55	67	92	125	137	147	148	163	200	244	254	262	278	320	320	327	329	350	350	350	382	394	399	
4	10	28	45	49	61	68	92	102	106	144	146	153	165	165	171	177	197	210	212	212	218	236	238	243	262	263	264	271	276	281	286	317	332	336	342	354	356	374	386	387	394	394	
8	15	22	39	39	39	43	54	60	71	84	94	126	129	131	138	153	154	159	170	174	174	175	180	184	185	199	212	223	223	236	239	255	268	279	289	292	297	298	313	313	315	316	325	343	348	354	387	
2	25	29	35	59	62	65	70	98	127	133	143	148	153	169	174	175	183	183	204	213	246	246	255	258	260	262	269	271	290	300	304	322	359	363	368	377	386	395	
4	7	14	65	68	68	69	77	100	118	130	131	132	145	152	156	168	179	185	193	194	197	214	222	226	227	232	233	235	241	245	257	280	285	296	299	305	311	313	333	337	337	356	359	364	399	
8	13	16	26	30	39	42	53	54	64	88	94	103	108	121	136	154	155	156	158	159	171	176	178	183	197	199	228	228	302	308	319	338	338	345	346	349	365	369	381	383	387	
8	10	33	36	42	50	50	66	96	100	100	102	108	125	127	138	159	161	162	172	178	202	221	222	224	231	235	241	257	266	293	295	296	300	309	311	319	321	335	340	350	355	360	361	384	386	389	
27	36	42	43	59	80	85	86	91	95	122	138	140	156	165	168	173	182	186	194	211	213	218	225	229	232	236	251	260	262	273	276	279	281	283	289	292	296	299	330	334	347	351	359	376	384	386	386	392	396	
21	28	35	47	59	65	96	112	139	162	163	167	183	218	225	240	246	253	257	266	299	321	345	346	348	371	373	374	377	391	393	
3	11	13	33	43	52	60	65	74	90	107	118	128	131	137	142	144	145	155	159	179	185	211	217	229	264	265	285	298	301	315	341	342	355	357	397	
18	27	50	71	75	82	99	103	109	112	119	122	134	146	162	167	172	181	182	188	189	190	208	221	232	252	259	279	296	306	319	326	328	335	354	358	388	
4	20	25	31	32	35	40	44	55	71	77	109	111	112	119	137	143	153	156	180	190	199	202	212	221	226	228	236	239	239	250	255	270	295	295	297	323	330	334	337	338	353	354	355	372	372	374	378	380	389	394	
4	20	22	30	30	32	60	64	69	78	80	87	93	98	117	120	139	140	149	151	155	159	179	184	185	192	201	214	216	235	250	254	280	311	319	331	331	336	341	345	350	385	394	399	
9	18	23	24	40	44	62	63	86	109	109	179	196	196	202	203	214	216	216	238	239	260	280	282	285	285	287	290	302	314	314	325	328	334	339	342	352	361	372	378	379	395	398	
3	11	16	25	28	47	48	53	56	107	131	149	166	182	186	210	210	224	224	225	236	250	268	271	272	279	304	307	311	319	323	332	341	341	341	353	353	354	362	371	380	384	
35	46	67	81	87	90	92	93	117	119	123	126	147	164	197	197	214	215	218	220	223	225	237	251	252	262	302	315	323	328	330	338	366	367	372	379	388	389	390	390	
7	8	40	40	47	51	66	67	71	80	82	87	114	127	134	136	140	155	157	170	177	186	191	191	196	200	215	219	224	236	240	249	274	277	285	286	301	306	307	310	327	343	369	389	394	
5	9	11	38	42	52	54	54	75	80	82	90	100	105	106	106	107	107	112	112	126	162	165	169	185	187	189	191	197	207	215	227	231	239	241	251	271	280	299	303	318	324	331	342	359	364	368	370	378	382	
39	55	59	61	79	84	89	96	97	110	112	124	152	154	158	167	170	171	172	174	203	223	223	226	239	248	258	259	268	307	313	339	342	349	354	359	372	
17	20	31	39	66	70	75	77	77	78	88	93	106	107	116	120	137	143	171	186	193	197	198	204	209	214	219	237	239	250	267	279	281	309	322	331	332	337	348	349	386	
5	5	7	9	9	15	15	22	26	45	53	55	55	59	91	99	104	110	119	122	144	156	166	167	167	191	197	216	228	234	242	254	257	277	287	314	321	325	326	341	343	355	361	362	368	374	385	394	
0	4	4	11	17	23	29	57	58	62	70	72	86	117	120	120	128	144	158	161	178	187	189	193	200	205	209	218	224	236	237	252	259	267	269	274	275	278	291	299	306	306	333	347	355	378	382	386	
0	33	40	43	48	56	74	75	101	120	124	125	125	129	139	145	153	163	164	177	197	206	215	228	243	247	250	264	282	282	288	300	301	328	328	329	340	343	344	351	364	371	376	377	379	379	379	379	388	389	
1	12	50	50	64	64	75	79	80	92	107	107	119	124	126	129	135	136	172	175	200	205	257	261	263	264	269	278	282	287	304	309	313	322	345	348	371	372	374	377	380	394	395	396	
0	5	7	20	42	47	50	64	90	123	139	150	150	151	156	160	185	196	203	214	216	220	259	261	270	279	285	303	326	328	329	330	355	361	369	378	383	395	
4	13	37	43	44	47	61	68	72	73	96	103	124	129	135	139	139	150	153	156	156	157	162	171	174	184	190	199	201	236	242	254	285	286	302	306	306	313	318	324	324	325	331	357	357	358	359	376	380	383	399	
1	3	14	19	35	36	49	52	58	60	87	105	118	133	186	197	201	229	233	241	248	253	272	294	296	315	338	360	360	390	396	
0	3	19	23	41	45	46	46	52	53	54	70	89	92	93	120	129	132	148	158	169	172	172	176	184	185	187	200	201	204	238	253	270	273	280	305	318	324	329	333	342	345	363	364	372	373	383	392	
14	14	16	51	52	56	81	89	90	91	95	115	122	130	152	169	170	181	182	196	198	217	226	277	288	290	300	304	320	325	326	328	331	337	352	360	362	372	382	382	385	392	
3	8	18	31	38	44	58	106	107	110	116	142	149	175	181	194	196	221	224	230	234	235	331	340	347	368	375	390	398	
1	17	35	38	57	65	65	68	69	78	85	96	118	130	136	145	150	150	155	168	181	188	208	213	217	230	277	292	296	321	330	330	330	332	333	335	337	338	348	352	354	358	366	376	377	390	394	396	
3	22	35	57	60	66	76	76	80	82	92	108	121	128	128	136	143	149	165	171	178	192	193	196	216	223	235	236	240	260	278	278	283	285	298	304	320	322	336	337	340	340	340	347	349	354	356	370	375	379	391	395	
3	19	38	41	45	57	62	65	72	72	86	96	103	116	131	160	170	184	187	189	198	214	217	251	259	270	279	281	300	301	310	322	325	327	342	347	351	353	369	375	392	399	
32	34	46	47	50	104	107	108	125	129	135	151	159	171	174	179	184	189	201	218	226	233	249	271	273	274	275	285	296	314	319	323	331	373	373	
2	12	16	18	19	63	64	65	77	80	81	84	87	98	103	107	108	120	126	136	138	145	157	164	167	176	185	198	211	231	232	237	258	303	312	312	327	335	348	352	355	365	376	390	398	
7	26	45	67	69	81	87	91	105	108	116	118	123	126	127	127	141	143	145	172	198	199	203	214	217	222	224	230	252	253	256	258	260	264	316	344	353	355	356	360	361	361	370	371	372	387	390	
27	35	37	63	71	72	74	89	98	103	106	111	115	137	157	160	176	180	191	206	213	221	236	240	246	250	262	270	276	293	304	305	310	319	331	335	340	349	356	358	365	368	370	374	381	
8	12	29	31	36	42	64	65	73	80	81	93	96	98	100	101	106	108	110	110	140	147	150	153	173	183	205	216	231	252	294	296	298	301	315	320	326	327	327	328	332	354	363	369	375	380	386	397	
2	9	11	13	19	21	39	42	49	52	63	76	80	87	90	91	100	104	115	137	142	144	150	151	156	186	201	224	265	267	288	295	296	313	314	330	338	341	343	344	344	348	358	359	380	385	389	399	
4	15	22	27	36	38	42	74	89	119	146	159	167	180	193	218	219	229	242	243	249	249	279	286	292	299	304	314	330	336	337	349	367	380	
34	84	113	136	140	145	147	159	176	194	220	238	241	244	248	258	258	262	274	278	284	299	316	317	325	356	368	374	375	382	394	399	
14	25	27	30	48	54	78	80	80	81	95	98	99	133	147	148	165	171	182	187	196	205	207	210	214	218	234	239	277	295	298	304	305	305	307	313	320	321	321	339	355	357	360	365	368	369	388	
4	7	8	16	16	21	24	30	47	50	62	64	97	107	110	114	123	131	149	155	171	179	182	184	202	203	205	211	212	220	234	242	258	282	284	299	301	305	313	317	321	325	327	328	333	338	341	349	353	355	367	376	376	386	392	
14	29	30	34	35	38	55	57	59	62	75	75	78	84	85	85	102	106	122	135	136	137	160	179	186	193	194	201	224	233	250	255	265	271	284	298	317	323	351	351	353	357	358	368	371	382	385	
1	26	38	43	58	61	114	124	134	154	157	158	160	174	190	193	204	215	226	229	259	271	272	274	293	294	315	329	343	347	350	353	366	374	375	379	
5	7	22	24	48	52	53	54	76	79	97	97	97	115	125	130	200	202	202	203	207	213	232	239	281	293	310	341	343	345	352	352	356	359	367	382	387	
3	46	50	54	59	73	74	77	90	103	112	121	128	128	145	149	152	159	163	170	173	174	178	178	181	200	205	210	211	223	260	283	304	311	317	327	328	332	332	335	336	343	348	353	361	362	371	372	391	
9	13	21	23	29	35	38	42	49	51	53	62	81	89	98	114	121	173	208	212	218	218	229	239	240	252	254	260	261	263	264	269	272	274	274	278	281	302	304	309	310	328	335	336	340	345	347	361	369	374	387	397	
19	30	31	32	56	98	116	117	120	122	157	159	163	164	169	177	178	217	248	278	280	283	299	305	316	317	319	325	327	341	346	348	348	358	359	385	386	
6	6	13	26	27	28	31	52	63	68	72	73	88	89	94	133	143	144	161	198	250	253	264	270	270	299	304	343	346	357	357	357	358	367	377	378	387	393	394	
9	28	52	55	62	66	72	76	83	114	135	141	159	172	186	232	246	249	251	258	276	279	290	299	309	325	339	350	366	369	374	382	399	
1	5	17	19	30	32	55	59	60	74	76	112	113	115	121	126	132	133	143	148	152	160	177	191	199	220	222	228	228	257	279	286	286	294	308	316	317	322	322	331	337	344	356	358	358	360	367	380	382	394	
6	9	10	11	14	17	20	51	60	79	84	91	93	97	104	107	108	113	125	127	146	155	182	189	208	217	224	227	260	316	323	338	341	350	352	361	364	386	392	
27	34	55	63	71	77	80	85	85	99	103	106	109	113	134	135	139	141	166	174	181	185	189	192	203	223	245	245	249	260	269	284	286	287	298	300	318	320	327	333	349	368	369	384	
14	27	49	60	66	71	72	82	92	111	129	134	141	144	163	166	167	168	179	189	256	259	302	313	315	336	344	374	390	393	
26	34	41	45	58	64	67	73	77	90	91	94	114	117	119	135	135	155	156	196	215	216	217	217	227	239	251	252	254	255	274	298	300	307	308	311	319	355	355	360	364	368	
2	2	24	31	41	47	56	67	92	96	98	116	125	162	167	181	185	202	212	236	238	244	265	267	268	272	309	310	324	329	338	343	344	353	355	358	360	363	369	388	389	395	397	
4	5	5	17	24	27	37	38	41	70	71	98	100	108	109	138	141	181	190	206	211	230	230	240	261	266	268	269	275	276	283	283	301	313	320	323	327	333	347	357	362	373	394	399	
32	54	58	110	114	118	120	159	172	174	184	196	203	209	224	225	234	240	250	295	297	302	311	313	315	318	323	334	343	344	352	355	361	362	364	373	389	393	396	
15	26	29	31	47	54	59	88	103	104	110	126	137	155	211	212	217	226	227	228	235	235	239	251	253	257	269	310	323	324	330	340	346	348	348	354	370	381	387	397	398	
0	47	81	86	94	95	119	126	150	153	165	165	165	203	243	259	281	282	295	328	356	370	389	389	
10	13	18	23	44	66	66	77	78	82	85	91	123	130	140	165	201	211	221	237	241	245	246	249	252	266	295	301	306	307	314	317	332	349	357	357	370	381	385	386	
25	43	65	69	79	101	119	137	146	174	178	187	190	217	229	234	241	256	257	282	295	296	317	319	321	321	349	354	378	379	382	
2	50	55	81	106	107	121	123	127	128	129	136	144	151	159	160	178	181	188	190	196	199	208	220	258	271	274	292	305	327	349	353	354	356	357	365	390	396	
3	19	34	48	52	53	63	89	103	111	112	120	121	127	132	135	157	170	175	182	182	188	209	225	227	251	273	278	281	304	315	322	324	331	334	355	356	363	368	380	391	398	
0	9	24	32	69	87	95	98	105	120	120	121	124	146	197	197	203	209	235	242	256	259	260	274	276	276	296	301	334	343	349	357	373	387	
3	14	41	57	69	71	71	74	82	96	103	114	128	130	141	149	152	157	161	167	173	174	176	212	214	240	242	246	247	248	249	265	271	293	295	295	298	337	353	360	362	367	369	373	382	
4	16	16	19	34	71	77	87	87	101	125	126	151	159	162	166	174	179	181	189	193	195	208	224	228	231	238	240	245	256	258	260	263	283	288	301	306	308	316	343	356	369	379	380	387	390	397	
3	12	21	31	39	42	43	47	60	63	92	102	114	135	151	161	175	176	194	201	201	209	218	227	257	261	262	263	265	266	273	285	293	295	295	316	320	325	361	361	371	379	392	393	395	396	398	
23	29	31	40	51	51	57	79	100	100	104	108	113	116	125	146	179	181	187	205	205	212	227	238	242	254	261	262	283	288	291	305	327	329	334	338	341	358	366	369	
17	33	35	39	45	47	61	61	62	63	63	75	94	114	130	131	137	157	206	207	218	227	233	240	244	248	252	256	266	271	298	298	322	329	329	341	341	366	375	388	393	397	
5	7	22	39	73	78	84	89	91	99	108	109	114	125	132	134	142	146	154	155	176	179	191	200	211	234	238	252	278	279	284	285	290	293	304	341	351	392	
1	1	6	12	13	28	31	35	53	55	64	66	81	89	106	116	133	158	173	173	182	185	187	200	202	210	212	213	231	235	239	240	254	258	261	292	309	317	322	325	326	327	331	336	341	341	357	
3	9	11	20	33	42	47	54	69	71	72	73	78	89	110	111	115	115	117	119	141	143	148	165	185	187	190	201	214	226	231	240	246	250	286	291	293	300	303	310	347	351	352	352	361	365	366	376	378	385	398	
21	22	31	38	44	55	78	104	115	123	128	137	146	151	155	170	172	172	184	185	187	187	191	204	240	242	246	261	269	281	288	289	316	324	335	336	347	356	366	367	378	381	393	396	
7	21	28	55	60	64	66	94	96	98	110	112	128	148	166	170	192	202	220	253	281	301	303	309	314	318	326	329	339	340	344	346	348	350	357	385	386	391	
10	19	38	39	50	58	83	88	92	103	109	124	125	131	145	154	155	155	163	186	209	222	233	243	251	263	268	271	275	277	278	283	297	318	350	371	382	384	389	391	392	395	396	397	
4	10	13	15	16	26	39	47	61	66	67	72	86	96	101	130	136	141	152	168	182	214	217	223	226	232	241	242	246	268	269	281	288	298	300	300	309	310	313	316	324	329	333	334	339	346	370	377	378	392	398	
0	6	11	24	27	27	33	93	99	101	105	133	140	140	141	143	143	172	180	184	198	200	206	212	236	241	252	260	263	273	289	294	294	299	311	313	317	331	331	331	346	360	377	397	
60	70	75	85	86	88	90	96	149	158	166	175	179	192	208	209	218	253	257	266	297	324	327	327	328	330	345	362	379	380	391	397	399	
14	16	16	20	30	38	41	54	58	77	102	110	117	121	124	143	155	164	179	184	202	219	223	232	233	233	238	241	262	268	270	272	276	295	297	305	314	323	327	340	340	340	345	358	371	380	381	
9	14	21	29	36	37	38	49	56	64	67	69	74	84	99	125	130	130	132	142	178	179	204	211	223	224	228	232	259	259	261	274	290	295	297	299	309	310	314	318	323	329	337	342	347	354	373	389	390	
0	11	14	20	28	29	67	87	108	109	118	120	145	152	166	173	173	186	193	218	221	227	250	263	263	276	287	313	338	346	350	350	375	398	
3	31	32	35	38	63	71	77	86	102	104	113	116	119	124	126	128	138	164	185	223	230	263	273	294	306	307	324	327	331	342	351	362	369	371	374	386	397	
8	11	31	43	54	58	67	78	83	86	101	115	117	121	123	127	130	139	141	150	153	161	170	180	193	200	216	219	222	237	245	253	256	256	262	267	290	299	299	323	323	332	332	334	336	349	351	358	360	362	363	387	
15	25	55	65	73	74	77	89	93	100	121	131	141	144	159	188	202	205	236	250	269	270	293	293	311	311	312	328	335	344	347	354	360	373	384	385	
4	7	22	38	45	55	91	111	112	118	127	137	147	152	158	159	168	169	204	214	216	227	244	302	307	316	318	324	326	333	333	368	368	370	378	378	388	394	397	
2	13	27	30	32	37	40	43	49	53	69	86	89	91	105	113	132	147	155	166	166	167	176	213	223	231	234	241	263	268	268	281	303	308	309	310	312	316	319	319	324	326	337	337	344	378	379	382	382	385	
1	5	7	9	9	11	13	13	49	59	64	77	85	90	92	94	102	112	114	114	119	121	139	143	171	173	179	179	181	190	192	197	204	212	219	232	237	238	256	260	290	307	312	323	329	334	339	341	345	390	393	398	
3	4	6	8	10	14	20	27	45	63	64	67	77	87	89	90	95	106	109	111	111	112	118	135	140	190	195	200	202	223	233	237	255	268	285	301	318	319	320	321	322	333	335	351	360	361	362	380	392	392	395	398	
12	18	27	33	44	62	99	101	120	123	125	137	140	141	157	159	164	194	198	230	232	234	237	257	268	282	290	305	308	316	336	337	339	339	342	343	343	344	352	359	366	385	391	398	398	
5	22	32	37	69	72	87	97	106	108	114	118	166	189	200	215	240	258	268	275	280	287	330	337	341	357	373	377	381	382	396	398	
3	5	15	40	56	57	60	67	83	90	101	109	125	133	144	151	185	185	194	202	208	211	217	223	240	257	264	284	293	297	309	313	351	370	372	375	381	384	397	397	
12	19	26	27	48	60	65	70	73	73	104	111	120	124	146	152	202	214	219	220	223	237	239	240	255	256	257	269	279	280	284	284	290	301	312	336	343	347	361	371	374	380	381	383	
29	34	39	46	58	69	75	76	80	85	89	93	98	98	101	106	124	138	145	155	173	173	176	176	179	181	206	210	213	215	237	239	248	280	298	311	330	343	350	357	361	363	367	384	384	386	389	393	394	395	398	399	
5	6	21	28	35	74	87	97	116	118	121	138	141	149	153	167	175	184	201	207	217	223	235	250	255	256	267	280	291	306	322	325	346	365	373	386	391	
40	58	72	73	81	84	93	116	125	140	150	161	165	174	174	178	200	200	205	206	213	228	245	247	247	248	283	300	309	324	339	353	355	363	371	386	386	387	
4	28	32	43	50	53	57	69	70	75	89	139	150	165	170	170	183	192	203	217	233	234	239	247	254	282	299	308	318	319	326	347	351	352	366	371	382	384	
3	6	17	17	41	45	58	69	83	86	105	107	113	136	162	170	172	197	227	227	243	273	276	277	310	320	335	338	344	344	350	359	361	365	366	373	378	379	388	
0	10	11	25	27	30	49	56	65	70	79	85	86	108	113	119	119	121	135	136	137	198	215	236	239	240	246	252	258	261	271	276	279	282	283	287	289	297	326	335	337	338	340	340	355	363	363	376	392	392	398	
22	35	37	40	42	44	58	60	74	78	80	99	114	120	125	127	129	136	142	155	157	163	187	195	197	199	208	220	239	255	258	265	266	275	286	321	325	328	339	339	359	365	370	376	383	390	
6	19	37	64	64	66	66	69	73	73	78	94	96	96	97	100	113	125	133	158	184	190	192	203	206	209	210	239	280	287	307	320	330	339	365	376	383	384	387	391	392	
0	0	2	5	6	14	22	22	23	30	82	90	92	118	140	143	148	164	177	182	186	191	209	209	210	210	216	217	223	226	228	229	234	241	247	253	265	280	288	294	296	300	309	312	317	323	338	344	347	375	377	389	392	
12	15	24	33	36	37	44	56	73	83	106	121	191	207	213	230	238	240	243	246	249	256	276	277	282	284	287	289	292	296	323	323	324	334	340	344	363	364	372	380	388	394	396	
17	21	26	81	94	98	99	101	108	116	146	154	155	155	168	183	193	202	205	215	220	230	237	253	268	283	324	331	338	353	360	363	366	372	376	381	386	
19	25	31	35	58	59	59	59	64	79	92	93	117	140	146	161	162	166	173	177	188	194	197	210	211	219	219	231	231	244	249	271	278	294	295	309	317	320	325	331	333	348	354	357	360	369	371	372	385	391	
11	49	61	109	110	112	124	134	134	146	158	158	163	167	168	170	174	192	198	215	223	227	228	241	254	254	268	275	275	285	311	312	320	324	338	344	350	357	381	389	
10	16	18	20	22	22	31	32	33	36	40	48	62	68	71	74	75	95	103	113	130	136	141	150	158	161	163	174	205	208	227	229	233	233	240	242	245	246	251	254	255	302	302	319	327	336	339	342	367	381	387	387	
0	9	14	15	28	36	46	48	65	93	108	126	132	197	217	223	227	238	240	255	258	260	268	285	286	296	319	334	350	351	352	355	356	357	361	370	370	371	
15	20	39	65	69	81	88	89	97	101	128	131	138	156	158	159	162	163	166	174	184	218	232	244	246	247	258	261	279	308	308	311	325	332	334	336	338	341	362	364	372	
5	13	33	55	57	65	81	89	118	118	121	170	171	238	242	248	251	263	277	312	313	325	332	336	342	348	350	356	376	
25	48	57	70	80	81	88	90	102	108	112	119	124	136	153	158	171	174	177	181	195	223	227	249	255	267	267	326	341	349	361	365	366	366	371	372	376	381	388	394	395	397	399	
3	20	25	25	37	44	54	57	72	76	79	82	109	118	122	137	140	151	163	163	176	186	197	198	199	204	220	220	226	232	247	249	257	258	265	266	270	281	282	292	297	310	311	314	332	339	350	374	389	391	
15	36	39	56	56	59	83	92	94	101	116	121	155	248	267	271	273	277	291	312	316	324	333	336	340	341	344	346	358	362	366	369	370	370	371	388	396	
41	53	55	60	66	76	94	101	117	124	129	133	147	150	152	162	176	202	207	221	228	234	267	287	291	293	322	324	336	359	369	374	377	
0	13	34	35	47	56	58	59	64	97	106	107	145	147	148	168	172	190	197	211	218	219	222	222	224	226	229	240	268	324	333	335	339	349	351	354	354	366	366	
25	40	60	63	75	79	89	94	97	98	120	127	144	159	191	191	196	196	200	221	228	228	241	246	268	270	290	297	303	309	311	312	315	324	331	346	347	357	360	362	364	376	382	383	385	385	389	391	
29	32	34	42	46	46	56	85	86	100	108	108	110	111	121	147	160	169	177	190	198	199	218	231	237	242	244	249	260	264	275	286	287	290	291	292	303	304	325	328	338	379	383	384	396	
3	33	41	42	63	63	94	100	117	127	142	181	190	192	199	206	219	222	233	265	292	302	306	309	319	326	333	342	367	384	386	387	
21	25	31	34	36	37	59	80	85	101	112	116	118	126	164	191	194	207	212	219	220	229	238	241	251	262	278	282	289	311	312	313	338	338	339	339	345	351	354	359	361	362	364	375	388	388	
26	27	33	43	66	69	76	87	94	94	98	109	119	126	136	138	139	140	152	167	175	175	180	181	186	187	201	201	205	218	218	241	242	251	274	292	336	345	346	357	364	368	375	376	387	397	397	399	
0	12	17	22	28	40	48	52	52	53	55	62	68	102	110	116	129	134	209	212	222	227	247	255	260	261	267	288	289	293	297	305	324	338	342	348	349	354	395	397	398	
6	17	21	30	32	33	49	54	59	59	61	77	87	115	123	128	129	134	139	144	145	148	150	156	162	171	180	182	185	211	225	245	254	271	274	277	279	280	282	302	310	320	323	324	345	350	354	368	373	377	381	391	396	
2	6	9	12	33	43	47	52	82	98	99	99	115	127	152	165	167	177	178	183	197	210	238	242	247	252	262	285	299	301	302	332	345	346	352	377	380	391	393	
17	21	38	67	68	95	97	98	99	99	103	123	123	127	134	171	209	246	255	257	268	271	272	288	304	306	308	324	325	328	343	356	365	375	375	379	384	398	
1	7	8	33	48	51	61	68	77	78	104	106	108	113	116	117	158	198	198	203	218	220	227	234	254	282	284	288	289	293	294	321	331	332	348	354	369	383	385	387	395	
7	10	25	45	54	68	98	103	105	110	122	123	154	160	164	170	175	191	195	205	223	227	228	234	237	240	251	252	257	299	306	312	328	331	335	337	348	362	379	384	
2	10	11	19	28	34	40	53	57	68	74	76	77	81	129	191	213	214	223	223	226	249	249	250	251	258	273	289	290	291	308	339	343	351	351	354	360	362	363	364	368	384	
1	19	24	25	28	29	41	46	51	53	60	68	69	78	79	80	99	108	109	117	123	137	140	143	156	162	166	170	174	182	193	218	220	221	232	239	247	251	270	271	276	280	280	289	294	298	313	321	329	342	344	347	349	360	382	386	
18	20	29	32	50	52	65	67	83	103	104	105	121	137	148	158	164	203	219	231	242	243	252	284	285	288	302	306	312	352	357	377	397	
6	7	14	27	38	50	58	65	98	98	116	130	136	145	175	179	183	194	201	208	210	215	226	230	233	236	244	246	272	299	299	303	307	316	322	323	330	334	341	373	376	390	396	
8	17	45	73	78	82	87	125	126	129	132	137	150	169	186	195	196	208	213	237	274	278	288	328	336	377	384	388	
2	8	17	26	31	43	48	51	53	62	77	79	90	93	97	112	116	126	131	159	159	215	225	231	233	233	236	245	248	286	290	297	309	311	319	322	327	334	344	384	395	
12	15	59	60	63	71	91	92	102	102	110	112	133	147	148	154	171	172	175	177	179	188	194	265	294	323	329	334	335	336	337	346	348	370	374	386	389	
15	15	23	28	33	37	51	51	66	76	76	81	85	91	93	104	175	180	216	223	240	243	243	255	267	270	273	276	293	294	302	303	318	340	343	343	345	347	376	382	387	
0	11	11	18	19	24	28	36	46	74	81	91	102	104	114	115	142	147	167	175	175	188	190	207	213	224	231	231	238	243	255	256	298	299	302	314	315	315	318	324	332	335	336	353	373	383	
4	5	10	17	38	39	44	47	51	57	67	73	86	99	103	114	121	122	156	166	173	184	200	225	229	270	271	283	292	303	312	326	328	357	361	371	375	382	
0	4	30	31	34	39	49	54	59	77	79	81	91	95	99	102	114	149	165	167	171	195	200	210	244	255	259	264	265	280	287	308	319	330	346	351	354	354	356	361	367	383	
19	20	48	68	86	92	95	117	141	157	158	183	188	196	197	210	210	213	218	224	248	253	275	293	311	335	342	356	361	379	387	391	398	
1	2	3	16	28	30	32	33	34	55	66	68	83	88	91	117	133	137	142	147	152	178	188	189	221	222	237	257	285	287	290	305	313	326	336	343	350	367	371	383	384	399	
35	37	42	53	71	77	85	90	92	94	95	115	117	132	141	154	172	179	185	189	193	220	239	240	242	243	245	262	282	285	320	332	370	373	374	376	378	382	
1	9	36	38	51	62	64	76	79	87	114	120	158	160	162	163	168	183	183	185	203	210	225	225	249	252	291	295	307	308	322	338	338	344	357	364	377	380	382	384	392	
6	36	41	45	63	73	90	99	99	104	108	111	116	133	145	152	161	161	180	182	188	203	221	232	253	264	269	272	274	277	277	288	296	296	306	311	322	329	332	340	345	354	362	367	377	383	385	387	391	392	394	397	
1	8	10	24	40	45	52	57	65	68	74	76	114	150	166	167	171	190	190	195	208	208	215	215	223	225	229	235	239	262	279	286	288	289	296	311	312	313	316	336	341	345	353	358	396	398	
2	6	8	13	22	23	37	40	55	74	76	84	89	96	97	97	101	111	118	132	140	144	148	148	157	160	171	198	199	219	227	229	235	236	238	242	252	253	258	260	280	309	313	317	317	318	329	334	342	343	349	350	351	352	352	353	362	362	364	364	377	
4	7	8	12	26	48	49	55	55	67	93	105	112	116	122	127	130	132	138	138	153	156	160	175	183	187	207	267	275	279	290	310	311	315	319	321	328	328	348	350	352	360	364	366	386	
1	2	9	77	82	90	91	96	106	123	131	165	169	173	191	198	224	233	246	248	249	251	252	260	275	276	297	299	327	337	345	353	358	365	371	372	379	395	
0	5	6	11	12	16	21	24	31	36	36	41	59	66	75	80	95	97	107	115	121	122	130	131	133	138	145	154	167	174	185	192	217	248	270	273	282	287	316	320	320	321	322	331	336	355	381	386	388	399	
7	30	33	45	63	63	77	79	80	105	107	116	127	128	134	136	150	156	158	159	163	167	171	178	203	216	221	231	234	256	268	287	293	302	305	313	333	342	342	345	350	354	355	363	365	368	376	379	379	381	386	389	396	
6	12	25	26	39	53	53	71	73	74	76	76	100	103	111	138	149	150	188	194	204	205	208	211	214	221	224	254	262	283	290	295	317	327	346	349	350	355	355	361	366	375	388	391	394	399	
3	10	17	18	22	37	46	47	49	55	75	87	92	102	130	142	153	158	160	160	177	186	188	190	207	224	245	248	250	255	287	290	298	305	309	311	317	319	326	335	348	351	352	357	364	366	379	384	394	
0	14	15	21	33	35	54	61	62	93	115	125	126	135	156	160	196	205	211	215	236	241	252	252	256	264	270	286	297	308	319	335	344	350	350	360	373	381	383	387	395	
6	39	41	46	60	63	65	82	88	95	98	130	142	154	155	156	166	177	194	207	212	226	248	276	283	293	324	341	353	357	359	369	370	375	387	394	
20	21	26	26	47	70	72	76	82	95	95	96	110	151	155	175	186	188	199	199	199	207	218	221	228	245	247	265	284	301	305	307	310	315	336	340	344	347	355	383	393	394	398	
7	17	22	24	29	40	40	45	49	51	64	75	75	90	103	109	135	142	142	146	167	212	213	221	229	229	231	267	283	295	314	324	344	351	362	380	388	390	399	399	
16	16	17	33	38	39	45	53	57	62	68	95	95	96	99	124	137	145	146	149	153	155	156	169	172	197	200	218	219	247	276	281	282	283	284	288	318	338	344	348	348	381	395	
8	12	26	30	60	64	76	88	99	115	123	124	129	134	147	151	184	191	209	222	230	245	247	253	258	259	261	266	273	287	289	301	308	313	321	321	333	339	364	369	370	377	384	387	387	
5	6	13	21	38	38	44	53	68	83	87	90	102	109	112	115	123	128	138	145	146	147	166	173	189	206	224	259	274	285	288	288	309	314	317	322	331	332	341	346	352	354	383	398	
6	24	44	58	82	83	102	112	125	144	145	154	156	171	177	194	199	216	217	218	220	226	227	230	236	246	273	277	279	288	315	334	342	345	364	365	368	370	381	384	397	398	399	
8	8	13	41	62	72	84	85	86	109	124	131	136	168	177	180	186	187	219	223	226	238	252	284	291	293	314	325	347	350	354	356	360	361	363	369	
13	45	57	63	87	94	106	147	161	162	164	175	188	189	193	195	200	206	219	227	234	245	263	267	267	272	274	277	283	287	288	291	301	303	305	320	321	323	326	330	339	344	366	375	385	386	388	398	
26	44	45	66	78	108	112	114	128	131	136	138	142	146	154	160	186	202	216	217	230	234	239	246	254	279	285	304	318	321	323	332	333	334	356	363	365	376	376	383	391	392	399	
30	52	52	60	60	68	80	86	87	89	99	117	118	121	130	131	140	141	141	143	158	172	173	208	211	243	256	277	302	302	308	308	318	325	369	372	386	388	392	
17	25	27	32	37	46	52	53	54	67	69	89	119	123	143	147	151	155	156	157	178	180	185	188	226	263	283	294	307	326	329	343	349	352	356	356	358	359	365	371	374	387	
4	17	29	29	32	46	54	71	72	76	84	92	95	107	111	117	122	134	138	166	175	176	176	204	207	212	219	221	257	266	273	274	286	291	325	325	335	342	366	372	387	395	
0	8	11	22	27	42	46	51	74	83	88	90	94	100	105	118	130	137	143	149	172	184	195	202	226	231	264	266	283	314	329	335	341	348	353	372	374	398	
3	12	14	20	21	34	49	51	53	57	62	63	70	76	79	81	100	129	138	160	161	162	166	170	171	196	201	210	214	223	227	232	233	234	236	248	250	256	258	270	272	277	286	292	303	309	312	325	331	332	343	347	349	363	376	385	393	395	
9	9	17	21	35	43	61	100	103	112	120	120	134	135	139	140	189	193	195	206	208	209	217	248	255	294	337	339	339	348	365	368	372	387	390	
18	20	31	49	60	61	69	75	81	86	108	128	128	134	151	169	188	193	199	214	215	220	222	236	237	241	247	269	296	313	314	332	337	337	339	365	382	392	393	399	
7	14	44	60	60	73	75	75	90	94	122	122	135	143	163	176	185	187	193	198	198	203	204	209	227	249	250	258	262	263	282	284	292	297	297	298	306	312	313	317	320	342	354	356	364	365	370	373	375	386	387	389	395	395	
32	52	55	63	63	92	104	105	158	162	170	173	181	188	202	202	235	279	280	290	298	299	303	313	313	321	322	325	327	357	359	362	370	380	
2	2	6	33	37	59	59	86	102	110	120	132	140	141	146	147	148	150	151	204	206	209	216	228	252	257	291	297	309	319	331	355	365	366	369	372	384	394	396	
0	6	31	40	63	92	101	105	111	117	119	130	142	151	167	175	179	189	218	223	225	242	249	251	259	275	280	291	292	294	305	318	320	321	336	358	372	378	386	391	395	
1	15	16	20	21	36	49	56	64	65	65	95	107	134	143	155	168	169	169	172	202	209	228	251	253	273	290	294	310	324	328	329	330	331	354	357	363	363	370	379	390	392	
5	5	29	36	41	58	61	62	76	92	109	112	135	155	161	178	191	199	201	212	259	278	286	310	315	321	322	331	332	372	383	393	
2	7	8	23	57	76	76	92	93	94	120	123	131	145	146	185	185	210	229	234	236	237	241	244	250	253	260	279	280	285	289	291	295	301	307	328	329	340	344	346	348	348	364	386	
7	18	28	52	62	79	101	109	111	113	125	133	138	144	152	154	158	177	189	200	210	218	222	245	249	257	258	282	284	298	305	307	316	325	330	346	385	392	
3	4	27	55	61	96	99	146	152	162	190	208	215	219	220	222	222	223	238	240	244	252	270	278	291	296	302	305	307	312	323	325	340	340	342	349	364	365	367	373	374	376	383	385	
1	16	33	34	34	37	44	48	68	71	79	81	142	177	180	180	182	212	212	224	245	247	250	267	270	275	277	295	298	305	308	311	326	327	334	338	341	353	362	364	365	366	369	373	377	379	387	390	391	
3	47	52	55	59	61	72	82	131	131	148	152	164	170	175	179	187	189	213	219	246	264	267	275	276	279	281	321	333	349	363	369	372	374	378	379	392	396	398	
9	28	30	30	36	47	51	53	57	63	114	142	162	162	164	166	174	178	182	184	195	206	213	215	250	251	263	274	286	287	288	312	313	318	338	355	360	368	376	381	388	393	
6	9	18	18	25	58	59	61	80	90	101	112	121	149	155	159	164	166	168	172	212	230	242	260	290	312	314	327	336	339	350	354	369	370	389	391	393	
16	26	27	28	41	49	75	82	106	116	118	153	165	178	179	188	192	200	207	217	223	227	249	257	263	266	275	276	289	290	291	316	318	318	322	353	359	366	366	367	384	
1	11	15	30	63	74	76	78	91	99	101	105	112	124	131	133	136	160	182	185	202	209	219	221	235	269	292	302	316	324	330	331	348	360	361	373	388	393	
9	21	23	23	26	34	37	47	54	70	120	142	160	173	175	176	195	205	207	212	214	222	226	231	236	242	266	283	315	322	335	340	357	362	364	368	376	383	386	389	395	396	399	
15	18	25	30	38	43	58	60	61	87	96	104	111	120	122	123	125	132	146	177	182	182	194	199	201	228	228	234	239	248	248	257	260	268	272	275	278	280	288	292	297	306	315	321	322	324	332	339	347	353	368	369	369	372	390	391	
14	19	21	26	45	49	51	55	80	91	109	124	147	154	177	185	205	206	206	229	230	234	235	241	244	252	264	269	279	289	295	316	323	346	349	360	363	367	375	377	386	391	
29	33	34	39	50	52	68	78	89	93	138	142	149	161	170	171	186	233	247	255	266	271	286	297	298	307	324	346	347	348	360	368	371	377	377	380	383	
3	5	18	38	48	62	66	72	74	75	164	189	198	203	212	215	217	226	226	251	277	299	308	310	333	345	362	379	381	383	383	388	389	396	398	
20	28	40	44	46	49	49	60	61	68	81	88	91	99	109	128	135	187	191	232	236	246	254	269	269	277	284	296	297	300	324	332	352	362	364	365	367	375	382	388	
3	18	22	24	41	47	49	60	64	75	83	88	93	98	111	120	132	146	156	172	187	205	208	220	226	226	229	268	275	279	284	286	290	308	312	317	330	331	333	337	350	362	371	389	399	
30	43	46	54	61	72	75	93	96	100	118	122	124	132	134	163	168	180	230	243	256	265	274	280	294	306	311	320	327	345	354	356	362	363	367	373	378	378	381	389	
5	8	39	57	58	85	97	109	112	115	140	142	148	164	181	183	211	233	236	239	244	245	267	296	303	310	320	325	339	339	342	344	358	370	380	394	
1	2	16	51	55	67	83	88	110	123	126	136	142	156	169	170	202	203	212	225	226	263	275	278	281	298	305	311	316	318	322	327	329	340	347	354	358	361	362	371	374	380	397	
4	8	19	36	56	58	74	78	86	97	120	124	126	127	147	148	149	153	169	173	187	202	204	209	213	214	239	247	249	255	260	269	273	286	290	292	319	323	342	355	369	370	372	391	392	394	
5	32	33	38	47	87	97	104	111	112	113	139	156	167	168	169	171	204	213	226	237	254	264	276	281	308	312	334	340	344	348	352	356	359	369	374	383	399	
7	7	17	21	28	53	62	99	102	109	114	119	129	136	142	156	173	183	196	199	204	205	232	235	241	287	320	343	348	359	360	366	367	377	378	382	382	390	
7	9	28	29	46	49	50	72	78	89	94	125	140	142	145	169	176	177	187	194	200	204	226	231	259	262	264	276	280	281	286	286	289	291	296	298	302	321	323	330	336	340	345	346	355	364	365	367	373	384	394	
11	13	28	42	44	56	83	94	101	122	131	135	140	147	149	168	169	183	185	187	202	203	207	220	231	255	261	267	305	311	326	346	347	370	372	
1	4	6	13	80	80	81	119	149	150	166	175	197	228	256	315	325	333	336	343	345	353	361	368	371	371	382	388	390	
3	25	32	43	44	56	57	58	72	76	90	109	116	129	139	156	160	177	190	201	209	229	229	243	243	251	261	286	288	305	326	330	345	349	358	367	398	
2	15	26	35	37	40	47	52	56	56	70	78	79	89	125	132	132	152	159	164	164	184	205	238	252	261	265	266	276	282	284	296	306	337	380	399	
5	12	13	15	29	38	48	49	58	67	72	79	82	85	103	106	107	109	111	115	126	134	135	144	155	157	188	212	216	226	229	239	259	268	287	291	293	300	323	328	336	345	347	349	351	355	373	379	388	394	398	
15	21	26	48	57	72	73	96	105	114	130	137	147	158	160	166	174	189	191	199	202	206	212	214	215	217	228	258	273	283	284	293	294	295	307	311	314	314	323	345	351	358	375	376	377	384	390	
6	19	21	23	58	65	77	81	83	88	95	95	111	117	119	119	124	135	155	165	171	201	205	209	210	210	211	217	217	238	242	253	267	268	269	289	291	294	295	303	306	307	308	312	334	345	363	366	370	374	378	381	392	393	
4	24	27	35	43	86	124	140	155	160	166	171	174	187	195	213	244	261	282	298	304	328	328	333	364	372	378	381	391	397	
4	31	36	47	60	67	78	115	124	128	134	139	139	146	148	163	180	183	191	191	192	192	195	211	223	230	247	248	258	273	300	317	326	330	330	331	335	348	361	376	377	385	395	
0	10	64	79	101	108	113	114	117	152	154	174	174	176	180	187	189	193	206	206	207	232	248	260	272	276	282	307	314	326	346	348	362	375	388	
0	0	30	37	38	44	46	50	55	56	58	83	94	94	123	132	134	148	169	182	188	195	215	221	227	233	234	236	237	243	261	300	310	315	330	330	341	356	367	371	377	
0	17	23	25	33	34	40	50	57	67	68	76	83	89	115	118	129	131	143	146	157	158	159	171	172	201	205	214	219	219	224	231	232	249	273	278	282	287	291	309	312	326	328	332	333	344	350	353	353	356	357	358	361	362	368	378	384	390	395	
2	6	11	20	22	37	37	53	60	76	99	140	157	183	185	201	211	232	243	261	289	292	295	310	337	340	348	356	367	369	384	385	389	
16	57	68	78	86	86	110	130	133	134	139	150	157	169	171	206	220	237	242	285	302	309	313	317	318	320	321	331	335	354	362	367	379	379	380	381	384	394	395	397	397	
1	16	17	24	37	42	50	53	59	68	70	78	83	88	102	109	113	116	123	133	134	138	141	142	148	149	159	166	185	186	196	205	244	256	263	264	265	274	276	287	302	316	320	320	332	353	354	357	369	373	381	381	388	
4	8	44	51	54	82	87	90	90	93	94	101	154	158	180	195	243	265	272	275	286	287	288	304	306	317	318	331	333	338	340	342	346	363	375	375	380	387	395	
22	38	59	72	75	80	101	103	111	113	113	122	129	153	214	250	265	266	266	267	268	270	298	303	326	339	361	365	380	388	
3	5	20	30	33	42	48	76	103	110	127	183	187	202	208	221	244	245	256	261	270	275	282	292	326	328	328	338	359	375	380	384	389	
9	10	13	14	22	23	59	64	77	95	105	106	107	117	162	164	170	189	214	227	235	235	237	238	269	282	290	299	300	322	335	341	342	348	358	360	368	375	382	384	
22	77	84	85	89	90	94	95	99	116	118	124	128	132	151	159	177	185	192	193	194	198	199	203	225	226	227	237	245	255	281	321	321	335	349	376	377	382	385	394	
6	11	13	13	18	26	34	61	71	81	83	97	101	104	108	110	113	118	135	137	137	140	145	152	156	180	189	195	211	213	216	244	250	265	279	299	300	308	323	326	326	363	365	367	368	370	378	378	386	389	392	
0	14	23	46	46	49	49	53	95	103	111	113	125	130	132	150	163	164	185	189	194	198	205	231	244	245	250	278	280	288	298	305	329	333	335	352	371	386	
15	28	28	47	56	86	91	98	138	148	165	166	173	180	182	186	202	210	219	238	239	240	249	251	258	276	306	309	313	315	325	333	351	353	362	380	388	396	
7	16	21	24	24	29	31	51	63	84	104	116	139	147	152	153	164	192	192	201	206	206	209	212	219	219	225	239	241	241	244	247	254	271	273	277	304	317	321	342	344	356	363	368	372	391	393	
1	25	40	43	47	47	61	65	90	92	97	114	123	136	136	142	156	161	165	171	179	180	183	215	259	266	269	300	312	322	326	326	330	335	336	338	352	363	365	367	395	397	
19	22	50	56	62	89	93	101	123	151	165	173	179	187	216	227	231	241	242	245	248	254	256	267	267	284	297	312	328	332	346	347	347	355	363	363	373	380	
2	38	46	60	66	73	78	89	94	96	104	112	163	180	183	194	202	220	225	232	243	252	280	281	296	315	323	330	335	348	358	
1	12	14	31	62	68	89	111	123	123	133	139	147	166	169	191	193	205	207	212	214	215	228	264	281	285	289	296	303	325	334	371	373	392	396	397	
29	44	49	68	74	82	99	102	104	107	108	110	112	119	122	149	156	157	160	161	165	169	172	189	205	219	231	246	247	248	265	277	280	312	319	322	326	328	329	334	337	343	346	351	352	358	361	365	378	378	379	396	399	399	
2	15	33	33	38	44	46	55	68	101	139	176	200	204	204	206	232	233	244	289	302	315	323	329	329	349	360	360	363	366	367	373	382	395	397	
0	0	11	22	29	35	39	43	43	52	58	64	74	96	141	141	148	157	184	210	228	230	243	251	266	269	284	307	320	326	340	341	343	350	355	363	368	376	383	393	
11	15	19	21	34	36	38	43	51	63	67	76	148	174	189	194	244	249	250	271	273	297	298	309	318	320	328	332	335	346	346	363	364	375	379	379	394	396	
10	11	12	13	34	35	46	69	70	75	87	95	105	118	121	130	135	147	148	151	157	163	184	189	201	222	230	233	233	245	261	266	274	292	303	311	324	332	343	345	352	352	369	369	374	383	389	390	397	397	398	
3	11	20	26	41	46	65	67	73	90	96	100	110	110	129	134	175	177	184	192	192	219	221	230	231	244	261	272	289	290	292	304	345	359	360	366	368	370	387	391	
14	18	21	32	37	76	83	119	139	143	163	169	186	206	208	212	213	213	256	261	264	265	267	274	274	276	285	287	300	300	314	321	324	337	346	359	371	390	
9	16	19	20	29	39	41	95	101	103	114	133	135	146	156	162	166	173	183	218	225	237	260	260	271	282	284	285	301	304	324	332	340	342	351	367	368	385	391	
30	44	50	79	105	120	135	150	151	201	211	217	219	224	225	228	228	234	240	241	244	246	256	257	263	267	284	290	304	306	320	334	342	347	354	358	360	363	374	387	388	388	392	398	
0	16	30	52	65	69	74	77	88	89	89	93	110	121	125	128	132	132	141	154	165	176	178	187	199	213	218	223	229	230	236	236	241	266	285	300	314	315	321	327	331	344	346	351	365	366	370	377	382	383	384	392	398	
0	6	16	41	73	81	108	118	119	126	130	130	149	149	151	168	181	183	210	211	216	235	243	250	252	254	265	272	281	288	291	315	315	319	348	350	352	353	358	366	375	379	387	
1	6	8	49	51	93	116	126	128	168	169	170	177	181	199	200	215	250	255	258	260	300	306	317	327	337	340	359	381	389	
11	23	24	28	58	68	82	83	88	94	96	102	107	113	115	115	129	131	136	137	170	173	173	198	201	220	222	229	238	241	252	269	289	305	316	335	353	359	361	388	390	397	
9	20	25	37	40	66	73	82	94	99	102	104	104	112	129	136	157	157	161	168	184	184	205	206	208	224	233	240	245	246	247	250	256	256	267	273	277	278	301	303	304	311	312	332	334	339	390	391	399	
9	19	27	47	75	82	93	108	125	142	143	153	153	154	159	170	171	215	216	217	229	241	252	259	261	262	263	270	286	301	301	303	310	327	343	362	364	370	373	374	378	380	381	383	390	392	394	395	
9	22	30	31	32	48	77	77	89	92	92	93	103	108	115	138	140	144	158	161	182	190	199	213	215	246	281	284	299	305	307	350	356	358	359	359	378	380	391	
1	21	23	25	29	43	72	75	92	113	119	121	125	134	138	144	153	180	180	193	196	210	213	234	237	248	272	274	282	294	295	301	308	329	332	335	347	371	373	378	
10	10	20	34	57	113	122	122	136	137	154	156	191	207	213	232	236	242	249	272	289	292	303	304	322	322	323	353	356	359	371	375	386	393	393	397	
24	27	31	37	57	58	64	66	69	69	70	88	93	117	118	129	130	133	141	152	157	162	171	180	181	193	196	210	211	212	218	247	250	254	255	255	261	275	280	290	306	
9	39	45	57	68	75	88	91	92	93	103	121	129	131	147	149	150	169	172	174	175	193	207	240	252	253	254	274	277	287	294	298	301	303	304	
13	16	36	55	63	66	66	69	79	108	116	136	145	160	160	177	180	186	186	190	206	208	246	246	246	262	278	284	286	290	290	292	295	303	
12	13	14	15	17	22	40	65	79	84	88	107	131	137	148	150	169	195	216	223	233	243	243	254	263	263	268	270	279	291	296	297	306	315	
8	19	47	53	73	82	88	98	99	107	108	115	120	154	164	174	178	187	198	212	217	220	242	287	293	299	
1	3	4	5	6	12	14	51	56	79	82	90	133	139	177	192	195	199	211	211	228	230	242	261	268	287	309	315	
5	14	15	26	41	45	51	63	99	104	107	110	121	123	138	153	154	156	164	169	178	184	188	189	255	285	293	298	
2	54	56	57	59	64	74	86	105	106	114	125	126	129	130	135	140	144	159	171	176	202	234	237	253	260	262	263	269	271	273	278	279	298	308	316	319	319	
2	11	23	26	36	42	46	47	62	68	74	82	85	126	131	136	143	144	162	162	165	172	178	213	241	257	259	266	271	283	293	313	
2	27	37	48	53	59	67	68	73	78	81	83	92	137	141	153	156	165	168	199	201	205	206	207	214	223	225	231	234	238	257	257	262	264	272	274	302	302	305	311	315	
10	16	18	47	66	66	73	95	96	123	124	136	141	147	149	179	192	193	196	198	221	226	243	264	265	289	300	303	315	316	
17	24	25	27	32	37	52	66	71	106	115	122	130	164	164	179	200	201	209	226	226	231	232	260	271	283	290	297	299	316	
3	19	23	25	32	43	48	72	107	122	128	149	153	155	159	171	182	186	198	244	259	260	272	284	311	315	316	
10	11	13	17	23	32	48	89	106	106	122	140	146	157	183	184	210	219	221	221	232	246	256	264	272	273	283	284	291	296	307	314	
1	8	10	11	20	34	35	46	54	72	74	77	93	109	116	120	126	143	169	178	179	216	218	219	219	228	234	234	248	268	278	281	283	291	294	301	309	312	314	319	
2	14	22	25	30	34	41	48	48	69	80	94	114	122	127	133	136	146	151	152	158	183	196	234	238	240	255	261	265	269	284	285	286	293	296	300	303	315	
8	8	18	69	73	79	91	162	174	183	194	200	210	213	220	239	252	261	264	272	273	290	291	294	301	305	
4	15	20	25	26	34	35	39	45	45	47	55	72	75	117	144	155	155	171	179	181	202	208	248	249	275	277	289	296	315	
12	22	31	41	43	44	105	106	119	126	135	136	146	161	190	196	215	220	222	225	238	247	247	254	261	266	272	284	294	295	303	319	
13	17	21	27	38	45	62	72	83	115	127	127	158	159	182	202	250	259	270	282	288	304	308	313	317	
10	21	56	65	92	96	104	121	123	127	143	151	166	168	189	203	204	216	218	228	233	247	252	266	292	297	306	
31	46	51	71	74	81	85	92	117	122	122	125	135	141	143	151	174	181	194	247	262	272	272	274	
2	6	30	34	75	78	97	97	100	103	112	117	119	122	132	140	141	145	148	160	172	176	188	192	192	220	245	251	254	286	287	310	316	
5	22	23	35	40	41	42	50	57	72	81	84	85	86	145	161	172	177	179	181	182	195	203	209	224	230	237	264	265	289	299	300	304	313	314	319	
13	19	20	26	65	75	79	84	85	86	88	105	108	126	134	135	137	141	145	147	152	168	181	204	218	228	231	251	261	262	265	273	276	278	278	293	
6	11	28	44	52	68	74	77	80	82	92	93	98	101	109	113	129	141	142	163	180	182	183	195	208	221	230	239	255	258	274	282	
23	24	29	38	41	42	48	48	50	59	66	70	73	79	112	118	133	142	149	162	162	162	203	207	207	245	250	257	258	288	300	304	
5	13	20	22	32	47	56	61	67	70	86	88	110	123	125	164	179	186	201	225	239	247	247	250	252	257	260	263	274	275	279	288	316	
8	12	24	27	29	45	45	57	61	101	125	127	133	157	164	167	175	187	193	196	207	212	225	228	228	235	237	244	254	255	261	269	273	286	291	306	307	307	
13	20	35	61	70	75	85	104	111	115	132	136	157	179	192	197	201	218	235	243	264	273	291	292	306	316	318	
18	19	25	27	37	52	66	67	68	85	88	104	106	114	121	137	154	157	160	178	203	207	208	217	228	229	261	272	273	310	315	316	
25	32	44	49	54	61	78	95	101	103	104	104	106	119	121	121	133	134	149	150	176	178	179	181	240	249	252	258	271	274	277	277	283	283	287	299	301	314	
2	3	15	23	27	39	42	43	48	80	82	84	88	97	97	98	111	121	126	134	169	170	181	198	220	223	230	232	256	265	267	287	289	302	
9	21	32	36	52	53	62	62	66	85	118	137	144	145	155	163	183	189	198	202	206	212	229	232	233	253	276	290	294	317	
9	33	51	54	93	131	132	133	141	148	171	185	197	204	209	211	211	232	244	253	253	255	275	278	304	306	319	
2	14	18	19	19	24	26	30	40	61	63	71	78	87	95	110	111	124	137	145	172	175	182	184	186	216	226	251	255	270	289	290	294	
28	31	38	47	59	60	64	114	117	129	150	152	160	163	165	185	193	199	209	224	237	257	258	259	269	272	276	282	284	302	
33	53	84	165	166	181	182	188	224	225	229	233	249	256	284	301	
3	9	15	24	33	62	70	71	72	78	98	109	118	120	145	146	154	160	162	164	168	204	206	208	214	216	222	230	236	251	252	255	268	284	296	305	
5	14	36	37	39	58	80	95	104	113	120	122	135	187	232	241	243	246	250	253	254	264	283	306	
1	2	7	20	42	58	67	78	82	106	109	115	116	131	139	157	167	168	169	169	170	180	190	230	241	268	269	271	300	308	
13	30	36	40	66	81	124	130	180	201	216	222	238	253	264	287	294	302	309	310	
5	18	19	36	40	77	77	84	88	96	97	161	162	165	166	196	196	198	210	237	241	245	250	259	260	269	274	275	296	318	318	
0	7	20	34	44	78	95	105	111	113	132	135	150	178	179	183	185	195	235	239	246	247	305	317	
29	38	39	52	54	55	67	69	74	77	107	113	138	147	161	173	190	191	201	217	221	223	235	257	264	275	279	280	297	
23	29	56	67	83	87	97	105	114	119	123	123	134	138	138	139	142	166	167	167	168	173	173	200	204	213	215	225	237	238	243	247	266	269	270	285	295	303	312	
31	36	43	46	60	65	81	84	86	100	102	107	109	111	111	144	144	155	192	194	196	197	203	206	208	210	224	242	264	267	268	270	300	307	310	
12	23	25	35	39	64	66	82	101	103	108	129	141	145	145	147	152	153	164	165	170	180	186	193	207	216	232	266	267	286	291	303	
0	2	35	35	66	116	127	145	152	160	176	190	192	214	223	232	258	283	287	289	310	315	
20	27	69	71	73	78	108	112	112	146	150	161	164	165	172	182	184	191	193	211	233	244	244	249	264	279	280	295	307	309	309	
5	12	16	28	33	34	46	48	74	87	98	100	110	115	132	132	154	156	159	161	181	183	193	195	197	199	200	211	215	229	229	230	231	246	248	265	295	295	299	301	303	311	318	319	
8	14	22	23	24	47	58	66	68	69	71	76	83	86	92	96	98	133	135	143	154	154	157	158	163	165	169	174	194	198	207	216	220	222	222	255	260	265	267	285	306	310	312	
7	10	28	29	54	61	64	65	69	77	84	85	95	113	113	116	120	148	154	170	188	190	216	242	245	251	267	270	283	285	286	
1	22	35	60	62	70	73	76	84	111	120	135	141	143	147	153	172	185	190	194	211	213	216	233	245	262	268	275	275	277	294	
2	18	27	28	42	60	61	61	70	74	88	89	119	121	144	158	166	168	186	199	214	214	240	242	246	258	264	272	276	277	
13	17	19	37	39	46	50	83	84	91	101	125	127	143	149	153	155	192	196	197	202	248	259	263	268	268	271	273	288	292	
22	23	39	40	144	149	183	187	195	215	215	224	228	243	244	254	273	288	296	297	314	315	317	
1	29	40	64	82	87	99	104	113	114	131	135	139	150	153	165	168	168	175	191	208	257	262	278	279	280	303	306	318	318	
10	18	21	26	29	35	44	49	50	57	69	80	84	90	103	124	127	143	180	206	207	211	214	216	217	235	242	248	259	260	278	278	288	301	314	317	317	
24	27	31	41	55	60	61	64	86	91	110	121	137	139	144	146	156	157	161	184	204	207	215	222	245	266	270	279	296	315	
1	2	9	19	36	42	65	72	82	82	83	107	144	151	161	173	176	181	183	188	190	209	216	219	229	242	248	263	269	272	280	281	282	292	293	314	
17	32	37	40	81	100	102	105	111	112	130	148	167	191	193	198	232	238	246	249	255	281	293	304	317	
1	3	15	28	30	33	33	40	50	53	54	61	64	85	90	91	93	98	120	126	130	130	134	140	150	177	194	197	207	208	210	213	213	222	227	233	253	263	286	314	318	319	
4	7	12	23	26	29	32	37	60	68	91	99	130	134	152	157	159	164	207	209	211	213	218	229	234	236	247	254	263	273	275	280	306	309	313	
5	11	33	82	83	84	98	110	122	144	150	160	186	224	248	271	274	295	318	
24	29	32	34	34	35	53	59	62	65	65	74	85	105	108	120	151	167	209	221	246	253	256	264	264	278	282	283	303	
5	17	38	54	54	56	95	101	124	125	127	135	140	147	153	160	176	197	203	238	257	266	271	277	293	308	
10	19	24	27	45	73	91	99	100	100	106	115	138	157	181	198	238	240	243	251	262	266	282	302	304	
12	23	42	44	48	57	57	69	74	87	94	101	129	139	144	146	170	174	182	182	188	189	201	204	208	218	227	228	241	262	265	270	280	288	289	301	307	308	315	
1	13	23	24	49	67	71	97	99	101	111	123	128	133	151	153	158	178	178	184	237	240	243	266	292	304	306	313	318	
0	5	9	12	17	18	24	46	50	70	83	85	88	112	113	118	123	132	141	153	154	172	173	180	188	189	196	198	204	233	238	249	250	253	262	272	273	313	
6	7	21	23	34	42	70	71	79	80	94	124	126	130	140	141	157	172	176	177	179	181	225	229	237	247	249	252	253	289	294	299	
15	26	42	50	56	70	80	97	98	106	106	109	134	135	137	153	165	180	183	192	196	202	203	211	217	254	260	278	280	281	282	310	
33	37	40	51	61	70	84	98	99	100	101	102	118	133	137	145	146	153	176	178	195	230	230	234	241	257	259	271	276	283	
22	30	34	37	41	43	73	94	110	113	116	119	152	180	191	193	204	204	215	230	234	235	259	281	301	302	306	313	314	
10	15	48	70	133	148	154	176	182	191	193	212	216	224	241	252	261	262	265	268	281	283	314	
7	15	35	49	54	74	85	90	106	117	132	188	188	198	219	224	244	256	265	289	296	312	318	319	
4	49	58	61	90	111	118	138	143	149	155	178	183	195	196	220	227	230	244	245	247	254	260	270	272	274	283	299	299	303	307	
10	16	55	80	83	88	102	129	131	131	148	151	154	155	181	184	188	194	206	208	210	214	217	218	225	259	262	279	279	300	303	303	
16	16	51	70	71	91	91	97	100	100	104	107	115	121	131	167	197	203	210	255	268	284	295	307	
