9	12	27	27	29	42	50	71	76	78	80	81	106	109	117	154	158	172	173	175	182	190	195	198	199	204	206	206	211	215	226	236	238	241	
5	15	35	39	55	72	72	83	90	113	128	144	148	149	159	160	191	210	213	220	221	233	242	244	252	254	
3	5	7	11	27	47	67	73	86	91	126	172	181	193	200	215	246	249	
10	20	25	54	55	77	78	90	96	116	120	122	123	125	130	155	163	165	170	193	201	205	231	237	
7	48	55	91	99	121	126	147	158	165	176	178	178	201	202	207	232	235	253	
16	19	24	40	65	86	97	98	98	111	125	132	139	141	154	159	162	178	186	220	230	
17	30	32	34	35	42	51	54	63	76	92	102	105	156	157	168	197	203	210	217	227	248	253	254	254	255	
15	16	46	48	50	56	66	82	92	98	101	105	111	126	129	143	149	153	162	166	179	208	213	232	240	241	247	
0	4	9	23	28	31	33	55	57	60	75	75	87	102	107	119	133	139	140	141	145	147	155	158	163	164	169	188	211	225	
1	1	10	14	17	19	33	43	49	64	76	89	107	113	133	139	142	152	162	179	196	211	216	224	225	226	228	229	234	241	242	245	249	250	
0	18	29	52	60	71	74	76	77	100	111	115	122	124	140	141	158	166	177	183	188	189	191	213	217	218	218	225	226	255	
3	10	12	16	25	42	47	73	78	91	101	114	122	137	169	171	186	198	214	216	216	239	249	252	
5	5	18	29	49	76	90	94	120	123	175	181	214	227	241	
3	26	31	44	50	61	82	89	101	121	136	160	162	167	172	204	204	224	241	
5	38	55	58	61	62	73	78	80	81	124	124	140	145	170	175	186	198	200	201	203	216	228	229	230	240	
18	46	49	62	63	79	81	84	89	95	118	141	155	181	181	190	229	238	242	
39	43	48	67	113	127	129	148	155	164	164	171	182	196	203	207	210	215	217	223	237	239	254	
7	39	42	48	64	88	107	125	141	151	167	168	169	180	180	186	201	201	210	220	233	239	250	
7	14	64	80	87	102	115	117	121	132	134	160	161	169	175	178	202	
31	32	51	58	68	69	81	93	105	108	115	116	124	139	141	143	144	150	164	185	191	194	195	201	206	214	218	231	254	
0	3	4	13	62	75	94	104	136	147	164	174	174	185	195	203	242	249	253	253	
17	25	34	46	52	62	66	66	80	91	100	120	120	125	144	172	173	176	198	202	212	213	216	216	242	242	
2	24	34	35	39	46	46	56	59	73	82	94	96	96	100	109	110	120	135	136	156	184	184	190	192	193	195	200	200	201	211	212	213	213	238	242	244	
8	18	34	39	41	66	85	88	89	92	104	111	114	118	146	150	183	214	221	231	234	240	246	248	252	
16	18	20	38	41	53	59	71	95	122	132	136	137	145	147	148	158	160	163	183	201	217	228	247	251	
17	19	26	33	53	64	72	83	85	88	93	99	117	124	128	143	159	175	180	180	181	199	223	240	251	252	
7	15	30	31	38	38	44	54	56	56	72	83	88	94	95	97	98	99	104	113	127	137	137	156	160	180	190	215	216	222	222	235	246	247	254	
6	21	36	39	43	44	45	75	89	108	109	112	122	130	140	140	144	152	156	157	182	208	210	213	213	223	236	
6	13	15	22	26	42	52	60	65	65	67	74	74	84	94	110	138	148	175	177	179	189	194	197	214	217	220	235	248	
39	49	56	61	75	76	77	94	108	109	112	122	127	131	141	152	200	205	232	237	252	254	
3	11	24	25	37	69	84	87	102	113	118	125	127	134	135	139	154	163	176	191	193	197	199	229	243	252	255	
3	14	45	50	62	122	125	142	145	146	155	179	182	193	210	233	
2	5	13	20	24	57	67	69	77	80	84	85	92	97	102	112	116	123	123	130	145	148	149	161	170	188	211	217	229	241	
12	17	20	27	30	31	34	43	45	61	85	96	138	167	185	193	200	210	235	245	249	254	
7	12	16	30	40	60	70	72	88	88	99	106	110	114	115	126	140	148	152	157	162	176	189	192	194	196	207	209	210	230	247	
29	49	57	63	71	94	111	119	142	143	153	157	157	160	168	190	190	196	199	204	217	226	234	238	243	253	
0	11	41	73	85	95	95	105	117	121	135	142	145	177	184	221	233	240	244	
0	4	6	8	14	54	59	60	69	91	94	104	107	121	132	133	135	204	204	231	244	
3	21	45	53	53	59	63	74	81	82	96	103	118	123	131	134	150	153	162	165	174	182	199	207	218	227	234	237	247	251	
0	1	2	5	9	19	22	25	32	36	40	41	47	48	49	50	54	70	74	96	99	108	115	129	136	161	166	167	199	202	202	203	214	215	227	246	248	
13	22	29	83	83	89	93	103	106	116	119	146	149	160	178	181	211	212	216	218	233	
21	25	27	43	56	68	75	93	100	112	112	118	119	121	135	146	153	183	186	192	202	216	225	227	232	233	239	
2	13	28	41	98	110	113	117	126	133	135	138	146	149	161	171	190	196	202	204	209	228	228	238	247	248	255	
8	15	36	46	49	83	106	119	132	158	173	179	189	191	214	224	225	225	233	
30	53	73	86	87	93	100	103	104	108	118	128	129	151	156	174	176	180	180	193	210	213	220	222	236	251	
6	16	42	58	61	68	78	79	79	93	102	112	119	125	133	178	184	192	205	209	209	215	223	231	241	
52	58	58	81	93	102	104	112	150	160	166	186	187	215	242	
6	6	7	10	23	24	32	71	73	74	78	86	89	98	106	117	128	143	146	153	165	177	182	199	241	
33	64	67	71	72	102	133	141	156	167	171	208	208	226	239	255	
8	27	38	38	51	54	82	126	136	138	145	153	154	158	165	179	198	205	211	226	231	245	247	
7	10	22	33	49	82	82	101	103	105	142	148	173	177	185	204	206	208	209	239	251	
4	6	9	15	19	32	34	35	41	44	45	52	53	54	99	105	134	135	135	138	155	172	186	203	218	220	225	232	242	255	
6	12	44	57	59	61	68	81	81	82	92	93	95	115	144	146	151	153	171	171	181	185	186	191	197	206	233	245	250	
10	14	31	50	57	63	64	66	75	96	108	117	121	149	159	171	183	197	209	235	238	238	244	
2	8	19	30	32	37	61	61	86	87	93	101	109	119	126	127	153	172	173	178	179	187	187	191	215	224	224	227	228	231	
3	11	12	24	25	35	46	48	64	68	104	116	121	134	146	159	186	194	204	212	222	229	238	244	
0	4	4	14	23	23	28	33	40	60	83	97	104	105	107	119	139	139	154	167	174	243	249	
15	28	29	38	46	47	90	95	97	112	128	128	158	167	169	176	202	202	223	245	246	
10	14	15	16	26	28	29	37	44	52	56	59	70	84	101	124	131	134	136	155	161	164	177	190	215	249	
8	9	14	19	33	52	56	69	75	86	86	86	87	99	105	114	173	188	209	220	220	221	222	223	234	235	249	249	250	
4	11	18	30	34	37	59	64	69	71	72	76	99	101	107	114	120	145	163	172	187	218	220	236	
8	31	43	47	84	128	136	151	166	169	174	199	207	245	
9	17	21	28	79	105	109	123	143	148	154	173	188	188	190	221	223	231	236	252	
0	8	27	37	42	47	57	71	73	78	97	110	129	147	170	171	173	185	189	192	232	232	234	237	253	
24	38	40	50	56	65	65	88	92	115	118	124	128	129	131	137	144	168	168	169	172	205	207	212	221	223	224	232	237	239	239	
8	22	23	32	36	44	64	66	70	79	85	93	94	101	116	116	130	144	147	150	154	154	159	160	178	205	211	218	250	
4	51	67	80	80	85	90	90	95	100	120	123	142	152	159	165	182	185	185	205	211	215	236	
1	5	52	54	58	66	70	74	79	101	118	137	142	154	158	166	170	173	183	184	189	192	195	206	228	228	234	243	246	253	
13	15	17	35	41	41	63	79	98	100	104	127	129	130	139	149	152	161	170	171	189	191	193	208	217	219	224	228	230	230	235	250	
2	11	16	18	23	28	28	31	34	61	64	73	80	90	91	96	102	103	107	116	133	133	150	163	195	200	200	209	211	224	226	233	248	
0	10	18	23	26	47	67	76	85	92	98	103	130	142	150	163	175	181	196	202	210	217	218	227	234	240	248	252	253	
1	20	32	36	39	50	51	73	84	103	110	110	115	128	132	147	148	159	168	177	185	186	191	206	219	245	255	
1	35	43	63	88	90	97	107	108	110	123	128	131	132	140	163	166	179	182	183	197	224	234	236	251	
2	2	12	22	23	23	40	56	70	72	81	100	121	137	138	138	144	177	177	188	196	204	207	214	225	236	
1	2	14	17	18	19	27	51	54	69	76	83	89	106	106	108	111	127	134	136	149	150	154	162	164	179	180	194	195	197	199	219	223	246	251	
2	24	31	39	51	66	77	78	91	92	95	106	106	109	115	135	138	163	166	218	229	239	
1	12	21	22	26	37	47	48	49	60	65	67	70	77	87	99	103	111	122	151	152	159	161	168	187	192	198	219	221	222	
8	13	45	50	55	63	65	78	147	164	175	176	184	188	209	212	233	
3	26	31	33	33	38	43	51	52	55	65	69	77	87	88	88	99	124	131	136	140	142	143	144	162	162	168	173	176	184	184	192	194	196	222	244	
34	40	43	49	53	62	69	91	103	111	116	129	134	146	152	153	163	169	170	174	182	182	183	217	230	234	255	
9	9	11	21	30	40	52	58	69	86	89	96	114	117	118	137	138	157	169	195	205	214	232	245	248	
20	27	42	53	68	89	100	110	126	129	134	155	155	157	165	167	183	192	199	205	208	237	238	239	244	246	251	
4	12	32	35	39	47	48	57	67	71	120	129	134	146	147	151	157	158	170	184	203	221	230	231	247	250	251	
10	11	17	20	29	29	45	72	92	94	101	102	113	118	130	140	141	141	161	167	170	176	203	208	221	225	227	235	238	243	250	254	
5	9	11	17	19	20	24	26	29	38	44	60	61	76	79	96	130	140	147	203	225	
0	22	32	33	36	36	40	45	70	81	98	112	114	125	131	150	157	181	226	228	240	244	252	
1	7	12	25	27	30	67	77	82	85	87	127	149	152	172	197	213	219	250	
10	14	16	24	37	42	63	79	83	86	91	97	106	111	113	122	124	133	142	143	153	156	174	198	208	229	241	253	
6	13	28	41	43	46	51	51	53	107	117	121	138	143	144	162	180	189	212	223	226	227	229	240	251	
7	9	15	21	35	37	46	48	55	57	60	75	91	114	120	139	145	164	166	185	209	236	237	240	244	
1	4	36	37	42	54	55	58	59	59	59	110	130	132	150	152	161	172	176	183	191	193	196	197	197	198	205	207	219	219	240	
13	21	22	28	44	45	60	74	77	83	105	107	119	125	132	137	148	161	167	169	174	175	177	178	178	184	188	192	196	198	208	222	230	236	242	243	247	
11	34	62	65	68	68	72	74	78	87	108	111	131	139	165	179	201	206	207	221	222	235	245	245	246	250	254	
21	44	45	57	62	62	63	65	75	77	79	90	108	112	117	127	135	143	165	187	187	194	212	220	227	232	235	237	243	252	
3	13	19	20	21	25	36	68	84	103	109	113	115	119	126	145	174	189	189	200	206	219	222	243	
5	68	85	90	92	109	109	114	131	151	156	164	170	180	194	194	198	229	230	237	241	243	248	255	
16	18	22	23	47	48	57	66	66	71	82	95	97	98	120	127	132	133	137	151	151	156	160	168	181	187	246	248	255	
6	26	30	53	74	84	104	116	122	124	130	131	149	151	159	193	195	203	212	212	216	219	226	247	
20	25	35	37	40	55	58	100	113	123	125	126	156	157	165	166	168	175	187	188	190	200	207	214	219	230	243	253	
26	36	41	50	58	62	70	70	80	80	84	97	114	123	155	171	187	194	195	201	206	224	231	249	
