105	224	171	329	135	17	372	240	363	31	111	232	181	50	339	209	78	13	218	19	246	134	202	159	251	330	198	343	227	107	70	331	118	240	260	40	257	20	279	220	
51	390	53	232	227	391	228	304	191	233	110	37	154	100	196	6	30	181	348	256	75	18	187	192	258	234	231	115	254	297	122	303	286	173	321	113	350	148	203	327	
381	313	152	321	12	134	325	227	313	272	82	386	77	55	364	121	287	194	22	140	90	142	230	162	101	337	61	237	85	263	163	251	361	100	357	370	231	281	382	142	
339	63	314	201	115	276	319	187	255	126	325	130	265	340	290	151	275	348	173	145	209	334	181	168	219	137	323	49	16	303	375	351	150	287	150	49	347	253	233	200	
377	343	327	27	280	1	175	152	347	344	82	340	63	259	106	67	392	213	112	192	301	271	328	48	342	262	94	287	112	111	271	272	50	194	295	325	379	253	260	322	
381	338	259	228	381	148	290	157	357	185	345	254	52	57	85	390	314	361	273	209	68	140	265	113	117	343	221	92	192	78	197	355	198	52	365	174	194	250	114	333	
31	242	370	78	293	238	63	389	194	118	193	257	40	240	364	338	178	368	213	152	41	4	103	21	238	250	190	28	96	86	143	307	321	295	378	208	127	222	191	314	
122	166	353	155	0	100	275	359	62	82	106	283	80	389	297	312	233	268	121	322	347	45	12	262	333	171	251	241	175	36	337	289	382	283	225	163	163	93	115	217	
168	214	281	28	196	172	332	23	33	233	125	161	271	316	16	384	81	260	219	248	76	149	130	51	212	135	206	368	220	314	365	167	307	239	187	96	190	298	297	214	
125	202	367	175	111	163	151	183	202	149	210	269	289	119	100	281	246	297	29	245	390	385	4	290	3	370	165	185	260	241	179	163	34	324	328	322	78	258	283	58	
398	85	319	67	382	9	338	219	85	145	55	254	308	50	322	303	11	265	266	50	97	223	203	308	139	310	222	394	159	283	44	334	146	140	390	118	139	106	326	0	
241	159	33	140	386	344	220	174	199	76	213	73	77	194	371	205	94	370	376	30	31	9	141	166	139	122	61	55	4	376	233	23	312	42	151	287	375	147	50	350	
399	253	14	65	223	161	258	305	307	224	111	326	9	240	82	325	138	131	156	132	284	165	143	372	196	70	248	347	205	74	74	379	102	262	33	312	10	66	392	305	
66	92	8	64	320	78	164	233	383	95	352	43	248	270	2	219	115	26	154	95	88	2	63	177	253	83	78	39	136	58	332	189	324	327	27	19	179	364	238	336	
47	366	367	69	223	144	274	113	344	202	194	19	192	243	369	32	100	34	57	223	266	163	186	177	264	386	182	30	337	6	141	369	146	281	25	355	10	284	241	128	
74	22	133	251	39	89	56	124	295	98	120	147	247	79	97	97	51	264	300	373	45	27	329	176	293	339	304	77	396	131	191	242	325	96	265	348	356	305	244	237	
389	350	157	8	13	239	90	50	275	162	7	92	173	109	41	238	220	329	88	389	233	51	216	143	318	67	263	260	356	92	82	117	213	9	109	398	232	183	219	279	
117	211	355	62	92	379	283	295	81	142	268	85	363	256	398	266	306	245	110	34	108	362	135	93	355	227	75	359	181	277	9	281	258	135	325	332	98	378	398	348	
292	38	16	238	64	185	87	140	12	366	157	290	99	274	365	225	271	210	354	36	70	346	87	99	64	394	13	331	143	182	50	16	389	235	237	35	1	93	157	183	
230	84	57	310	127	191	117	379	383	240	184	35	168	40	115	1	15	298	102	141	249	134	139	7	138	145	25	122	220	350	286	31	202	111	109	309	283	394	57	247	
216	10	51	153	31	334	135	215	0	4	336	230	306	243	219	26	157	11	315	145	130	182	156	312	62	245	202	325	7	27	340	204	16	158	336	28	72	238	222	52	
10	326	51	297	336	249	302	73	28	197	197	137	146	120	216	187	133	185	279	120	191	386	91	188	125	6	195	363	11	184	183	1	89	212	65	191	227	133	243	233	
97	207	137	221	94	331	175	205	282	220	91	52	373	161	218	77	333	179	206	112	341	367	279	196	158	322	366	151	34	375	362	108	347	264	94	18	360	246	388	220	
233	59	251	184	384	234	26	295	391	209	172	98	342	29	272	78	328	3	394	339	356	334	212	281	364	284	278	90	295	244	76	105	67	303	53	28	301	55	88	57	
30	25	133	348	31	169	190	335	149	161	40	82	260	15	339	388	276	381	55	149	390	107	17	221	174	48	13	53	79	265	86	271	265	381	195	271	126	149	370	250	
286	174	96	122	165	199	86	17	156	304	329	309	386	322	107	137	345	96	352	188	336	201	35	364	159	393	212	48	118	345	274	378	94	132	263	233	305	111	12	37	
178	317	109	140	215	377	39	322	235	153	85	333	328	282	273	249	250	60	60	342	379	96	83	235	202	108	230	83	381	218	281	133	296	363	34	272	103	233	169	311	
360	15	220	51	271	67	61	282	287	94	198	28	350	43	236	127	311	40	183	54	18	225	161	77	349	355	322	25	163	252	311	283	241	291	94	272	118	128	128	377	
382	87	378	94	289	374	193	174	174	136	200	353	333	121	2	255	50	85	42	372	310	325	15	311	376	83	156	67	370	256	16	112	103	154	177	363	287	129	109	220	
237	70	146	142	349	307	157	158	364	170	102	34	254	277	316	389	119	231	27	61	247	203	331	321	116	268	256	162	368	125	353	177	352	258	77	272	136	391	1	258	
320	262	51	332	297	337	292	386	327	78	205	145	251	108	224	125	346	238	257	73	333	369	220	44	198	56	75	92	17	47	109	96	66	129	397	333	224	48	289	121	
96	66	23	105	330	217	199	34	24	214	76	116	153	54	316	108	79	360	169	253	164	35	318	387	134	286	290	115	91	336	392	155	158	384	228	244	170	184	246	350	
367	292	223	89	314	109	165	149	38	90	370	358	94	258	314	383	300	173	67	359	265	27	270	180	168	68	392	94	220	208	12	342	255	391	398	137	68	318	41	260	
164	379	187	12	392	69	363	48	396	185	162	230	180	0	165	103	223	125	164	198	300	145	108	123	104	261	14	326	334	22	154	65	157	96	45	116	131	162	131	95	
315	260	80	249	14	211	319	204	90	50	368	357	348	230	234	206	58	3	99	358	180	7	390	303	70	189	174	354	317	271	203	385	284	248	201	53	212	86	222	268	
289	345	379	391	141	366	163	352	335	15	276	269	176	19	138	211	174	277	131	245	301	300	196	339	301	362	357	267	201	332	288	243	29	19	199	323	350	114	240	39	
95	82	273	235	254	163	198	180	193	294	389	59	346	151	150	399	265	72	18	219	157	271	214	151	255	377	39	171	56	243	361	302	77	198	101	82	112	51	225	268	
309	180	292	6	82	193	157	98	16	140	68	137	374	245	39	381	186	229	303	393	35	228	259	263	177	111	308	252	125	98	85	184	27	127	340	72	70	61	319	49	
351	351	149	76	159	338	19	96	130	73	239	315	51	248	142	190	321	200	193	197	48	27	131	225	304	34	47	336	245	329	348	158	29	246	195	337	146	364	394	237	
399	383	303	12	193	194	351	264	355	106	22	153	282	115	339	148	298	348	47	105	26	356	11	17	351	169	316	247	282	61	46	242	192	97	2	346	251	315	358	355	
170	130	70	13	392	157	122	252	253	316	105	240	20	78	5	333	207	71	141	50	92	334	39	244	392	191	338	391	67	257	307	383	346	124	144	299	241	13	111	241	
290	176	43	59	0	195	351	167	225	239	363	276	320	151	268	60	301	353	11	115	171	278	58	264	362	349	123	350	322	380	151	358	303	339	375	262	94	73	176	65	
271	99	89	338	395	315	356	255	227	326	328	144	351	133	367	60	40	236	156	109	176	265	25	225	351	148	46	191	179	367	214	196	212	260	92	165	133	5	378	106	
79	53	395	387	330	320	192	116	115	305	182	35	315	353	218	224	59	8	372	382	334	145	136	104	150	185	13	28	336	137	92	371	147	44	103	221	109	251	294	367	
301	221	360	173	131	135	142	333	287	258	61	178	147	153	25	254	83	396	239	375	90	75	91	380	262	150	159	327	145	9	38	189	186	354	105	61	232	202	137	76	
17	154	210	307	51	192	117	89	331	99	207	376	129	253	101	347	146	215	17	33	180	12	178	109	110	25	312	298	184	5	329	343	301	94	205	306	27	65	349	101	
119	299	33	203	107	89	292	394	45	52	382	180	206	302	30	271	283	298	124	209	45	7	107	301	243	54	163	13	73	254	69	146	108	243	302	355	285	335	304	284	
341	28	206	102	285	378	326	309	230	191	72	229	152	319	84	136	326	387	103	141	196	313	240	257	110	283	166	137	172	23	374	253	193	321	307	30	39	373	80	222	
118	105	192	9	164	15	99	230	144	341	323	292	207	116	289	270	139	7	359	263	172	74	70	317	135	117	88	127	43	120	89	300	363	19	262	266	175	100	47	270	
393	324	115	340	179	355	162	270	102	260	272	225	73	81	281	160	150	108	25	332	366	254	184	281	225	185	99	351	236	99	360	368	161	25	259	290	119	159	111	172	
158	335	136	181	366	156	79	254	214	243	137	132	47	60	151	223	195	388	313	170	37	224	89	336	388	86	177	58	382	26	367	90	311	54	7	14	346	36	219	110	
230	306	379	14	103	81	187	248	18	237	155	193	199	380	266	137	15	392	144	347	368	249	386	16	39	343	381	335	117	150	182	83	192	111	45	244	327	369	228	82	
156	332	11	303	261	226	176	12	167	57	308	272	254	30	237	242	110	167	126	363	265	256	394	194	103	389	386	378	307	350	8	198	17	155	237	13	328	360	373	43	
365	17	264	167	183	48	356	240	351	217	151	164	209	281	93	259	218	214	373	260	112	117	5	77	220	377	225	96	286	333	274	198	297	85	100	26	268	2	1	166	
355	287	65	111	115	105	104	67	52	23	61	112	275	201	322	41	125	95	271	357	374	93	290	6	311	336	167	126	73	302	25	373	136	224	217	383	62	267	184	60	
24	191	118	245	125	174	19	196	1	237	286	321	275	122	61	132	3	174	391	210	21	362	129	290	319	80	7	326	292	324	332	261	247	182	239	317	300	203	58	246	
385	289	301	205	144	306	70	92	212	5	33	366	100	108	201	364	132	340	235	156	396	299	149	189	26	332	50	59	81	240	37	197	260	282	134	347	319	147	171	76	
284	149	386	115	387	318	210	250	390	177	349	330	19	230	63	177	106	244	367	317	27	348	246	232	361	323	123	224	201	24	243	215	117	359	272	46	8	25	27	341	
146	108	215	295	280	221	15	117	7	325	164	166	3	352	340	307	218	193	74	149	161	47	306	7	137	309	396	88	277	154	371	152	204	129	388	25	79	133	271	215	
0	378	323	345	272	392	381	220	128	397	98	17	386	346	366	65	384	92	282	203	188	195	84	333	52	13	88	73	89	301	17	217	7	69	291	7	2	213	355	258	
339	395	217	53	70	124	247	394	156	70	325	72	205	349	345	199	91	162	399	307	191	145	253	139	155	85	87	285	25	383	84	305	106	240	298	115	91	85	236	373	
282	102	386	27	178	58	353	208	160	80	55	290	352	248	368	46	59	183	271	212	106	294	56	338	261	83	392	291	294	355	391	116	395	316	269	299	314	348	45	12	
155	228	30	45	202	337	218	387	58	215	139	290	235	321	354	34	130	285	51	151	366	382	205	88	24	200	325	277	274	98	16	366	50	384	138	378	259	293	303	43	
47	168	59	220	215	352	380	282	362	157	370	267	264	300	80	227	225	343	41	36	166	183	341	154	105	204	70	90	34	99	258	206	390	254	151	142	330	255	149	17	
349	244	9	151	269	25	102	30	93	267	4	195	387	70	286	28	210	80	54	368	115	249	112	230	228	386	96	282	178	181	23	62	149	368	336	353	118	161	319	146	
365	260	278	288	52	287	39	198	302	30	290	141	2	337	94	353	46	125	172	160	29	318	345	114	223	5	2	276	102	257	145	1	240	145	11	227	366	386	148	391	
140	373	255	77	32	71	153	13	130	46	295	94	299	175	142	56	115	266	54	339	246	322	275	20	1	222	369	91	330	239	204	3	333	180	201	299	184	287	33	34	
268	50	63	102	160	326	279	395	314	55	268	94	311	265	47	33	208	138	245	72	311	382	8	178	283	143	199	0	152	353	369	352	337	153	174	29	199	386	145	45	
163	347	73	6	145	240	372	285	311	338	77	342	253	17	52	70	280	371	190	364	258	279	37	128	152	144	277	284	62	354	49	344	20	54	282	284	13	374	288	256	
245	297	131	217	33	303	5	246	206	315	329	395	126	298	242	210	374	50	213	156	125	381	32	77	155	33	81	101	339	300	76	302	316	325	50	280	159	174	244	83	
20	106	10	265	334	370	193	26	352	336	114	195	35	264	389	122	228	0	153	99	19	159	119	266	202	287	264	291	392	39	305	130	75	32	324	126	332	46	83	1	
101	314	127	66	108	234	118	265	164	200	81	300	76	130	96	395	134	290	216	243	46	238	303	238	387	157	293	37	134	93	156	163	335	399	158	371	162	204	353	41	
121	363	272	313	209	296	237	272	302	169	43	64	124	275	231	227	149	241	193	211	262	278	90	314	206	177	1	84	97	283	53	333	175	253	361	99	265	313	298	95	
198	58	276	249	48	34	192	125	203	312	50	181	305	68	210	226	360	139	237	172	350	219	220	240	187	109	53	379	137	67	190	262	52	392	225	215	141	343	267	58	
184	32	167	203	27	303	356	102	156	307	201	32	240	347	386	354	171	367	47	234	361	164	22	128	270	175	269	338	44	250	323	341	209	203	70	349	219	140	377	300	
373	292	47	327	352	147	394	48	39	367	396	114	57	344	354	40	232	150	304	390	113	153	257	247	281	40	310	213	293	0	39	379	217	11	231	281	83	150	255	235	
42	364	274	212	233	341	178	178	15	194	93	52	59	61	12	52	215	34	191	32	359	155	336	288	278	279	94	285	353	60	232	108	348	218	30	293	83	319	394	21	
38	199	186	21	184	309	397	322	267	112	66	337	377	114	149	179	317	354	176	381	126	331	12	398	260	155	2	266	397	108	398	358	229	295	90	123	127	198	156	105	
20	146	153	321	182	12	210	209	289	308	114	337	350	236	45	133	313	158	110	21	188	30	302	127	248	103	173	86	223	251	300	165	106	374	195	209	308	327	128	306	
158	164	354	217	109	109	59	344	189	91	287	86	42	298	135	0	322	229	195	254	189	16	341	216	100	245	134	118	94	183	133	360	267	7	98	297	225	77	349	334	
90	345	129	241	164	184	349	195	121	64	157	230	189	206	154	209	372	209	34	386	312	89	267	288	16	73	293	349	259	163	204	56	215	40	217	298	144	86	200	372	
258	278	310	366	3	384	282	83	113	237	389	132	32	363	339	156	356	339	25	136	209	149	112	343	109	35	349	360	228	256	39	192	52	268	76	163	171	64	164	389	
221	260	41	172	143	87	247	205	133	191	259	260	45	76	123	261	218	178	327	364	352	285	74	112	71	257	380	349	241	250	257	167	28	3	44	89	196	396	211	246	
293	177	24	256	358	252	222	95	347	254	164	5	56	344	34	234	119	120	288	64	287	62	150	233	172	112	26	285	25	343	48	235	224	177	195	99	134	122	297	397	
293	379	108	54	27	246	392	62	282	197	232	87	363	298	236	51	114	367	40	243	227	193	182	367	74	80	170	125	119	384	38	116	66	250	273	9	11	368	175	210	
269	323	213	148	324	152	303	353	34	46	299	364	156	396	34	146	181	121	186	2	208	327	221	190	280	9	115	208	80	205	121	264	43	35	327	282	102	332	338	239	
294	340	306	152	39	256	212	135	78	100	51	201	130	188	305	324	299	334	234	295	241	269	73	199	219	103	184	23	349	224	364	158	77	371	10	30	141	324	78	133	
338	233	35	169	334	254	195	147	289	342	143	44	126	131	344	45	147	229	170	10	366	47	269	146	333	193	90	175	30	270	9	69	15	357	151	49	125	45	296	114	
302	353	71	128	396	117	273	243	258	356	166	138	104	135	383	137	241	385	225	371	355	147	141	70	204	392	220	28	350	29	55	351	294	38	390	389	66	363	144	24	
232	10	262	247	56	157	296	396	241	220	67	109	65	120	278	181	23	10	122	286	351	88	336	344	226	239	32	392	301	275	328	43	196	288	388	351	355	382	45	107	
301	24	314	277	243	104	369	177	212	189	161	73	188	8	116	112	345	246	202	157	31	40	298	139	239	384	188	292	65	144	310	276	266	321	63	18	122	130	292	243	
229	152	14	114	257	39	135	112	195	247	365	324	384	360	372	321	254	257	123	229	310	130	15	85	361	176	201	392	215	3	333	352	251	256	374	16	205	205	224	96	
149	286	329	42	155	397	272	105	163	90	30	170	130	142	351	187	226	249	275	349	161	117	397	108	282	67	32	183	368	165	374	25	358	399	375	208	91	342	220	350	
129	159	28	353	208	74	235	129	231	18	173	86	230	77	102	207	240	229	84	117	301	367	237	354	61	120	69	248	157	385	106	192	238	228	240	353	397	381	388	135	
307	69	317	232	241	325	345	176	249	337	386	244	398	130	106	154	343	269	308	6	348	321	292	93	243	226	141	147	115	35	189	115	198	11	252	133	29	291	214	371	
322	294	123	226	329	321	72	178	96	286	277	138	300	74	137	49	207	183	102	14	311	383	34	203	87	380	28	211	177	335	87	3	134	115	321	367	340	298	49	129	
89	232	172	295	398	0	249	297	275	42	3	90	331	343	385	323	228	318	38	97	158	31	4	383	50	17	255	83	220	396	117	0	319	379	199	9	283	139	397	61	
86	306	244	321	153	134	335	71	143	278	71	392	0	167	279	142	87	226	129	211	313	336	115	137	6	5	237	380	235	138	133	224	346	280	235	189	104	261	163	336	
42	325	19	133	394	202	177	172	118	396	72	333	22	278	160	332	186	299	215	323	340	251	238	376	221	163	68	14	326	321	253	57	149	175	91	232	65	358	93	272	
44	68	295	368	248	357	202	335	345	107	348	374	46	275	253	356	339	223	272	355	233	214	314	283	77	95	205	44	143	200	5	87	356	202	356	106	247	247	129	92	
255	378	157	389	154	310	246	182	221	206	37	354	320	39	326	299	223	219	31	266	319	126	254	176	228	299	369	375	46	399	156	388	277	212	64	119	209	210	387	329	
104	325	185	111	51	198	309	175	316	28	340	322	53	282	397	368	80	267	30	214	353	85	289	317	385	253	335	93	150	9	323	152	233	194	161	371	290	157	44	292	
272	71	114	224	252	9	278	18	362	207	131	1	191	106	218	262	257	239	255	305	148	264	143	66	144	390	336	120	45	279	310	215	249	321	124	186	15	299	103	63	
192	319	363	280	323	78	228	265	216	168	256	48	329	296	12	158	184	34	175	314	211	382	214	145	201	22	16	301	6	16	262	94	19	123	59	26	97	184	189	397	
249	130	343	262	110	40	316	378	371	387	189	266	53	87	95	338	6	8	136	310	109	295	301	212	314	257	136	95	125	8	390	269	33	16	26	38	140	238	312	6	
309	186	357	258	169	348	91	70	39	124	63	43	314	261	151	311	201	369	302	222	60	375	174	177	75	96	112	111	17	107	201	9	374	240	162	225	270	336	378	204	
143	337	330	139	280	375	344	164	27	328	280	382	386	136	54	356	127	248	149	227	36	31	131	93	166	374	213	330	205	85	28	241	317	252	60	90	309	298	148	17	
309	110	81	189	140	29	38	347	358	268	255	289	194	66	276	40	335	170	265	221	150	374	144	360	308	97	132	298	290	361	209	279	151	183	360	370	293	78	211	144	
240	147	114	114	106	69	47	334	133	205	235	175	71	271	215	59	262	26	250	232	280	351	3	112	215	43	374	0	14	265	224	146	304	17	339	89	378	278	102	2	
375	230	257	126	181	363	265	334	282	6	245	241	37	327	31	331	262	298	10	355	242	126	180	225	34	10	206	92	180	387	174	233	108	322	37	180	363	193	192	323	
278	116	244	206	121	166	27	60	142	328	306	275	133	164	178	245	65	275	228	323	340	293	47	339	293	163	197	147	33	66	361	201	259	94	84	269	150	1	6	182	
8	390	135	218	44	202	352	399	154	258	212	384	40	336	0	10	176	275	46	98	18	297	190	168	68	164	114	296	242	10	367	326	289	178	32	222	268	61	297	98	
209	187	372	325	199	48	224	264	212	346	38	120	320	304	363	277	356	365	61	275	51	104	89	17	171	199	315	116	336	101	102	220	363	150	220	237	85	119	176	373	
353	103	381	161	295	19	114	327	272	62	89	212	243	254	304	301	128	106	91	139	95	81	246	134	119	353	259	280	147	322	141	175	312	196	222	282	101	9	95	260	
148	260	147	277	188	337	252	203	331	231	15	100	386	149	309	180	176	54	346	210	263	373	271	250	243	167	18	231	251	188	165	284	333	385	46	6	208	371	282	212	
88	372	387	149	6	182	214	255	309	45	138	245	91	81	380	7	322	71	124	58	332	361	228	151	232	347	231	113	204	186	398	365	42	270	398	121	124	96	261	317	
215	71	48	378	38	100	270	245	245	65	188	61	311	87	285	28	319	188	26	7	45	309	44	161	252	327	166	47	95	98	250	381	54	369	30	376	141	371	292	56	
321	152	3	304	123	359	216	325	30	313	3	359	293	332	3	28	330	241	148	97	223	281	150	348	321	64	395	133	319	171	73	311	205	359	97	397	201	383	205	301	
180	280	331	355	282	218	54	282	129	84	262	21	35	82	253	26	29	318	41	18	160	397	212	34	26	379	315	297	245	2	80	306	351	81	331	114	368	54	279	378	
209	211	282	126	175	204	221	273	4	144	361	45	211	242	361	118	103	158	85	17	230	235	206	62	198	206	247	47	142	195	307	231	286	258	24	130	342	126	70	14	
338	100	129	217	224	159	217	395	384	370	293	94	85	167	226	165	40	141	92	62	216	68	361	170	207	53	180	217	247	319	300	253	299	308	349	190	134	233	252	398	
83	26	161	237	260	266	281	181	286	40	310	169	176	152	219	49	272	65	334	187	264	113	319	231	88	148	87	102	261	220	380	10	312	19	126	50	352	72	109	304	
181	300	353	235	117	50	164	268	182	376	333	325	156	318	222	123	345	188	291	272	73	337	348	264	236	353	194	254	91	369	36	150	147	54	263	329	382	91	263	42	
134	262	33	167	58	320	354	68	173	311	218	125	126	43	266	26	61	125	158	219	372	72	246	184	4	174	391	52	330	132	160	340	270	257	171	392	53	190	337	290	
378	32	292	380	141	223	284	266	224	318	361	260	54	272	321	123	322	376	52	130	172	276	134	105	9	182	375	127	248	189	293	289	285	249	145	88	347	91	230	234	
74	256	159	192	3	143	191	388	394	306	181	229	57	191	210	130	35	60	132	346	126	88	110	73	213	318	37	223	73	143	332	22	60	153	88	338	170	342	389	226	
123	45	330	56	110	15	248	208	350	255	28	138	5	201	85	92	394	397	190	130	203	184	26	138	212	177	139	43	393	2	145	179	321	348	296	93	237	17	175	249	
334	78	48	213	340	8	179	208	66	29	398	143	87	85	342	360	137	354	277	191	230	295	30	212	117	200	179	15	91	15	325	298	154	247	384	366	128	223	235	254	
126	106	58	86	65	273	106	262	287	256	112	177	212	16	48	389	88	100	277	240	388	75	11	14	195	55	40	382	151	148	296	149	126	226	294	251	158	272	384	316	
189	369	153	272	44	73	133	5	233	68	116	92	15	187	166	269	113	77	310	137	285	78	344	283	363	110	5	393	41	48	368	100	75	392	243	391	123	33	267	227	
374	42	378	47	288	202	375	272	337	343	66	92	79	282	33	314	50	96	178	150	15	204	121	362	66	22	224	60	114	149	345	358	248	193	62	5	264	307	335	71	
121	59	222	70	398	125	254	318	91	88	338	377	163	116	396	286	8	277	4	392	295	219	7	200	69	340	263	390	304	67	331	294	395	22	21	263	204	331	237	164	
77	232	198	108	217	62	50	282	208	323	330	159	199	207	228	137	203	359	395	375	82	383	326	134	61	216	52	134	203	159	353	148	258	19	123	130	137	230	280	0	
21	266	27	275	340	310	66	198	324	117	41	274	156	235	63	84	105	383	273	176	9	281	379	323	355	370	321	360	255	256	228	331	388	309	72	383	86	194	47	277	
179	144	207	201	32	137	339	4	386	266	235	50	13	80	240	236	104	215	250	227	337	344	24	192	307	151	41	260	211	144	192	42	153	51	296	51	53	100	108	92	
20	210	9	87	343	302	189	101	382	91	194	372	88	271	218	261	74	312	387	339	321	232	247	340	149	197	257	255	350	18	213	236	93	275	188	88	229	28	54	264	
385	301	101	338	224	371	63	164	149	102	367	334	386	266	326	187	114	47	306	330	118	172	30	264	98	82	217	192	163	137	320	11	88	73	0	177	95	114	204	107	
82	223	307	119	140	96	171	118	196	340	312	178	163	393	92	124	339	173	181	365	360	152	27	313	276	291	141	236	269	208	207	1	80	164	384	270	311	205	251	157	
196	214	385	222	69	340	209	58	375	252	73	386	54	363	349	193	304	352	291	36	210	149	87	153	362	121	285	135	189	187	155	247	262	1	117	381	203	188	301	228	
90	238	264	6	250	74	60	16	288	1	101	147	199	50	161	22	222	94	20	272	143	224	168	54	87	147	297	339	384	247	216	335	132	340	202	244	275	310	308	211	
360	271	219	19	369	27	303	51	383	371	372	174	55	188	88	3	196	33	391	228	329	67	23	109	269	273	1	4	43	170	264	264	87	342	330	104	17	92	15	260	
324	35	81	240	83	218	290	326	110	140	13	86	68	83	56	384	216	317	35	118	134	159	29	81	149	220	45	25	359	108	332	330	190	272	216	131	348	364	103	105	
153	164	51	267	105	154	109	180	117	3	345	110	209	20	50	216	98	143	287	317	297	77	293	132	208	367	123	15	190	273	167	387	295	263	111	258	275	266	83	250	
128	74	219	382	352	314	55	96	101	200	58	43	322	209	34	387	33	203	47	80	333	259	113	273	380	82	177	112	394	117	7	167	236	270	5	44	40	104	397	187	
162	313	275	127	378	166	159	268	225	63	393	203	179	363	332	203	89	153	172	127	126	223	151	219	349	12	308	34	373	162	265	178	118	395	161	139	17	176	264	285	
283	301	131	104	307	107	164	39	115	378	23	286	245	29	148	49	85	311	126	101	116	247	135	90	98	339	85	159	158	392	86	82	335	73	42	284	223	248	179	193	
269	245	334	368	128	337	273	256	290	254	213	261	143	390	393	96	184	121	109	197	156	238	133	133	166	218	272	243	320	305	78	231	3	266	52	174	244	366	283	388	
263	350	291	260	194	326	210	19	88	360	257	97	239	31	84	46	103	211	330	64	157	262	149	14	170	243	229	267	62	365	296	365	356	228	77	190	6	327	61	134	
328	359	85	20	244	211	319	387	61	101	304	70	217	93	124	26	376	206	333	78	212	270	297	208	350	227	250	396	7	352	383	187	163	107	246	45	170	16	284	82	
159	229	6	14	361	170	292	189	228	76	118	78	198	267	137	187	346	26	34	392	230	56	218	32	16	316	116	37	371	253	160	380	332	204	245	331	224	387	370	302	
103	340	19	152	246	7	190	230	285	262	72	153	170	140	223	224	94	191	111	317	81	121	147	264	176	244	45	38	269	53	378	222	30	248	11	125	104	238	205	26	
350	127	30	157	306	290	230	37	330	379	391	261	137	389	162	351	270	244	239	388	146	66	248	215	164	108	190	306	196	245	182	182	8	248	188	350	175	53	24	353	
282	265	252	269	102	49	256	8	142	343	33	325	45	129	388	58	274	215	0	318	308	30	135	352	315	172	339	338	262	212	327	391	324	26	295	62	324	186	318	101	
377	200	62	271	364	86	364	85	148	212	38	91	277	22	78	227	229	265	12	338	324	188	365	284	249	295	194	208	329	146	344	340	381	254	245	192	374	55	312	369	
302	385	308	214	41	20	287	117	132	146	89	90	368	88	221	251	231	261	306	194	42	284	380	270	384	72	95	205	162	254	208	97	273	148	157	160	15	289	310	393	
282	34	330	283	368	185	380	232	78	319	58	366	48	285	81	66	390	23	304	185	310	145	127	28	139	129	222	188	265	377	26	179	43	389	307	44	206	319	120	128	
83	25	341	164	342	54	262	364	109	11	393	265	1	366	325	173	340	179	206	237	1	264	261	76	285	12	365	335	363	118	96	290	387	281	84	360	366	191	355	320	
234	193	217	78	190	385	282	162	8	331	242	40	227	346	147	355	389	357	322	196	319	262	116	337	174	45	328	383	267	126	334	343	162	393	51	195	9	176	199	47	
138	71	118	395	261	108	193	280	308	357	106	257	249	253	36	265	328	207	279	37	176	55	223	368	292	304	193	143	110	234	221	278	334	181	114	224	130	336	346	68	
324	82	168	14	177	46	121	347	94	29	226	300	326	78	109	59	11	143	232	363	6	81	82	182	103	226	35	76	4	223	386	169	145	394	23	163	68	173	137	192	
43	206	333	398	312	70	298	164	242	158	368	276	80	78	85	213	145	361	129	390	24	143	187	198	166	50	389	75	252	367	107	322	200	67	159	351	377	85	142	246	
272	138	362	192	56	287	31	41	88	188	58	139	171	84	365	364	163	381	279	254	188	13	203	15	107	203	393	111	127	375	197	238	139	185	55	35	310	113	102	24	
140	189	192	338	111	395	140	300	215	45	180	28	297	222	69	30	263	302	380	16	303	15	280	282	226	361	343	374	313	284	238	79	310	54	255	47	287	233	185	126	
116	204	393	38	263	88	306	150	15	311	192	155	351	96	62	14	82	30	13	21	340	88	338	275	168	30	159	292	100	370	256	241	10	274	303	297	199	233	71	50	
381	288	231	356	221	318	207	327	185	56	185	361	170	359	73	174	226	257	90	350	63	370	215	97	80	354	18	303	211	113	377	27	24	232	219	80	173	48	31	193	
129	52	179	134	248	275	331	96	367	257	70	54	63	120	175	167	98	29	93	144	166	306	8	26	160	250	129	169	322	396	385	286	284	398	255	153	295	208	84	96	
301	390	174	199	133	184	387	66	235	315	45	235	244	75	95	239	348	60	30	104	291	250	225	197	270	101	185	399	143	104	117	278	115	125	97	82	142	106	382	211	
256	50	280	333	359	397	194	140	291	57	78	203	140	324	21	244	46	39	264	24	164	215	323	302	174	42	218	337	382	222	169	258	104	69	212	296	299	238	57	210	
128	369	33	289	314	287	152	193	159	249	237	344	296	393	78	90	55	129	47	270	371	49	147	308	351	192	224	82	262	113	312	9	102	177	129	248	296	301	59	74	
170	129	38	85	141	349	7	28	97	286	317	300	354	296	227	136	320	282	238	13	15	381	42	349	178	3	216	305	324	294	398	324	254	267	240	226	234	265	84	161	
383	233	80	355	147	137	323	298	38	391	329	284	391	202	251	399	224	84	322	378	209	338	132	294	223	391	137	288	86	241	280	86	90	378	272	67	345	24	195	0	
33	142	114	41	174	382	57	227	296	209	222	335	163	185	246	217	193	0	334	108	70	231	25	391	38	126	75	214	167	100	231	29	259	175	87	261	173	373	104	298	
200	155	250	192	356	111	237	377	340	399	315	240	59	356	247	113	311	150	343	307	267	3	352	354	194	268	44	195	258	164	108	285	147	186	304	332	124	369	324	293	
384	255	148	58	38	223	0	177	201	170	98	296	1	279	77	22	161	136	233	247	128	168	146	292	183	279	239	322	75	390	230	73	72	205	359	124	41	186	128	69	
184	242	380	200	134	71	236	123	223	295	384	365	78	358	83	87	63	336	23	152	341	80	52	27	299	238	378	167	37	120	251	235	189	56	260	148	140	108	97	189	
18	96	381	322	67	77	22	143	240	271	121	194	364	187	46	277	38	250	57	301	197	133	361	211	203	234	185	168	356	296	371	199	4	364	132	296	266	379	264	117	
263	211	136	240	9	7	341	272	270	223	186	291	181	158	113	395	5	122	175	186	30	371	396	259	159	353	379	38	344	67	167	30	289	316	93	122	334	258	5	27	
92	203	330	284	373	267	102	202	1	102	398	255	84	5	338	256	369	328	305	136	220	83	390	119	223	95	253	168	176	82	19	92	295	360	386	90	49	312	302	60	
25	311	139	332	138	87	198	330	238	325	76	280	232	290	223	64	208	85	55	394	177	85	96	296	268	306	396	327	228	309	211	74	41	359	15	190	268	223	128	327	
370	28	218	211	139	49	285	356	356	161	171	356	256	278	261	345	5	78	282	54	209	314	137	72	282	161	271	371	206	221	119	185	69	157	216	217	215	321	393	392	
92	174	169	168	60	251	122	286	337	225	348	367	146	93	47	249	75	326	228	102	367	167	107	258	334	331	82	369	261	84	369	360	78	145	348	358	3	77	251	160	
122	207	135	276	119	190	131	202	335	178	123	121	166	238	386	107	176	289	83	44	380	273	224	278	25	391	243	249	289	100	16	17	125	370	112	63	165	250	271	319	
249	215	47	21	58	40	134	241	335	36	103	133	315	145	17	159	356	78	14	251	185	249	86	128	225	205	198	396	61	287	321	127	106	186	153	170	231	105	229	170	
147	151	310	281	114	144	45	75	228	64	143	230	130	236	175	360	45	378	173	111	83	312	244	7	102	215	395	339	325	42	327	290	198	54	174	128	203	224	209	248	
105	357	295	240	9	75	16	59	270	194	387	357	322	48	181	28	267	180	183	9	227	115	303	28	173	294	374	193	121	399	44	42	359	155	97	185	234	116	247	106	
126	238	281	264	289	65	295	159	249	82	384	292	13	290	323	190	187	112	198	123	114	58	381	290	217	81	77	53	13	327	375	354	166	70	220	271	137	116	245	202	
14	232	96	29	336	234	33	337	349	234	62	278	294	45	169	325	341	249	380	168	177	169	124	159	243	346	32	195	277	279	211	105	111	120	135	48	168	170	386	331	
219	263	211	326	121	382	252	63	232	45	45	224	216	170	384	272	330	17	281	208	109	305	314	222	27	264	83	197	248	283	128	66	145	151	392	79	133	56	142	178	
102	189	3	130	171	200	3	101	217	96	121	138	1	249	360	28	112	256	37	172	138	378	51	284	130	256	363	76	312	318	255	13	318	69	142	301	268	357	1	296	
53	335	34	54	182	206	294	294	60	143	278	198	120	328	293	62	182	67	351	93	197	205	318	326	86	60	226	353	16	38	249	281	372	93	145	152	298	37	258	356	
392	347	366	324	274	257	384	54	135	333	359	142	349	275	67	33	333	103	197	160	140	43	39	323	135	395	286	244	30	354	198	20	299	373	341	169	40	134	33	172	
279	390	313	37	263	189	67	5	291	261	162	241	114	11	373	59	3	256	300	244	208	307	73	316	90	224	82	127	355	112	109	42	312	231	75	170	17	351	171	116	
22	144	166	132	151	135	0	364	387	108	16	3	224	85	315	310	305	206	246	68	315	351	320	35	178	391	202	4	339	181	329	356	321	90	296	281	221	103	240	203	
208	252	15	26	144	325	144	44	126	385	320	249	144	235	279	318	34	288	129	368	64	53	131	381	351	235	69	166	333	304	176	347	362	185	179	313	318	318	163	38	
111	78	94	250	120	367	374	148	249	97	323	119	357	261	94	114	89	370	275	229	80	258	169	36	251	343	155	162	68	313	7	172	385	94	228	311	267	195	52	321	
98	369	34	261	223	335	368	117	298	48	339	372	299	314	214	355	62	363	110	123	269	323	101	59	223	134	175	295	322	221	21	225	394	48	77	21	187	37	343	77	
78	275	255	182	393	274	129	48	229	45	376	302	360	283	166	388	9	334	275	136	360	101	353	158	141	23	172	133	265	107	15	335	186	262	108	170	126	229	22	158	
266	391	265	30	77	22	222	290	160	300	17	111	392	362	261	337	188	237	61	44	148	68	182	326	321	94	300	251	127	126	213	195	320	67	216	387	293	240	267	43	
131	276	358	326	40	209	254	31	249	305	278	387	363	51	115	86	348	218	139	65	334	342	252	244	0	270	33	283	100	291	128	33	368	75	348	210	273	190	230	323	
299	310	300	251	162	4	139	100	212	268	154	347	200	208	180	188	280	203	273	181	295	390	204	64	54	353	263	128	346	294	41	233	192	141	71	343	347	198	244	359	
56	201	295	56	209	276	45	76	280	306	246	162	96	37	28	351	191	279	67	125	161	309	346	154	252	218	298	186	218	343	133	261	130	228	116	326	91	148	390	170	
255	36	133	338	274	148	276	52	228	142	164	376	252	97	330	90	302	27	264	106	357	196	166	74	224	82	200	114	218	390	272	58	12	392	382	84	339	56	122	152	
186	274	328	24	169	56	313	271	70	162	175	13	157	329	287	367	397	73	68	14	262	138	58	72	329	240	143	255	282	252	206	266	324	119	87	78	160	385	146	216	
346	309	28	301	35	300	254	230	170	119	229	230	243	85	287	157	310	228	210	389	278	0	53	186	317	338	62	63	309	194	76	51	87	88	337	319	184	387	132	151	
304	347	366	343	16	50	84	122	262	90	308	123	75	345	106	376	80	366	236	373	144	109	221	28	394	354	143	163	137	260	299	24	2	249	351	1	282	231	319	339	
118	24	260	176	164	349	348	228	298	380	396	238	72	200	61	49	350	187	8	71	244	291	291	229	335	37	26	12	252	328	334	164	146	175	135	294	320	65	103	12	
241	296	234	107	78	89	352	10	72	342	276	298	27	149	108	344	168	116	150	215	240	67	361	368	37	78	244	151	339	142	146	373	19	173	62	291	244	395	94	297	
319	353	389	328	83	79	65	45	176	197	242	397	58	396	159	289	56	384	22	188	320	149	142	132	116	185	4	341	161	80	32	274	13	1	394	289	273	252	314	30	
30	349	221	281	326	172	363	174	350	365	343	250	307	278	363	3	44	347	136	398	220	361	64	213	343	38	294	8	271	1	231	92	329	244	165	46	395	107	12	324	
52	335	154	150	5	309	345	28	47	60	218	247	214	262	251	348	91	124	335	153	317	145	38	37	368	182	63	342	269	54	246	111	180	190	52	163	77	375	382	102	
227	178	328	18	231	370	344	113	72	258	245	367	193	261	382	139	21	236	272	80	81	95	169	52	76	199	6	344	365	366	25	169	334	142	377	355	302	111	45	351	
347	80	108	330	319	281	46	129	306	295	0	364	180	359	393	46	349	188	368	291	131	182	250	256	114	17	0	394	105	22	134	241	291	220	146	398	289	168	317	170	
253	294	112	222	229	294	245	153	59	188	234	379	347	272	23	250	265	399	220	346	209	331	162	77	339	285	51	203	242	344	162	70	25	250	267	230	332	86	170	178	
63	192	346	197	40	345	23	280	319	218	14	317	336	151	369	250	225	207	241	41	127	379	86	127	16	141	144	135	15	103	289	53	270	209	225	284	341	34	351	46	
228	340	338	350	278	93	387	76	276	201	92	189	367	365	103	358	80	223	67	70	300	143	310	356	139	321	27	54	330	352	74	343	77	386	266	328	52	226	190	113	
214	257	277	154	7	354	298	274	149	151	129	235	268	12	163	380	118	163	220	21	301	267	337	351	38	389	65	64	0	229	150	186	270	212	314	61	138	396	307	72	
120	9	92	172	205	228	124	297	176	316	102	262	368	12	398	378	185	35	227	157	48	162	129	102	347	15	348	270	195	228	314	288	20	377	31	197	388	340	278	348	
40	352	182	379	147	151	141	304	370	339	246	201	72	346	87	202	144	6	43	311	17	140	382	222	88	385	390	261	108	51	179	118	373	144	281	304	266	392	390	18	
302	206	3	157	122	273	142	49	250	156	331	49	267	283	241	138	50	13	369	128	34	331	30	190	46	281	64	94	243	237	296	326	13	268	52	317	110	164	336	141	
103	49	373	151	113	183	71	133	378	222	43	194	122	42	354	350	292	199	13	316	5	90	211	199	328	45	86	220	391	203	142	62	221	296	395	302	47	34	215	206	
226	229	370	128	51	104	46	124	272	27	8	57	299	187	38	7	201	92	7	160	76	117	4	265	381	179	347	209	181	131	384	186	139	133	282	157	204	295	249	256	
103	226	93	369	192	98	343	173	370	317	114	13	213	85	245	161	44	159	150	192	70	314	347	176	14	195	301	185	58	330	220	340	334	281	275	92	345	183	233	282	
280	314	262	59	177	286	399	187	224	116	158	260	208	284	2	189	259	81	153	283	377	341	1	89	0	242	148	123	203	159	371	48	251	11	72	205	74	36	358	263	
331	295	301	105	144	80	72	368	126	190	28	282	309	394	336	86	13	49	175	181	386	324	194	201	112	44	372	151	258	107	191	153	367	56	35	288	100	71	32	4	
39	238	251	125	8	363	175	385	189	127	343	139	16	314	306	92	134	54	21	356	126	176	286	270	10	285	334	74	132	330	255	348	343	68	249	314	395	199	74	360	
292	193	63	271	70	144	138	380	162	122	299	252	263	361	297	236	21	193	85	117	86	304	241	204	147	52	81	318	214	331	241	281	299	79	113	331	185	214	85	310	
300	347	337	337	270	195	347	66	351	395	145	211	73	160	378	182	387	234	63	376	339	266	219	199	307	295	305	268	284	352	352	358	73	251	256	116	219	164	143	345	
334	63	331	368	184	83	111	132	90	348	70	391	175	251	364	256	319	231	297	377	143	210	296	390	22	325	68	15	263	172	133	369	196	25	297	341	68	181	247	331	
90	90	283	38	301	207	67	392	210	324	141	126	94	397	77	289	95	105	77	130	50	170	60	206	155	129	321	396	271	127	288	133	176	342	130	249	321	156	12	90	
254	114	177	307	283	26	368	149	303	4	240	312	133	71	78	61	159	358	228	390	257	288	295	204	189	384	224	282	313	195	144	337	80	92	201	322	76	340	242	337	
303	40	207	207	69	56	226	0	372	13	160	399	72	13	161	32	167	344	272	38	311	374	145	349	237	118	41	271	16	242	378	277	51	356	41	291	369	37	248	111	
220	178	68	250	148	0	239	273	113	68	81	381	211	183	100	6	259	311	46	45	322	382	279	143	295	89	391	33	296	8	101	72	142	126	279	59	82	286	100	364	
123	351	115	104	304	171	66	331	251	281	332	129	31	379	41	94	237	388	84	88	164	141	117	75	36	164	90	74	6	146	207	298	266	278	357	124	216	190	10	22	
27	111	320	14	45	316	63	238	71	315	281	190	12	165	220	3	97	78	246	272	393	8	124	213	241	36	293	12	181	70	201	375	135	289	155	135	158	386	139	184	
256	187	142	221	308	318	392	171	162	4	397	109	366	288	277	373	90	336	151	225	173	119	368	263	362	77	164	75	17	258	26	226	211	121	213	72	204	371	9	133	
329	361	196	60	201	240	198	58	128	115	237	255	188	370	284	103	1	1	344	183	25	323	175	189	210	155	27	180	79	389	267	173	114	228	185	81	20	149	91	100	
217	93	121	358	16	169	226	181	335	122	129	312	210	258	266	185	365	57	130	208	211	350	146	90	343	285	123	315	198	379	179	367	237	252	277	16	372	54	361	259	
341	42	335	102	251	365	51	379	185	133	352	348	247	49	390	140	97	277	6	247	20	136	165	20	152	205	387	288	23	299	97	314	103	195	179	117	323	393	259	58	
77	161	170	274	161	323	176	21	149	345	218	332	32	146	302	347	302	51	184	87	112	45	351	166	3	293	233	276	236	42	284	75	366	3	299	289	275	236	259	186	
132	27	281	326	335	345	221	185	345	355	221	7	161	335	335	113	389	330	338	174	321	384	199	48	148	260	286	373	258	94	321	338	282	362	211	165	255	193	111	148	
311	283	317	20	378	12	82	315	290	180	251	371	112	398	368	209	18	201	343	223	56	24	323	287	334	82	212	137	37	272	46	295	314	122	74	238	81	316	314	318	
45	112	236	317	57	364	286	234	113	388	5	329	171	275	162	53	117	322	350	314	141	343	155	2	12	389	1	253	253	262	117	56	320	112	131	135	23	364	128	295	
111	80	170	229	114	280	228	390	360	337	250	260	225	163	21	396	98	368	194	297	388	70	111	66	128	189	147	97	312	221	338	368	59	267	355	331	91	128	266	208	
11	274	15	394	382	193	147	26	106	287	80	252	302	137	263	376	84	167	230	341	334	327	254	150	138	154	239	387	40	50	140	208	269	312	359	7	49	51	189	312	
95	215	108	342	109	315	74	137	26	249	22	116	332	32	24	14	343	207	157	140	14	55	293	39	311	8	391	117	3	124	185	42	95	237	139	147	308	156	40	90	
161	6	363	250	194	142	206	80	105	120	163	63	118	211	258	184	376	4	244	134	72	186	119	323	179	14	226	30	326	209	276	30	371	394	221	107	78	182	342	126	
245	262	345	118	227	144	245	145	91	244	222	318	373	96	182	94	266	163	280	133	316	310	105	228	245	81	90	79	19	186	147	18	389	245	78	371	331	77	270	175	
76	34	35	203	285	372	51	91	289	272	165	145	336	25	127	122	260	371	355	32	99	256	392	241	42	223	153	127	54	365	243	70	151	32	26	188	156	18	219	385	
43	139	285	319	317	352	194	329	76	89	302	115	286	46	109	268	22	203	335	228	321	332	51	224	116	18	354	212	376	326	350	358	216	173	29	72	278	162	153	293	
191	207	160	16	192	208	36	366	163	122	133	23	205	123	187	261	80	293	12	207	157	114	318	314	226	286	137	256	387	229	300	329	375	398	96	318	358	70	221	59	
344	294	234	88	168	172	287	186	3	50	145	98	102	1	162	79	224	238	274	149	218	111	228	345	261	263	200	156	271	173	153	152	216	325	390	322	34	213	259	186	
201	342	223	53	280	135	70	41	311	93	340	280	354	105	161	151	306	111	244	326	221	148	227	376	222	154	234	7	118	30	130	68	120	102	271	336	174	277	125	233	
119	2	50	9	257	360	97	311	8	90	385	165	174	362	290	146	265	61	89	319	239	155	136	297	7	343	381	117	368	43	287	234	192	273	178	196	167	23	255	323	
263	176	25	184	73	62	266	85	271	102	152	46	193	223	90	135	314	218	0	29	196	221	198	137	241	124	269	157	83	59	15	280	382	186	210	201	183	11	220	388	
48	308	181	388	278	18	270	125	171	203	88	114	172	220	398	348	280	14	251	109	7	201	135	135	134	280	271	64	37	237	199	19	79	314	152	290	78	356	161	182	
306	183	43	11	150	375	105	175	322	290	217	74	236	98	142	305	311	158	114	282	329	246	46	153	94	131	189	105	232	284	33	71	211	8	226	294	315	264	213	381	
87	176	388	68	206	275	305	50	365	352	76	39	130	54	337	369	330	58	218	95	86	183	311	230	337	69	269	396	266	15	310	96	335	41	95	73	247	144	267	356	
240	275	139	114	72	8	15	145	209	377	171	40	92	225	201	172	226	213	99	235	372	152	75	238	338	101	55	116	389	252	215	159	57	286	204	272	36	362	347	388	
270	263	359	104	18	303	19	174	260	262	152	161	344	157	142	211	2	127	70	133	310	216	223	109	244	170	123	23	275	1	153	286	192	42	320	139	86	268	56	275	
59	351	179	145	38	63	98	181	120	311	243	171	269	208	23	254	120	75	206	136	217	289	352	339	72	200	220	88	209	18	292	10	297	211	296	75	203	322	397	64	
374	383	377	170	332	328	353	381	144	87	45	290	117	137	370	117	78	331	346	216	277	379	367	314	118	190	130	249	252	268	54	154	177	359	64	37	26	345	157	97	
172	343	128	216	8	25	74	13	95	347	369	299	65	75	352	111	192	221	100	185	17	82	79	121	368	70	298	133	342	194	158	253	64	212	396	210	376	208	362	397	
296	71	35	287	72	125	136	4	274	163	328	216	384	333	76	90	141	113	149	222	233	233	2	36	184	136	385	299	272	274	221	305	82	394	329	79	45	391	220	56	
80	74	198	389	144	12	216	211	50	291	359	22	50	286	195	372	347	106	196	356	117	155	398	124	288	252	341	257	168	87	51	385	298	173	298	367	322	38	315	109	
66	198	269	252	220	388	149	91	18	82	184	272	374	106	320	185	283	398	179	375	9	154	284	43	64	318	334	123	92	385	156	82	106	348	257	249	71	142	77	13	
361	398	208	258	27	264	179	46	185	95	156	330	385	176	108	373	229	178	231	58	86	311	63	116	394	56	101	388	335	101	136	30	21	80	23	183	79	125	364	399	
356	43	64	262	141	94	370	106	194	123	86	203	356	284	54	84	74	77	207	331	314	78	284	69	80	228	387	294	88	273	214	365	237	199	362	112	28	252	139	143	
299	360	81	388	164	269	206	160	80	335	224	315	146	241	117	148	392	26	175	213	219	312	313	190	244	195	37	193	181	310	71	212	190	285	334	87	74	60	167	74	
128	314	122	194	75	159	75	199	105	171	146	58	215	191	381	192	119	150	119	220	193	110	354	116	315	207	123	121	0	211	115	47	256	369	373	63	48	368	395	285	
272	61	75	6	171	188	117	209	257	368	161	370	397	246	5	44	185	260	297	104	391	332	283	379	32	175	361	399	275	87	16	64	66	9	200	368	115	48	308	104	
336	201	205	250	366	342	25	283	120	240	117	29	303	319	138	252	224	229	383	229	235	317	211	32	56	330	319	90	108	357	325	361	75	47	342	171	306	96	371	343	
254	6	102	287	54	370	269	8	117	169	154	269	215	283	218	188	342	266	8	368	354	249	58	346	27	317	246	249	331	347	323	314	82	153	117	52	40	115	189	73	
201	260	72	145	273	19	249	343	202	174	39	285	152	14	146	95	59	122	74	306	385	125	349	195	194	194	164	363	225	269	164	154	257	151	214	45	299	191	304	228	
282	71	29	162	0	303	172	375	340	374	8	53	14	84	163	337	193	55	214	146	52	295	215	225	173	157	398	387	264	29	130	272	15	73	349	141	291	248	242	357	
137	166	137	279	164	215	129	85	397	70	145	364	279	88	316	179	159	227	293	338	384	150	338	125	137	13	180	154	175	338	238	39	229	289	230	119	229	85	117	140	
69	390	18	74	391	246	166	63	199	184	127	96	247	190	134	111	116	41	391	205	292	142	370	246	345	326	279	87	324	122	140	117	24	283	103	327	253	394	114	366	
92	367	187	251	69	47	274	98	0	391	28	16	45	310	174	114	360	177	327	195	211	191	224	360	387	53	198	152	359	38	242	174	316	342	150	109	112	148	331	23	
51	270	163	8	304	61	33	174	362	83	93	85	186	228	168	84	5	91	360	275	40	114	173	79	179	234	99	202	295	341	349	255	334	234	386	147	205	142	44	290	
136	48	98	232	0	177	39	315	178	310	313	341	146	397	330	235	141	152	160	158	215	231	325	60	376	220	330	304	272	285	103	319	54	111	272	363	10	221	187	97	
41	10	348	309	128	186	53	179	60	335	246	185	75	293	154	360	235	205	172	17	211	397	57	175	229	239	47	148	182	356	154	344	87	222	160	123	318	334	23	98	
177	392	192	160	5	67	240	148	181	133	287	301	38	251	196	176	211	365	45	302	228	108	153	36	238	34	281	276	275	24	96	360	323	195	239	235	170	199	291	71	
240	85	92	399	57	196	295	388	68	246	10	16	74	70	360	220	224	360	216	7	291	219	87	334	135	233	76	25	341	86	3	300	291	213	204	66	316	5	360	102	
372	276	238	352	66	317	291	196	182	14	109	379	352	315	218	393	267	13	136	327	218	45	132	15	165	56	199	199	367	65	21	243	60	164	314	31	386	109	132	286	
241	360	170	99	393	107	209	165	237	251	397	361	14	34	93	297	395	197	214	80	168	140	41	133	22	259	281	125	274	131	316	232	207	202	235	104	26	162	173	168	
131	288	34	261	39	244	63	150	346	394	134	230	250	293	267	176	56	265	18	47	301	237	184	13	344	136	21	87	15	312	159	49	102	309	27	44	56	393	98	306	
103	349	40	256	144	24	148	317	192	69	79	209	22	379	125	81	19	261	71	149	76	133	315	295	346	244	54	117	353	267	138	358	119	294	329	378	219	379	9	126	
163	392	238	87	272	78	70	6	242	44	270	33	292	87	42	352	233	211	372	88	381	12	348	214	20	391	95	354	271	6	383	148	111	335	349	98	127	320	217	270	
78	390	18	84	378	174	337	112	286	22	314	168	148	375	284	69	266	93	325	251	212	21	301	225	256	150	37	284	184	155	268	162	46	0	359	324	74	196	149	260	
119	176	142	167	52	327	350	218	132	174	371	245	95	384	183	64	35	120	249	332	175	230	394	334	130	66	371	317	162	20	77	393	308	119	272	258	157	121	377	2	
195	60	147	2	343	42	365	89	61	326	320	348	268	26	181	298	391	51	114	264	182	303	156	389	133	328	147	3	160	235	304	66	6	161	366	59	101	42	47	272	
79	78	119	245	214	11	254	103	360	79	78	252	92	133	140	124	171	398	237	230	344	39	194	247	311	271	17	122	24	174	293	0	150	121	356	74	30	107	287	99	
297	263	250	285	106	100	307	175	395	253	115	235	189	206	192	209	187	106	228	108	178	18	218	38	37	71	9	176	75	193	172	267	354	319	261	356	315	277	239	18	
28	251	363	327	167	263	32	63	266	157	68	153	283	182	300	29	149	204	101	333	107	383	309	169	197	66	21	221	239	370	348	163	329	206	197	391	365	124	350	339	
390	126	388	169	16	395	93	272	95	303	100	97	180	116	161	85	289	289	14	237	367	257	108	191	171	200	77	243	219	134	78	104	367	172	167	276	62	367	43	263	
377	250	255	51	73	123	243	257	119	151	389	381	115	391	278	180	85	62	319	11	91	103	9	352	169	282	336	338	357	272	95	226	229	56	384	195	284	333	158	110	
378	41	385	199	137	369	85	328	324	109	232	120	105	134	178	381	123	7	24	373	385	13	305	320	174	394	9	353	219	272	356	90	19	45	394	48	306	371	268	334	
186	394	348	396	232	18	268	60	317	185	137	6	303	335	218	369	220	332	26	333	96	273	127	7	23	225	348	220	88	321	259	378	18	98	265	141	7	25	93	27	
315	122	137	321	160	246	394	85	69	311	309	269	288	139	167	202	255	218	127	47	242	90	317	151	79	73	397	189	201	193	107	219	205	134	242	69	84	126	44	255	
141	56	16	132	85	286	37	43	207	266	380	341	246	399	382	28	362	268	107	266	352	317	188	260	154	321	32	128	150	366	273	393	311	392	226	97	167	152	29	263	
122	298	307	257	187	391	175	250	361	384	218	15	190	108	377	233	131	297	63	170	365	225	264	377	319	380	363	375	233	280	341	243	279	348	202	167	226	78	119	76	
351	39	380	29	36	57	363	55	242	314	326	95	240	78	360	47	158	23	123	92	4	164	224	171	0	127	40	115	93	259	291	331	185	371	60	321	315	310	262	256	
112	288	239	239	66	298	173	111	208	396	304	99	47	15	370	335	241	109	149	221	255	140	251	141	398	11	349	12	208	312	155	19	86	93	357	39	277	228	248	184	
112	39	170	45	152	238	265	92	234	113	199	376	139	150	215	235	47	51	133	354	61	174	258	33	153	101	170	129	216	118	199	26	254	254	356	105	379	320	82	311	
319	381	172	156	16	273	276	348	22	295	187	368	167	143	98	19	343	154	33	44	157	118	355	109	70	8	99	146	212	67	342	228	332	211	268	44	369	241	88	87	
22	373	340	74	1	322	377	227	172	106	368	26	108	19	20	275	311	3	306	220	166	345	145	194	40	297	122	105	235	95	76	141	351	111	311	234	128	383	157	397	
373	9	307	177	123	22	336	318	121	337	233	170	164	261	248	299	254	66	100	373	44	271	397	278	265	3	208	90	268	62	370	124	353	371	396	171	275	213	371	278	
245	299	144	105	43	87	286	179	36	269	34	362	235	126	335	384	11	238	168	375	182	232	193	229	85	71	282	242	166	348	215	292	128	241	278	52	209	259	325	339	
223	54	183	340	61	211	17	165	143	278	21	206	392	308	130	359	259	293	294	306	336	204	293	345	139	265	91	229	218	296	262	322	43	138	355	384	229	251	242	253	
12	357	153	96	145	163	335	284	150	323	284	178	7	270	215	238	228	186	348	328	176	302	342	99	321	389	176	31	121	111	377	224	347	221	12	183	77	39	348	106	
241	325	377	340	74	71	57	181	350	96	200	217	278	234	195	78	102	63	200	315	265	268	18	304	370	122	367	326	40	6	123	159	208	378	189	373	327	337	245	154	
124	137	250	280	249	137	50	230	290	341	23	35	88	132	30	336	132	274	352	50	159	353	299	58	21	179	122	225	394	58	71	395	72	11	366	199	237	105	119	218	
324	232	344	101	241	250	126	63	2	355	202	250	397	191	399	294	247	398	210	331	333	158	203	94	258	258	383	186	240	379	94	252	88	314	43	18	40	45	170	130	
90	249	71	363	318	346	134	253	32	220	61	53	67	353	23	14	299	95	288	228	350	258	357	126	48	275	233	176	10	279	396	375	216	342	212	221	375	34	163	94	
343	100	23	284	140	133	387	315	103	150	18	329	284	62	142	20	26	63	72	310	217	343	160	122	372	60	31	221	370	69	3	186	255	299	158	269	306	19	58	284	
256	163	300	15	100	129	309	0	67	68	184	371	284	31	179	343	365	85	250	208	240	127	82	371	300	327	114	293	219	259	264	349	295	250	50	268	66	45	141	6	
387	199	63	357	103	116	172	154	286	108	48	0	108	3	243	94	202	44	73	107	176	24	142	345	147	65	87	86	195	101	177	54	386	326	282	173	126	139	199	284	
333	121	370	312	208	298	91	283	214	36	75	262	332	89	79	164	238	38	335	305	224	385	44	294	395	11	340	393	22	12	149	225	216	202	221	295	372	396	262	57	
117	23	191	132	383	355	167	305	76	374	294	171	42	210	149	307	92	361	384	198	56	216	294	356	289	200	335	133	67	69	273	54	362	336	57	27	373	306	15	319	
364	181	174	88	261	193	78	223	236	332	291	162	18	269	388	391	152	193	394	89	345	350	226	389	155	366	98	210	355	384	0	188	34	255	358	377	317	305	281	24	
320	256	268	20	395	339	279	228	213	142	399	27	361	94	97	198	141	64	90	366	316	359	235	32	83	274	277	83	261	241	188	50	366	325	338	41	131	85	137	212	
286	20	89	84	212	180	244	130	136	302	281	116	144	196	102	44	24	312	27	182	3	281	137	125	34	284	190	170	72	229	282	38	122	244	315	206	104	111	16	240	
93	298	229	110	174	11	26	70	195	53	253	199	206	262	196	112	99	67	282	171	168	117	210	290	41	77	176	17	188	193	130	282	43	231	264	89	242	290	160	117	
215	285	188	101	227	65	213	6	4	48	178	172	37	260	143	270	17	191	287	205	64	289	39	299	200	303	69	314	145	229	304	40	194	44	13	101	301	99	108	305	
147	158	158	184	98	173	134	307	44	293	192	301	135	232	280	207	87	29	202	233	258	58	273	132	102	287	106	84	66	214	69	85	244	99	141	214	272	147	201	317	
312	73	298	127	177	258	207	265	288	281	178	226	19	3	231	121	290	17	77	228	103	19	185	27	118	6	241	71	153	122	260	146	67	238	145	245	176	32	62	16	
313	240	115	204	115	26	198	86	43	275	186	18	166	52	45	285	250	158	228	84	152	168	102	219	86	119	16	134	24	270	151	17	62	266	94	178	164	292	264	207	
247	2	225	286	54	142	251	305	300	159	261	4	199	235	95	285	226	112	291	250	254	122	140	317	260	234	175	104	206	311	183	5	313	280	291	240	102	94	225	274	
253	38	150	132	145	246	289	51	230	261	302	164	255	122	161	196	228	16	172	114	7	36	119	1	316	91	241	291	185	18	117	311	248	268	315	265	66	157	316	296	
290	170	140	225	164	302	293	72	190	146	186	198	54	178	71	242	141	184	85	198	74	203	61	194	23	249	139	281	86	135	257	56	178	269	153	214	123	127	287	314	
145	25	64	199	75	7	121	216	191	207	287	137	282	28	11	177	277	150	138	235	157	75	163	207	216	317	102	20	316	261	14	141	286	78	20	234	277	13	2	148	
220	289	157	54	318	168	231	147	190	49	255	219	316	98	107	213	287	209	233	283	22	119	104	180	69	316	94	26	10	97	174	230	66	203	157	256	243	68	276	113	
118	211	12	306	181	311	71	149	72	304	112	94	103	217	275	172	85	49	198	95	18	244	198	85	319	35	213	242	103	41	35	93	252	240	272	306	231	23	135	176	
8	247	270	303	16	225	28	102	147	98	69	165	215	267	122	214	174	208	9	278	249	236	243	54	156	195	40	260	219	175	116	99	294	258	274	183	164	302	157	183	
273	226	220	168	46	23	254	220	103	263	178	32	180	294	86	208	169	318	20	260	45	8	231	212	267	186	75	303	40	104	166	185	10	66	33	56	281	160	277	64	
295	7	97	27	173	55	236	215	246	256	155	291	265	259	55	84	125	130	67	37	234	233	223	117	171	128	45	133	288	194	197	136	74	166	163	247	94	79	142	20	
208	170	183	25	109	239	109	106	241	176	15	28	281	238	145	132	47	62	137	207	257	207	23	11	53	59	130	19	138	145	39	218	315	95	115	296	14	96	274	127	
272	289	155	105	80	172	110	127	235	119	206	172	6	102	55	252	161	57	271	171	202	183	262	69	278	57	237	164	154	191	163	298	33	319	276	113	171	66	112	278	
185	190	2	64	292	249	316	133	307	267	177	189	130	119	259	280	176	176	316	202	240	160	181	145	31	137	258	74	75	242	33	132	112	35	196	85	285	192	90	272	
12	267	13	14	258	272	295	307	1	163	189	113	3	242	258	226	251	68	301	198	310	14	11	102	241	207	59	206	272	22	30	284	161	44	170	100	188	17	87	61	
181	148	174	56	71	112	283	2	180	264	201	42	150	84	145	71	163	76	278	115	98	180	271	260	96	314	232	285	11	319	218	192	147	73	121	218	57	84	93	238	
220	166	152	50	250	169	121	93	246	271	81	216	4	224	28	100	218	260	257	230	259	156	294	279	101	95	49	158	51	14	268	143	180	101	193	110	270	187	76	196	
10	29	285	14	253	313	115	24	254	244	254	65	80	100	24	181	68	266	212	119	280	160	135	141	261	8	123	84	67	71	152	78	100	117	284	226	111	271	250	237	
196	184	302	148	156	199	202	224	145	94	216	297	126	31	118	68	39	114	24	299	185	176	249	158	166	213	64	149	165	314	66	41	50	240	189	206	311	71	111	8	
37	199	306	164	230	296	104	141	90	128	120	148	176	49	306	22	263	50	171	300	44	109	21	94	30	82	172	213	26	155	222	63	34	208	99	264	184	203	278	147	
203	270	295	60	0	281	274	135	11	126	115	247	107	8	213	137	90	65	223	308	93	125	244	127	13	23	264	69	99	94	216	302	44	191	234	44	24	189	51	35	
187	38	282	294	238	47	304	201	113	207	189	206	12	113	205	217	9	21	286	108	115	55	282	160	118	197	76	143	66	128	50	125	38	13	99	277	252	83	158	45	
290	27	123	174	13	201	71	22	222	230	2	18	285	284	178	83	161	254	98	99	254	149	224	293	34	4	250	286	279	280	12	250	179	7	104	192	208	48	214	111	
278	216	129	115	53	179	198	214	305	297	186	240	318	90	85	32	286	207	318	246	167	202	48	26	210	24	219	290	72	305	81	30	74	82	145	127	133	216	213	119	
65	79	39	63	42	124	95	200	203	93	126	50	168	174	76	58	199	167	220	143	25	174	174	99	128	191	98	262	87	183	253	152	263	292	87	177	288	182	57	171	
148	184	93	316	230	41	246	301	209	146	125	234	0	171	205	1	42	175	263	2	38	196	26	173	40	114	30	200	168	88	243	316	144	16	184	246	57	302	100	138	
129	97	52	1	268	129	2	182	304	137	184	23	205	211	196	245	197	99	317	45	187	240	42	203	128	98	129	186	81	101	196	82	198	121	275	18	250	150	73	235	
287	257	130	173	20	198	290	217	297	288	263	36	80	177	239	209	147	241	267	228	22	143	310	93	264	138	111	195	288	56	302	127	314	304	300	206	182	143	296	32	
111	111	68	63	288	180	272	115	101	219	216	315	43	78	280	179	216	72	54	184	0	228	312	314	212	164	73	267	307	49	299	290	160	239	226	0	99	178	307	72	
78	203	260	313	282	220	172	178	164	99	235	165	7	99	31	92	263	104	39	123	25	210	285	185	1	191	57	101	50	45	45	0	120	305	185	82	206	37	133	50	
136	240	215	16	19	247	108	282	223	19	277	249	101	243	306	102	306	44	75	228	281	313	228	81	298	93	36	56	3	169	299	11	89	194	219	300	313	199	262	89	
218	92	18	191	15	196	166	193	240	113	102	73	106	202	155	277	168	191	205	43	232	184	54	193	59	274	173	244	153	307	13	244	79	223	307	94	100	25	160	212	
139	262	286	117	16	121	74	184	184	280	227	96	16	154	161	267	108	14	192	133	1	77	249	81	301	237	47	81	262	207	293	273	21	259	71	38	252	17	94	116	
169	2	84	186	156	245	133	136	131	197	141	133	275	71	214	128	180	133	209	314	213	54	268	234	186	211	144	310	100	239	299	270	241	63	136	269	181	141	277	312	
19	98	317	166	41	211	294	93	217	55	88	110	301	228	24	167	311	169	158	91	280	9	41	201	264	49	22	125	63	171	310	82	269	307	120	183	71	94	276	288	
21	236	78	2	144	294	170	7	15	200	99	295	81	12	48	25	62	70	151	125	241	141	79	63	0	199	118	71	165	74	39	186	311	309	188	7	284	230	15	299	
302	306	275	63	318	3	89	60	266	240	57	59	253	136	314	253	207	112	5	52	187	236	238	50	226	107	249	62	209	136	41	192	122	188	255	121	64	24	53	10	
264	111	261	69	119	256	195	199	48	200	251	107	308	42	157	86	21	279	148	230	95	62	102	218	122	38	19	186	62	264	68	199	247	202	268	239	138	143	118	58	
215	241	166	76	283	195	162	304	154	183	87	250	117	189	148	239	227	39	298	162	175	238	41	103	120	181	22	130	197	12	189	284	253	35	40	89	102	75	265	257	
130	32	59	247	222	207	38	1	118	16	35	293	255	268	268	247	130	162	58	199	174	247	163	300	154	76	69	256	23	14	193	153	47	124	80	141	11	118	142	1	
135	50	167	262	318	115	61	0	150	119	199	4	238	235	304	264	183	53	201	206	260	266	39	307	71	119	128	274	109	142	148	116	192	315	250	63	302	312	63	132	
303	135	9	94	242	313	38	105	239	239	183	179	58	222	38	129	213	38	275	2	180	103	119	245	290	49	180	273	41	115	277	217	250	286	311	44	152	29	149	263	
141	204	314	199	106	32	200	319	70	27	194	122	131	313	239	101	234	99	246	148	87	76	45	17	234	228	254	66	257	275	201	270	160	195	21	266	227	93	138	169	
121	12	164	252	197	83	225	111	55	24	259	142	100	304	31	14	84	285	273	22	241	154	164	273	30	186	219	129	279	229	299	272	113	143	76	310	98	174	294	153	
198	233	167	170	90	199	184	174	36	9	68	149	164	105	102	66	291	194	195	122	295	46	267	89	61	23	271	160	197	245	185	75	31	225	117	313	296	302	39	12	
183	108	34	27	213	136	285	56	202	33	50	178	79	317	139	13	21	90	45	90	208	230	166	239	7	155	232	303	9	271	188	193	251	222	92	16	230	58	72	305	
91	315	163	42	312	174	55	205	264	100	296	152	203	14	263	210	169	175	194	179	319	254	52	250	156	144	139	258	74	211	243	165	78	278	208	71	132	135	276	77	
236	252	101	311	266	45	73	116	92	139	295	91	73	219	214	101	235	225	40	310	308	283	27	67	242	107	138	54	243	94	3	31	219	105	22	165	22	95	153	114	
107	0	78	180	219	164	282	7	69	2	317	57	157	24	124	79	132	134	6	247	229	201	278	0	178	172	37	200	139	191	187	246	191	265	107	283	301	261	290	50	
263	159	299	292	55	296	52	187	110	250	306	211	131	264	211	310	116	249	62	128	312	249	54	183	66	33	18	47	294	180	289	109	211	141	82	267	117	6	6	227	
128	313	311	259	257	202	121	246	3	56	54	315	305	300	51	244	206	69	163	180	122	5	162	13	146	116	280	135	122	159	42	250	152	225	61	281	108	55	79	303	
111	5	299	288	306	30	212	192	291	248	244	93	253	278	299	79	74	131	214	68	290	128	190	122	34	124	276	14	179	35	317	162	41	168	2	219	70	87	283	42	
15	207	7	268	166	306	219	112	310	305	181	280	113	51	275	19	175	231	225	226	266	223	260	307	263	263	78	14	222	41	248	237	249	255	57	287	114	276	271	104	
261	132	256	246	56	211	266	103	122	171	202	261	266	142	120	210	277	199	96	179	240	24	288	41	151	25	200	265	173	152	241	114	156	178	41	84	261	179	188	256	
222	262	197	169	84	317	251	234	68	27	285	309	243	254	222	74	151	103	212	5	127	133	119	283	183	32	48	125	211	108	61	114	50	258	155	6	127	278	112	196	
177	78	57	100	204	151	174	35	126	66	40	253	72	32	89	255	64	9	60	148	117	313	134	39	251	161	237	251	119	30	319	296	300	248	76	184	79	122	219	206	
61	132	11	133	36	100	260	100	109	1	120	98	314	126	137	118	287	55	241	86	85	240	62	65	40	10	121	119	5	212	197	66	24	209	71	60	309	11	33	99	
12	25	197	199	152	207	189	311	262	110	78	219	222	12	156	262	23	277	61	28	41	259	286	258	20	37	190	9	48	95	300	253	121	50	132	145	257	193	136	71	
303	86	162	205	99	318	19	314	147	80	214	188	211	180	318	231	217	189	113	137	284	93	70	85	143	74	102	272	267	239	23	250	197	185	7	296	55	26	290	74	
299	184	135	62	236	133	166	133	2	279	271	287	244	21	244	260	288	27	212	235	138	108	38	15	165	45	184	93	264	26	167	243	211	174	177	127	308	23	133	182	
174	276	21	99	169	266	231	137	165	123	53	303	103	91	190	141	8	54	234	144	81	273	67	164	128	117	163	308	140	168	170	315	124	192	286	166	10	197	303	175	
192	228	30	168	191	220	309	200	147	223	24	228	176	284	264	176	273	107	164	93	148	15	280	272	79	118	118	89	315	294	136	60	202	166	228	266	66	217	18	213	
312	234	313	168	198	257	25	23	237	61	117	65	268	269	209	27	68	8	308	255	174	124	187	248	290	95	194	229	184	212	122	176	127	116	217	197	245	114	221	162	
175	210	99	124	31	309	23	99	317	12	227	43	8	94	291	171	62	38	80	246	122	202	103	121	190	192	191	308	306	284	150	33	174	250	29	77	111	53	49	108	
257	276	23	137	50	186	308	112	224	68	231	27	143	206	20	205	78	211	193	256	175	216	289	221	18	191	299	129	244	28	109	53	304	132	190	226	318	179	211	223	
119	122	122	262	200	142	148	278	226	21	86	81	237	247	303	127	118	282	256	234	182	45	287	166	49	30	264	48	209	27	143	8	21	137	143	221	151	291	51	57	
184	137	139	294	65	122	101	55	276	38	290	138	275	257	176	5	287	120	245	48	148	68	249	169	205	72	263	228	235	314	286	99	132	105	73	69	99	47	124	247	
277	286	65	104	224	113	109	63	105	34	304	125	294	233	167	51	177	110	280	92	104	246	191	108	223	137	177	2	56	174	249	13	140	186	117	236	299	99	172	84	
5	156	210	300	261	57	223	118	39	183	210	143	301	273	252	204	282	301	78	18	27	199	223	40	65	21	276	236	312	0	193	317	156	275	297	289	12	201	87	51	
256	169	66	110	315	190	186	149	44	265	168	71	144	263	111	82	284	260	190	148	260	63	146	289	18	315	258	222	68	218	145	5	67	212	307	254	274	173	84	318	
118	252	70	135	195	53	89	32	185	279	180	126	215	198	95	233	194	225	136	262	123	153	267	191	45	254	125	0	108	81	190	98	13	132	105	81	58	194	305	243	
26	37	49	241	236	16	154	110	242	162	244	45	316	192	108	233	318	106	105	298	187	296	269	73	108	54	26	166	121	203	90	147	112	11	68	28	220	94	10	14	
257	255	251	125	319	40	38	189	18	144	40	77	312	309	22	100	235	48	139	36	123	101	55	236	304	123	136	204	218	19	218	27	146	150	152	145	62	62	206	272	
206	246	29	198	107	52	171	23	292	182	251	96	155	307	204	139	302	20	216	72	231	114	99	57	136	123	74	70	186	281	22	264	79	244	15	187	296	186	82	140	
240	205	108	75	64	312	214	47	205	110	119	116	97	91	174	105	86	248	176	144	81	198	89	161	122	104	220	290	162	174	303	274	59	91	29	124	276	243	43	33	
226	34	149	195	125	195	300	212	316	28	228	269	99	317	110	93	293	202	64	7	56	47	281	308	10	310	304	286	106	27	319	204	61	21	79	59	88	251	143	84	
