26.325	6
26.375	0
26.375	2
26.6	6
26.825	8
27.075	4
42.875	86
44.725	36
44.875	36
46.15	12
46.3	16
46.375	14
46.475	16
46.525	10
46.525	16
46.625	4
46.75	0
47.125	2
47.2	2
48.3	18
48.725	6
48.725	8
48.875	4
49.175	4
49.25	10
49.25	18
49.3	18
49.35	18
49.575	18
49.95	18
51.05	4
52.5	12
52.6	12
53.65	14
53.75	14
62.8	78
66.15	12
66.325	8
66.4	0
66.4	18
66.45	14
66.55	4
66.575	2
66.625	2
66.625	10
66.625	14
66.8	16
66.975	6
67.325	4
67.325	18
67.425	2
70.7	6
72.4	34
72.5	18
72.7	6
78.425	6
79	6
79.8	10
81.625	12
81.925	6
82.075	18
82.075	78
82.525	4
83.55	4
86.35	0
86.425	16
86.575	10
86.65	2
87.15	0
87.325	2
87.6	14
87.975	6
88.525	12
88.725	12
88.875	12
89.375	78
90.125	8
90.175	8
90.3	8
96.675	12
97.125	8
97.15	12
97.175	78
97.35	78
97.675	4
97.725	4
97.85	14
98.15	0
98.325	8
98.4	18
98.65	6
98.675	16
98.775	14
98.875	2
99.025	6
99.1	16
99.2	8
99.55	8
100.15	34
100.275	18
100.35	2
100.7	2
100.75	2
101.225	34
106.275	8
106.325	12
106.525	10
106.725	0
106.75	78
107.05	6
107.1	4
107.4	4
107.475	2
107.575	12
107.625	18
107.925	4
108.05	14
108.325	2
108.975	18
111.05	16
111.8	0
112.75	0
125.7	2
126.125	18
126.15	6
126.225	8
126.35	12
126.425	14
126.45	16
126.55	8
126.65	18
126.675	0
126.825	0
127.175	18
127.275	16
127.325	14
127.65	4
127.65	18
127.975	10
128.7	4
129.05	4
131.075	78
138.2	0
140.225	0
140.5	0
141	0
141.15	8
142.025	10
143.475	10
145.95	12
146.15	12
146.25	16
146.425	78
146.5	4
146.8	14
146.9	2
147.1	12
147.15	0
147.225	10
147.375	10
147.4	6
148.175	8
148.275	12
148.35	6
148.5	0
148.625	78
148.95	18
149	18
149.275	2
149.625	2
149.7	0
149.7	18
150.1	18
158.925	6
159.875	6
160.6	8
160.75	10
160.85	10
160.925	10
160.975	8
161	0
161	10
161.1	0
161.3	0
161.625	14
161.625	78
161.7	2
161.75	2
161.8	10
162.075	0
162.175	18
162.225	14
162.225	18
162.7	78
166.7	4
166.775	12
166.825	16
167.275	78
167.4	8
167.5	12
167.525	10
167.75	16
167.825	8
167.85	16
167.95	78
168.05	4
175.075	14
175.225	78
176.55	78
177.55	78
181.5	18
181.55	18
181.825	0
182.325	14
182.7	2
182.75	78
183.3	4
183.35	6
183.5	78
183.8	6
184	16
184.1	4
185.4	8
185.725	18
186.6	12
186.625	10
190.2	8
190.35	10
190.475	12
190.7	2
190.975	14
192.225	14
192.5	14
192.575	14
196.1	2
197.775	14
203.525	12
203.625	18
203.85	0
203.85	78
203.925	78
203.975	8
204.2	12
204.25	10
204.45	2
205.025	18
205.975	16
207.05	4
207.1	14
207.15	16
207.95	14
208.175	14
208.5	6
208.875	6
209.2	14
209.25	14
209.675	14
215.175	6
220.4	14
220.6	2
221.075	18
221.275	0
221.275	6
221.475	4
221.525	8
221.7	4
222.3	4
222.375	12
222.4	8
222.75	0
222.85	10
222.875	0
223	10
223.475	10
225.2	2
226.625	16
226.725	18
226.85	18
227.075	18
227.15	18
228.2	6
228.8	16
228.875	6
228.95	52
229.375	14
231.075	2
232.75	74
234.625	6
235.275	16
235.4	16
236.8	16
237.275	16
243.35	16
243.6	18
244.425	6
244.475	14
244.625	6
245.95	4
246.075	0
246.3	12
246.375	2
246.4	10
246.75	8
246.775	0
246.9	4
246.9	74
247.05	14
247.25	2
247.3	2
247.35	10
247.7	8
248.725	74
256.35	24
257.825	10
258.125	8
258.2	4
258.25	4
258.375	82
259.475	8
261.075	8
266.325	2
266.45	16
266.675	18
266.8	0
266.875	0
266.875	14
266.875	82
266.95	12
267	4
267.175	24
267.425	8
267.5	6
267.8	74
267.875	74
267.925	4
267.925	10
268.025	14
268.15	0
268.525	24
268.65	24
268.825	74
269.7	82
280.1	0
280.3	0
280.3	50
280.35	10
280.7	82
281.525	10
282.025	82
284	18
284.45	18
284.5	18
286.225	2
286.3	4
286.525	0
286.7	14
286.725	12
287.075	50
287.1	16
287.15	16
287.15	82
287.2	2
287.2	50
287.35	8
287.4	16
287.475	10
287.55	50
287.625	50
287.75	10
287.8	74
288	6
289.575	8
289.725	10
293.4	4
293.625	0
294.05	4
294.25	0
294.4	0
294.55	0
294.725	8
294.975	4
295.3	10
295.375	74
295.45	74
296	14
296.025	10
296.5	18
296.875	50
297.025	50
297.3	2
297.525	50
297.825	0
300.225	4
300.425	4
302.725	50
302.775	12
302.925	50
303.05	50
303.1	8
303.525	74
303.8	14
303.85	50
303.925	18
304.1	2
304.375	2
305.5	0
307	6
307.25	16
307.35	4
308.45	8
308.575	12
308.625	8
308.925	10
309.025	12
310.15	0
316.15	8
316.975	4
317.4	4
317.425	0
317.575	0
317.925	12
317.975	18
318.1	50
318.275	74
318.475	2
318.55	2
318.575	4
318.575	92
318.775	10
318.775	14
319.05	12
320.45	92
324.3	12
324.6	12
326.25	10
326.325	6
326.6	2
326.7	8
326.775	4
326.775	18
327.25	10
327.325	50
327.5	8
327.7	14
327.775	4
328.4	74
328.5	14
329.775	16
329.9	16
331.3	6
331.475	66
335.7	26
335.9	26
338.9	82
339.75	82
339.775	92
340.1	50
340.825	82
341.1	92
341.4	92
341.925	92
342.95	92
343.375	60
344.575	2
344.725	2
344.825	2
345	18
345.275	14
345.475	26
345.475	82
345.65	66
345.725	66
345.825	4
345.825	16
345.975	50
346	12
346.025	4
346.2	50
346.425	6
346.475	0
346.575	12
346.725	12
346.775	8
346.775	12
347	92
347.05	92
347.575	14
347.925	0
348.975	6
349.425	6
361.125	14
366.35	12
366.4	0
366.475	4
366.775	14
366.775	82
366.8	18
366.85	2
366.85	92
366.925	96
367.1	50
367.275	34
367.3	0
367.4	96
367.475	14
367.55	34
367.725	8
367.95	50
368.2	50
368.275	92
368.375	74
368.475	16
368.925	34
369.25	42
377	62
377.3	32
377.775	42
379.2	4
380.275	92
380.375	92
380.8	14
380.85	42
380.9	42
380.95	82
381.375	18
381.725	14
381.775	14
381.925	14
383.525	18
384.55	32
385.05	32
385.725	16
386.475	2
386.625	8
386.85	50
386.9	6
387.025	92
387.1	74
387.2	16
387.25	6
387.25	96
387.275	14
387.35	4
387.425	4
387.475	82
387.5	4
387.525	42
387.525	96
387.725	82
388	92
388.1	50
388.525	96
388.6	50
388.625	4
395.15	18
395.175	50
395.575	42
395.65	74
395.75	74
396	14
396.025	82
396.075	18
396.1	32
396.175	96
396.475	74
396.55	8
396.6	8
396.825	42
396.875	4
396.975	18
397.05	6
397.175	6
397.275	96
397.55	4
397.975	6
398.75	8
406.1	6
406.1	12
406.2	18
406.225	12
406.325	16
406.375	8
406.625	2
406.875	96
406.925	42
406.925	96
406.95	32
407.025	82
407.075	4
407.075	14
407.075	42
407.125	2
407.225	50
407.225	92
407.25	32
407.275	6
407.35	96
407.525	4
407.525	18
407.65	96
407.7	14
407.825	42
407.925	42
408.025	14
408.025	92
408.05	96
408.125	96
408.15	16
408.425	92
408.5	42
409.325	50
409.5	14
409.5	50
409.7	42
409.875	96
410.375	8
410.625	82
412.775	34
412.925	18
413.35	14
414.625	42
419.45	68
424.5	22
426.3	18
426.325	4
426.425	18
426.525	2
426.575	12
426.6	50
426.65	6
426.85	92
426.925	8
426.95	14
427.05	8
427.05	96
427.1	16
427.1	42
427.225	14
427.225	18
427.25	42
427.275	18
427.35	34
427.35	82
427.625	92
427.7	68
427.85	14
427.925	42
427.975	42
428.075	12
428.15	42
428.225	68
428.575	68
428.65	28
428.75	68
428.85	50
429.05	16
429.275	22
429.875	74
431.85	58
440.55	22
440.675	34
440.9	50
441.05	50
441.1	42
441.125	22
441.25	34
441.325	22
441.325	68
441.425	68
441.525	14
441.575	22
441.575	74
441.75	4
441.775	28
441.825	14
441.9	82
441.925	4
441.925	68
441.975	16
441.975	82
442.05	42
442.15	2
442.225	74
442.4	6
442.425	34
442.575	42
442.775	28
442.925	96
443.225	16
443.3	28
443.8	28
443.925	96
444.175	96
445.425	96
446.75	18
446.775	12
446.875	8
447.1	50
447.15	58
447.175	92
447.225	92
447.35	42
447.575	22
447.575	92
447.65	22
447.7	8
447.7	74
447.9	34
448.075	12
448.1	42
448.125	58
448.15	12
448.2	18
448.3	92
448.575	34
448.65	74
448.7	18
448.825	92
449	8
449.05	18
449.275	92
456.7	50
456.725	12
456.775	54
456.975	18
457.075	22
457.175	42
457.25	4
457.4	8
457.55	34
457.625	92
457.825	82
457.975	28
458.1	28
458.125	14
458.35	12
458.4	12
458.5	6
458.575	18
458.65	6
458.85	82
458.9	34
458.9	96
459.175	28
459.625	8
459.95	2
460.475	58
460.6	6
461.225	42
461.65	6
461.875	58
461.925	58
462.025	58
462.225	58
462.475	6
462.75	58
463.325	42
463.45	6
463.575	94
465.125	38
465.45	4
466.15	16
466.5	18
466.625	18
466.8	18
466.85	82
467.1	12
467.175	14
467.2	94
467.35	28
467.425	94
467.475	82
467.6	54
467.7	8
467.725	14
467.725	50
467.75	42
467.775	14
467.9	38
467.925	46
468.15	14
468.175	92
468.25	2
468.3	22
468.3	28
468.375	58
468.525	82
469.15	2
469.85	10
469.975	10
470.025	10
470.05	46
470.125	92
470.35	32
470.45	22
470.5	20
470.95	74
471.075	16
471.575	74
472.025	82
472.275	82
472.425	42
473.175	38
473.45	16
473.675	16
473.8	32
474.1	8
474.25	58
474.325	8
474.5	32
474.8	16
474.925	4
475	28
475.15	58
475.225	50
475.275	4
475.3	94
475.375	50
475.675	22
475.775	78
475.875	2
476.05	22
477.075	24
477.55	24
477.575	82
477.675	54
477.9	2
477.925	96
477.95	4
478.1	2
478.55	2
479	96
479.025	62
479.625	4
479.75	24
479.775	32
480.025	32
480.15	14
480.425	18
480.575	94
480.775	54
480.85	46
481.025	42
481.025	58
481.075	22
481.075	42
481.125	32
481.175	32
481.175	54
481.25	74
481.275	32
481.325	18
481.45	94
481.475	54
481.775	38
481.8	16
481.8	22
481.875	50
481.925	16
482	58
482.075	74
482.175	74
482.25	20
482.575	22
482.775	8
482.925	92
483.025	38
483.15	50
483.225	14
483.35	74
483.525	6
483.75	10
483.8	20
483.8	38
483.85	6
484.55	96
484.625	24
484.725	24
484.925	28
485.5	28
486.275	20
486.85	28
487.025	28
488	94
491.6	24
492.6	8
492.725	4
492.875	4
493	20
493.025	74
493.25	10
493.4	24
493.425	92
493.5	50
493.55	96
493.575	22
493.6	62
493.625	20
493.725	32
493.75	6
493.85	28
493.85	62
493.85	78
493.925	82
494	94
494.05	18
494.125	14
494.2	54
494.2	74
494.25	82
494.375	38
494.4	16
494.625	54
494.675	28
494.7	14
494.7	96
494.8	42
494.875	62
494.875	96
494.9	16
494.95	62
494.975	38
495.125	38
495.15	54
495.175	94
495.375	50
495.375	74
495.925	96
496.6	94
496.875	16
497.225	94
497.525	30
497.775	94
498.125	30
501.025	92
501.05	4
501.175	22
501.275	82
501.35	14
501.375	4
501.525	14
501.525	82
501.6	14
501.9	22
501.9	54
502.075	28
502.075	94
502.2	28
502.4	8
502.45	24
502.45	92
502.8	74
502.8	94
502.8	96
503.05	32
503.05	62
503.075	24
503.125	6
503.15	82
503.2	62
503.225	10
503.25	42
503.275	6
503.275	8
503.425	74
503.45	14
503.5	6
503.525	16
503.625	14
503.725	96
503.775	38
503.8	74
503.825	62
503.85	38
503.95	50
504.075	50
504.175	32
504.3	16
504.375	16
504.475	54
504.55	54
504.675	62
505.05	4
505.075	28
505.2	28
505.2	82
505.35	62
505.55	96
505.6	28
505.8	28
506.275	62
506.525	18
506.8	50
507.2	22
507.475	22
507.475	30
507.575	4
508.45	22
511.725	96
511.8	8
512.175	10
512.2	82
512.7	54
512.75	28
513.025	82
513.175	50
513.65	22
513.725	62
513.85	62
513.925	62
514.2	30
514.425	96
514.6	32
514.625	94
514.775	4
514.8	32
515	62
515.3	4
515.375	4
515.425	32
515.5	32
515.525	94
516.4	20
517.275	14
519.275	18
519.45	18
522.2	32
526.125	2
526.2	2
526.325	6
526.4	16
526.525	22
526.625	4
526.625	18
526.725	96
526.85	30
526.925	8
526.925	30
526.95	6
526.95	10
526.95	20
526.95	54
526.975	14
527	96
527.025	10
527.075	20
527.075	50
527.075	82
527.075	94
527.125	96
527.15	54
527.25	4
527.375	20
527.375	28
527.4	32
527.6	8
527.625	32
527.675	8
527.725	32
527.875	96
528.2	28
528.5	8
529.05	2
530.175	82
537.6	82
537.65	2
537.8	22
537.875	16
537.95	16
538.025	22
538.225	30
539.025	10
539.05	2
539.075	28
539.575	22
543.325	24
543.35	74
543.4	42
543.45	74
543.75	6
543.75	14
543.775	32
543.775	54
543.825	38
544.125	96
544.175	20
544.325	10
544.35	16
544.375	38
544.4	82
544.5	32
544.575	2
544.575	18
544.6	6
544.75	6
544.85	94
545.275	0
545.4	0
545.475	4
545.7	92
545.8	6
545.9	74
546.125	94
546.15	74
546.25	58
546.575	6
546.575	30
546.65	38
546.85	92
547	34
547.1	34
547.2	58
547.25	58
547.3	16
547.65	16
548	74
548.425	34
548.55	34
548.575	30
548.875	54
549.325	96
549.35	10
549.5	10
549.825	50
549.875	8
550.175	22
550.625	32
550.725	38
550.9	20
550.9	22
550.925	42
551	0
551.025	34
551.05	42
551.4	94
551.45	22
551.6	82
552.025	4
552.125	4
552.35	20
552.9	4
553.05	24
554.875	94
564.925	6
565.2	20
565.2	92
565.2	96
565.225	8
565.225	16
565.225	50
565.25	10
565.275	96
565.3	54
565.325	4
565.375	42
565.4	92
565.525	38
565.55	32
565.575	22
565.625	0
565.65	32
565.65	66
565.65	92
565.675	18
565.825	24
565.9	34
566	2
566.025	28
566.05	58
566.05	82
566.075	20
566.125	4
566.125	24
566.125	94
566.15	22
566.15	50
566.175	12
566.2	50
566.2	74
566.275	38
566.325	62
566.625	96
566.725	38
566.725	78
566.75	94
566.825	78
566.85	18
566.9	58
566.925	30
567.075	42
567.125	14
567.125	34
567.45	4
567.6	96
567.65	14
567.95	14
569.5	30
572.95	10
573.45	10
573.45	24
573.55	28
573.625	28
573.675	14
573.825	24
573.85	28
573.95	32
574	14
574.1	82
574.2	10
574.275	42
574.275	82
574.45	42
574.5	96
574.525	24
574.55	4
574.6	38
574.65	30
574.725	4
574.75	30
574.825	34
574.975	30
575.025	30
575.15	30
575.425	38
576.975	90
578.3	56
578.45	74
578.6	74
579.525	56
579.6	74
580.25	74
580.375	82
582.575	30
582.775	30
583.05	38
583.175	82
583.35	38
583.45	82
583.55	82
583.925	82
585.575	18
585.65	4
586.475	16
586.5	2
586.575	90
586.65	6
586.65	42
586.775	22
586.85	32
587	96
587.05	54
587.075	32
587.1	56
587.35	50
587.35	74
587.475	78
587.525	66
587.525	86
587.75	24
587.75	86
587.8	0
588.15	56
588.375	74
588.65	78
589.4	24
589.55	66
589.725	66
590.025	66
594.525	2
594.9	18
595.325	32
595.475	38
595.55	0
595.7	82
596.15	78
596.425	32
596.525	74
596.65	74
596.975	78
597.475	38
605.725	30
605.775	38
605.875	78
606.175	2
606.3	14
606.5	14
606.5	18
606.575	18
606.675	18
606.675	24
606.775	0
606.875	82
607.15	0
607.35	6
607.625	74
607.65	62
607.725	56
607.8	32
607.9	6
607.9	32
608	6
608.075	96
608.15	20
608.25	66
608.275	46
608.3	66
608.325	54
608.375	50
608.475	10
608.55	8
608.65	20
608.675	86
608.7	62
608.975	34
609.025	34
609.15	42
609.25	58
609.275	38
609.4	96
609.475	50
609.775	28
609.825	66
609.875	94
609.9	66
609.925	56
610.1	14
610.2	46
610.25	46
610.25	94
610.725	90
610.875	58
610.9	38
611	34
611.125	22
611.15	34
611.45	14
611.6	58
612.075	90
612.175	34
617.425	10
617.575	72
617.875	24
617.9	28
618.175	42
618.3	14
618.35	66
618.425	2
618.475	6
618.475	20
618.65	62
618.7	38
618.725	18
618.75	74
618.8	34
618.875	14
618.9	22
618.9	30
618.9	86
618.975	56
619	94
619.025	42
619.025	56
619.075	94
619.1	46
619.1	58
619.125	90
619.15	28
619.15	94
619.2	54
619.275	0
619.275	38
619.35	62
619.375	10
619.45	66
619.5	24
619.55	78
619.675	82
619.9	94
620.025	0
620.1	94
620.2	90
620.35	96
620.375	0
620.5	96
621.375	72
621.575	42
621.575	82
621.65	28
621.95	96
622.425	78
622.525	78
622.8	78
622.925	2
623.075	30
623.45	30
624.325	86
626.625	28
626.625	30
626.675	16
626.7	38
626.9	96
627.025	72
627.15	42
627.325	38
627.35	4
627.35	24
627.35	94
627.375	38
627.45	66
627.475	0
627.575	72
627.6	42
627.65	74
627.675	54
627.7	6
627.725	74
627.725	96
627.75	0
627.775	24
627.8	22
627.925	24
627.95	20
627.95	82
628.05	54
628.125	54
628.175	20
628.4	56
628.55	54
628.8	0
628.95	62
629.075	62
629.125	20
629.125	34
629.8	46
630.275	22
630.4	74
636.375	6
636.725	56
637.3	62
637.85	28
638.125	62
638.2	74
638.225	20
638.3	2
638.65	22
638.7	18
638.725	86
638.75	0
638.8	90
638.85	30
638.875	90
638.9	38
639.025	78
639.1	58
639.15	72
639.2	94
639.25	82
639.275	46
639.3	82
639.425	14
639.425	24
639.475	4
639.475	14
639.475	94
639.525	18
639.625	34
639.675	16
639.675	46
639.7	54
639.8	54
639.85	86
639.9	90
640	86
640.025	42
640.075	58
640.125	58
640.525	4
640.725	42
640.8	42
641.075	58
641.325	30
641.45	30
641.5	16
641.55	58
641.6	58
641.675	6
641.8	4
641.9	14
641.9	56
642.05	56
642.325	58
642.4	56
643.125	0
645.225	2
645.725	90
645.8	22
645.8	86
646	0
646.1	28
646.175	18
646.425	20
646.475	2
646.5	4
646.5	18
646.5	34
646.525	54
646.625	34
646.725	42
646.725	94
646.75	30
646.75	86
646.8	72
646.875	24
647.05	30
647.125	30
647.125	78
647.275	6
647.4	2
647.475	2
647.5	16
647.6	0
647.7	14
647.725	16
647.775	30
647.825	94
648.275	34
648.7	16
648.85	2
648.85	24
649.075	16
649.125	78
649.425	86
649.85	90
650.15	90
657.95	90
658.075	16
658.1	90
658.125	22
658.175	4
658.2	72
658.25	34
658.275	30
658.325	2
658.425	2
658.425	34
658.45	22
658.5	2
658.5	30
658.525	86
658.55	2
658.625	14
658.625	16
658.625	30
658.65	0
658.775	94
658.9	22
659	78
659.025	24
659.05	18
659.075	6
659.1	18
659.15	4
659.325	54
659.375	94
659.4	14
659.45	18
659.45	54
659.525	58
659.6	56
659.65	42
659.725	72
659.925	78
659.975	28
660	22
660.125	6
661.05	30
661.2	42
661.55	28
666.775	14
667.05	12
667.15	4
667.2	6
667.2	54
667.225	18
667.25	6
667.275	14
667.4	94
667.45	18
667.45	66
667.475	78
667.5	24
667.5	66
667.775	56
667.85	56
667.9	72
667.95	34
667.975	54
668	22
668	42
668.025	16
668.025	72
668.05	32
668.2	14
668.275	74
668.375	10
668.375	30
668.45	66
668.45	90
668.5	8
668.5	74
668.625	20
668.675	86
668.8	38
668.875	42
668.9	58
668.9	82
669.05	14
669.075	22
669.175	18
669.35	32
669.4	22
669.45	0
669.55	38
669.65	30
669.875	58
669.875	62
669.975	82
670	28
670.15	86
670.65	62
670.75	10
670.9	82
671.025	62
677.2	24
677.7	32
677.775	66
677.8	32
677.875	66
677.925	0
678.075	4
678.2	54
678.65	62
678.7	90
678.725	16
678.775	72
678.825	86
678.85	16
678.875	90
678.975	82
679	72
679.05	18
679.125	90
679.175	74
679.2	82
679.475	82
679.55	14
679.975	8
680.075	10
680.15	10
680.45	58
680.55	32
680.55	72
680.625	42
680.75	20
680.8	90
680.875	32
681.375	32
681.975	42
686.05	42
686.15	6
686.275	16
686.3	56
686.45	6
686.55	72
686.6	54
686.625	16
686.7	16
686.75	56
686.85	4
686.925	62
686.975	4
687.075	18
687.125	10
687.125	54
687.2	24
687.225	86
687.25	20
687.325	66
687.325	74
687.35	0
687.375	14
687.4	86
687.425	24
687.45	22
687.45	32
687.475	4
687.5	16
687.525	12
687.525	14
687.575	58
687.575	90
687.6	4
687.6	18
687.65	14
687.7	10
687.8	0
687.825	6
687.85	18
688	56
688.15	32
688.225	24
688.25	78
688.3	66
688.425	54
688.525	62
688.6	78
689.075	56
689.2	12
689.2	56
689.3	18
689.6	90
689.65	90
689.725	78
690.025	32
690.175	12
690.2	30
690.25	4
690.25	30
691.5	30
694.075	18
694.7	58
694.8	18
695.55	10
695.65	2
695.725	4
695.75	32
695.95	8
695.95	22
696.025	86
696.075	86
696.1	18
696.2	8
696.25	20
696.35	62
696.425	8
696.425	54
696.425	74
696.5	90
696.6	30
696.6	56
696.625	12
696.65	30
696.7	30
696.9	66
696.925	0
697.15	78
697.2	32
697.275	66
697.3	54
697.625	62
697.7	66
697.975	66
698.2	22
700.025	14
700.85	18
700.9	18
701.325	58
701.875	32
702.7	18
702.775	12
702.825	18
703.1	32
703.35	90
703.65	14
703.65	22
703.7	54
704.1	30
704.6	32
704.675	94
704.8	94
704.85	38
704.85	82
704.9	30
705.025	82
705.1	16
705.15	10
705.175	94
705.2	74
705.225	72
705.25	18
705.35	20
705.35	54
705.375	18
705.6	78
705.65	86
705.7	18
705.75	4
705.75	8
705.8	66
705.825	4
705.875	4
705.975	4
706.025	16
706.025	78
706.05	46
706.1	30
706.2	0
706.2	4
706.35	74
706.45	4
706.6	4
706.95	94
707.075	62
707.1	30
707.125	6
707.125	38
707.25	62
707.275	58
707.35	72
707.4	38
707.525	16
707.575	6
707.6	8
707.6	56
707.6	72
708.05	58
720.65	30
720.875	38
720.875	72
721.125	18
721.2	8
721.2	82
721.2	94
721.25	20
721.275	58
721.375	20
721.375	94
721.5	14
721.525	0
721.525	6
721.675	14
721.775	54
721.85	72
721.875	62
721.925	78
721.95	30
722.075	90
722.125	66
722.275	4
722.5	94
722.525	32
722.55	10
722.675	82
723.05	62
723.125	20
723.15	74
723.175	20
726.275	16
726.775	16
726.95	18
727.1	72
727.125	12
727.375	72
727.425	0
727.55	46
727.55	94
727.6	58
727.925	94
728.3	46
728.35	12
733.475	0
734.65	94
734.8	8
735.2	74
735.25	10
735.325	58
735.575	66
735.6	32
735.625	96
735.65	32
735.7	4
735.875	82
735.9	90
735.95	2
735.95	82
735.975	6
735.975	78
736.025	6
736.025	54
736.075	46
736.2	32
736.325	86
736.45	22
736.525	18
736.575	10
736.65	74
736.7	12
736.8	66
736.825	0
736.85	30
737.2	58
737.75	58
737.9	0
738.3	30
738.6	30
738.65	0
739.075	0
741.75	16
742.75	86
743.5	18
743.825	18
744.05	0
744.125	58
744.575	32
744.625	6
744.725	6
744.775	0
744.9	56
744.95	58
745	0
745.025	8
745.025	14
745.025	66
745.075	4
745.075	96
745.175	66
745.2	86
745.25	74
745.3	32
745.3	54
745.3	72
745.4	32
745.425	62
745.45	22
745.45	82
745.525	10
745.55	8
745.6	12
745.675	66
745.725	12
745.95	30
746	14
746	66
746.175	18
746.3	86
746.325	54
746.35	96
746.425	54
746.45	74
746.475	58
746.6	78
746.725	22
746.725	86
746.75	62
746.775	30
746.775	96
746.875	14
746.975	54
747.05	12
747.1	18
747.8	18
747.825	58
752.075	2
752.275	2
752.4	14
752.4	86
752.65	22
752.75	18
752.8	2
752.825	14
753.075	2
753.35	0
753.35	4
753.45	6
753.75	2
753.825	66
753.925	96
753.95	66
754.05	2
754.575	10
755	0
755	32
755.45	0
755.475	2
757.25	32
758.55	82
758.6	94
758.9	74
759.1	14
759.15	18
759.225	18
759.275	14
760.725	2
760.85	74
761.45	82
761.85	2
762.775	62
762.8	90
762.925	96
763.4	96
764.025	96
764.55	30
764.625	30
765.25	72
765.25	82
765.325	60
765.35	82
765.625	66
765.675	22
765.85	2
766.1	4
766.175	18
766.375	14
766.4	10
766.425	4
766.45	32
766.475	4
766.475	10
766.575	14
766.65	18
766.725	72
766.75	0
766.875	94
766.95	0
767.475	32
767.825	32
767.9	16
767.925	74
768.05	8
768.05	66
768.225	86
768.45	58
768.55	94
768.75	6
768.825	74
769	86
769.15	4
769.475	58
769.6	6
769.925	62
773.7	94
773.775	30
774.275	32
774.35	10
774.425	8
774.625	10
774.775	82
774.8	18
775.075	58
775.275	90
775.325	90
775.35	0
775.375	66
775.375	74
775.4	4
775.8	10
775.825	22
775.925	22
776.05	10
776.3	6
776.325	66
776.7	94
776.85	2
776.9	6
777.275	22
777.275	86
777.775	74
783.15	82
784.1	22
784.2	22
784.35	0
784.425	0
784.525	0
784.875	36
785.175	94
785.225	4
785.25	8
785.425	10
785.55	10
785.55	34
785.55	74
785.6	10
785.625	58
785.65	10
785.75	10
785.9	6
786	30
786.025	18
786.05	30
786.05	58
786.225	58
786.275	14
786.475	56
786.5	66
786.525	18
786.7	32
786.75	96
786.775	36
786.775	90
786.825	32
786.85	54
786.85	62
786.9	72
786.975	86
787.025	22
787.25	94
787.3	22
787.4	14
787.5	66
787.6	56
787.75	56
787.775	32
787.85	62
787.9	72
788.075	16
788.25	8
788.275	90
788.5	66
788.85	74
790.5	90
791.925	56
792.325	56
792.45	72
792.575	22
792.775	56
792.925	22
793.3	4
793.45	0
797.075	74
797.75	54
798.475	66
798.5	28
798.625	20
798.7	4
798.975	2
799.025	4
799.025	72
799.075	96
799.125	0
799.225	90
799.275	30
799.325	18
799.325	22
799.4	62
799.45	18
799.525	90
799.55	8
799.575	14
799.575	32
799.6	62
799.6	86
799.625	90
799.675	14
799.7	94
799.725	14
799.75	56
799.8	2
799.825	6
799.925	2
800.05	6
800.225	8
800.325	96
800.425	94
801.05	32
801.6	28
805.975	14
806.05	18
806.225	18
806.725	94
807.05	12
807.325	4
807.325	54
807.425	54
807.45	66
807.475	16
807.475	30
807.55	8
807.575	66
807.675	72
807.8	86
807.85	28
807.85	96
807.925	20
807.925	96
807.975	32
808.025	20
808.05	22
808.2	6
808.25	2
808.325	2
808.375	94
808.7	2
808.7	28
808.825	2
809.225	20
809.3	56
809.45	74
809.775	72
810.35	72
824.125	18
824.55	94
824.575	72
824.75	72
824.925	82
825.025	82
825.05	22
825.325	86
825.45	14
825.775	54
825.85	2
825.9	72
826.05	14
826.425	14
826.525	32
826.65	16
826.7	12
826.775	72
826.975	16
827.05	54
827.05	56
827.05	66
827.075	8
827.1	10
827.2	4
827.2	6
827.25	20
827.3	22
827.5	74
827.525	4
827.525	22
827.525	28
827.6	72
827.775	4
828.175	8
828.35	10
829.575	28
829.875	74
832.875	44
835.15	42
835.175	4
835.275	32
835.3	78
835.325	18
835.4	6
835.5	56
835.525	32
835.6	6
835.6	34
835.65	54
835.675	38
835.7	94
835.725	50
835.775	6
835.775	8
835.775	54
835.775	74
835.825	54
835.825	74
835.925	72
835.975	86
836	62
836.025	18
836.025	22
836.05	20
836.05	30
836.075	42
836.125	0
836.125	82
836.2	10
836.275	96
836.3	54
836.35	6
836.35	42
836.375	96
836.45	62
836.475	28
836.5	12
836.725	86
836.8	10
836.85	44
836.85	54
836.9	0
836.925	38
836.975	38
836.975	42
837.05	18
837.1	12
837.15	20
837.45	34
837.575	96
837.825	6
837.9	0
838.2	18
839.05	6
845.225	0
845.425	8
845.55	42
845.7	6
845.725	14
845.725	42
845.9	82
845.925	0
845.95	10
845.95	82
846.075	54
846.125	2
846.15	18
846.3	28
846.475	22
846.55	32
846.575	86
846.6	78
846.625	82
846.65	78
846.675	50
846.725	44
846.725	72
846.8	82
846.825	4
846.85	82
847.15	96
847.425	96
847.525	62
847.55	96
847.575	2
847.675	22
847.675	28
847.7	14
847.8	2
847.9	32
848	32
848.05	44
848.15	72
848.325	18
848.65	16
849.15	96
849.225	38
849.375	30
849.375	86
849.925	72
851.725	38
853.175	90
853.325	28
853.875	2
854.425	22
854.475	86
854.575	18
855.05	14
855.425	54
855.6	86
855.875	54
856.25	96
856.35	54
856.5	32
857.075	96
857.125	50
857.325	76
857.6	90
858.375	10
858.425	62
858.575	22
858.575	42
858.675	10
858.725	90
859	18
859.125	38
859.125	96
859.225	14
859.25	78
859.325	78
859.35	12
859.625	78
859.725	10
860.05	38
860.7	42
860.725	86
860.8	78
861.05	78
861.2	14
861.325	14
861.55	86
866.025	16
866.125	6
866.175	54
866.2	6
866.375	42
866.425	14
866.425	54
866.475	54
866.5	12
866.5	86
866.525	4
866.525	18
866.55	72
866.55	96
866.6	18
866.625	50
866.7	18
866.725	22
866.775	22
866.775	90
866.925	6
866.925	32
866.975	38
867	76
867.025	2
867.025	10
867.025	16
867.075	10
867.1	28
867.175	96
867.2	4
867.2	72
867.3	72
867.375	2
867.45	82
867.575	54
867.6	96
867.65	94
867.75	94
867.825	54
867.825	72
867.825	90
867.875	72
867.9	96
867.95	76
867.975	96
868.05	72
868.2	76
868.25	62
868.425	82
869.05	96
869.525	62
871.175	52
873.625	12
873.725	12
874.3	12
874.325	2
874.425	2
874.45	82
874.5	82
874.65	96
874.725	2
874.875	18
874.95	96
875.125	82
875.225	82
875.275	28
875.3	52
875.5	94
876.2	94
876.55	52
877.175	94
883.6	52
884.25	18
884.25	44
884.45	44
884.475	18
884.525	50
884.575	18
884.575	56
884.6	30
884.6	94
884.625	44
884.725	14
884.825	90
884.875	62
884.95	22
884.95	54
884.975	90
885.05	6
885.2	78
885.25	96
885.325	28
885.525	12
885.525	72
885.625	4
885.65	50
885.7	2
885.75	2
885.9	22
886.075	76
886.075	90
886.1	6
886.15	90
886.175	30
886.225	30
886.325	4
886.375	10
886.45	4
886.475	12
886.5	78
886.55	16
886.55	28
886.625	12
886.625	28
886.725	2
886.75	50
886.775	18
886.875	50
886.9	80
886.925	6
887.125	2
887.3	76
888.225	8
888.675	82
889.025	52
889.2	42
889.225	32
889.3	76
889.325	42
889.375	32
889.4	42
889.575	52
889.75	38
889.75	54
890.05	52
890.05	80
890.075	30
891	38
891.1	0
891.475	54
892.15	80
892.2	44
892.225	38
892.55	2
892.8	18
892.975	0
893.025	6
893.55	44
893.675	96
893.775	0
893.95	28
894.1	28
895.3	86
897.875	44
898.275	44
898.525	14
898.55	6
898.625	30
898.725	54
898.85	30
898.85	44
898.85	54
898.975	54
899	32
899	42
899.1	52
899.175	96
899.2	80
899.225	78
899.325	96
899.375	76
899.4	62
899.425	8
899.45	38
899.6	32
899.625	72
899.675	80
899.7	10
899.725	50
899.75	80
899.825	18
899.875	8
899.95	82
900.025	56
900.125	28
900.125	62
900.125	82
900.35	2
900.4	78
900.425	38
900.425	96
900.45	90
900.5	2
900.575	14
900.575	38
900.675	14
900.7	50
900.825	14
900.9	2
900.9	76
901.25	56
901.25	82
901.425	10
901.425	90
901.65	50
901.725	50
902.825	82
904.9	16
905	22
905.375	52
905.425	42
905.55	72
905.55	86
905.65	72
905.725	18
905.825	2
906	2
906.15	54
906.2	50
906.225	32
906.275	78
906.3	50
906.4	96
906.425	50
906.5	90
906.525	6
906.525	32
906.575	78
906.575	90
906.6	86
906.775	96
906.85	32
907.05	76
907.075	50
907.125	50
907.125	56
907.225	78
907.375	72
907.45	90
907.65	6
907.65	62
907.75	76
907.85	54
907.925	30
908.125	2
908.55	18
909.15	30
909.3	78
909.875	22
912.65	44
913.15	6
913.325	42
913.375	96
913.55	96
913.575	30
913.75	32
914	18
914.05	50
914.125	78
914.4	90
914.7	76
914.8	96
914.9	14
915.2	2
915.275	76
915.3	54
915.5	2
915.675	86
915.75	2
916.15	50
916.175	78
916.475	86
917.225	38
917.425	72
917.575	72
917.575	82
917.65	72
918.025	86
918.45	72
922.125	42
922.425	78
922.55	32
922.7	54
922.725	6
923.075	50
923.1	18
923.2	90
923.275	22
923.275	86
923.4	2
923.475	42
923.55	18
923.575	42
923.675	42
923.7	30
923.725	44
923.825	78
924	96
924.05	86
924.1	32
924.25	2
924.375	22
924.525	14
924.675	42
924.75	96
924.825	82
924.9	96
925	96
925.175	14
925.475	76
925.75	4
926.65	76
926.7	72
926.825	82
926.85	96
926.9	4
927.325	52
927.4	52
927.4	94
927.45	16
927.525	82
927.6	54
927.65	18
927.85	12
928.1	86
928.275	8
928.275	90
928.45	86
928.6	10
928.7	2
928.85	12
928.95	2
929.45	18
929.825	14
930.25	94
930.9	14
930.925	22
930.975	22
934.65	90
938.525	4
939.075	4
939.25	4
939.325	18
939.475	54
939.5	94
939.6	94
939.625	12
939.65	50
939.775	22
940.025	18
940.175	2
940.225	52
940.275	42
940.35	82
940.4	14
940.425	22
940.475	90
940.6	96
940.7	32
940.775	6
940.825	76
940.85	94
940.875	86
940.925	8
941.2	16
941.25	52
941.3	10
941.325	32
941.35	10
941.375	32
941.5	96
941.575	32
941.9	30
941.925	86
942	8
942.025	94
942.075	8
942.075	86
942.175	32
942.3	86
946.45	94
948.575	96
948.775	54
948.85	50
949.15	10
949.175	8
949.325	86
949.35	4
949.35	42
949.4	76
949.425	90
949.45	22
949.55	2
949.625	4
949.7	8
949.775	2
949.925	12
949.975	30
950.075	8
950.15	22
950.175	52
950.2	82
950.35	8
950.375	6
950.4	52
950.4	76
950.6	14
950.625	82
950.75	6
950.75	82
950.8	6
950.85	8
950.85	16
951	12
951.65	94
955.15	22
955.975	30
956.325	52
956.575	18
956.75	96
956.975	94
957.275	96
957.375	6
957.375	86
957.475	6
957.675	18
958.15	50
958.325	22
958.6	42
958.65	42
958.75	94
958.825	50
959.05	22
959.05	42
963.65	12
963.95	32
964.075	32
964.2	10
964.325	8
964.4	8
964.425	82
964.6	82
964.675	96
964.7	76
964.725	10
964.75	18
964.8	94
964.9	4
964.925	32
964.95	54
965.025	52
965.05	94
965.075	42
965.3	52
965.35	12
965.375	50
965.425	42
965.45	18
965.475	50
965.475	86
965.55	8
965.55	12
965.65	86
965.7	86
965.825	22
965.95	42
966.1	82
966.175	96
966.225	82
966.3	14
966.45	94
966.5	12
966.65	12
966.75	6
966.925	30
967	16
967.175	22
967.975	22
969.3	30
974.75	16
975	18
975.15	94
975.3	42
975.425	6
975.425	96
975.6	22
975.7	32
975.775	10
975.875	30
976.175	96
976.275	10
976.275	14
976.525	76
976.55	54
976.6	50
976.65	52
976.85	8
976.925	86
976.975	14
977.25	54
977.45	12
977.625	76
977.675	76
980.2	36
982.85	60
983.325	28
983.35	54
983.675	72
983.775	44
983.9	2
983.9	44
984	30
984.05	22
984.1	28
984.1	30
984.15	22
984.15	96
984.2	22
984.225	14
984.25	6
984.25	72
984.275	8
984.3	94
984.325	18
984.4	52
984.4	86
984.425	18
984.45	42
984.6	8
984.6	14
984.625	50
984.65	8
984.7	14
984.8	30
984.825	42
984.975	28
985.025	32
985.1	22
985.1	32
985.2	28
985.25	14
985.275	94
985.575	52
985.7	52
986.4	80
986.425	30
986.7	4
987.05	94
987.15	4
987.825	80
987.925	16
988.375	18
988.6	86
990.425	42
990.55	6
990.625	6
990.825	6
26.325	7
26.375	1
26.375	3
26.6	7
26.75	9
27.075	5
43.4	87
45.925	19
46.15	13
46.3	17
46.375	15
46.475	9
46.475	17
46.5	7
46.525	11
46.525	17
46.75	1
46.825	5
46.85	3
47.2	3
49.25	11
51.4	19
51.475	19
52.5	13
52.6	13
52.65	15
52.8	11
52.925	17
66.15	13
66.3	19
66.375	1
66.475	15
66.55	9
66.575	3
66.575	17
66.6	5
66.725	11
66.8	3
66.825	17
66.9	17
66.95	7
67.075	9
68.475	7
73.3	35
74.3	35
77.9	13
78.3	15
79.8	73
80.3	33
80.425	9
81.25	5
81.55	9
81.55	33
81.8	35
82.425	17
82.525	35
82.6	17
83.125	13
85.575	15
86	11
86.325	7
86.35	1
86.65	3
86.775	19
86.9	73
87	7
87.35	13
87.45	73
87.475	1
87.5	19
87.575	9
87.775	19
87.8	5
88.225	3
88.4	3
88.475	9
88.575	33
88.975	35
89.925	33
90.05	33
90.25	15
90.4	11
91.425	11
97.325	17
97.475	33
97.6	17
97.6	33
97.975	15
98.1	15
98.125	5
98.275	9
98.35	9
98.475	35
98.525	73
98.55	11
98.775	3
98.825	13
98.95	1
99.1	17
99.175	9
99.575	35
100.65	3
100.675	11
102.175	1
105.85	7
106.3	3
106.625	13
106.675	9
106.7	35
106.85	3
106.875	9
107.025	1
107.05	17
107.2	73
107.325	33
107.475	5
107.5	11
107.525	13
107.575	13
107.65	5
107.65	15
107.775	15
107.775	35
108.05	11
108.125	7
109.075	19
109.4	73
111.675	3
113.55	3
116.225	19
116.45	19
125.7	3
126.025	73
126.15	7
126.225	9
126.35	13
126.425	15
126.45	11
126.5	5
126.55	17
126.6	73
126.7	1
126.85	1
126.925	13
127.275	17
127.325	11
127.325	15
128.85	19
129.675	19
131.475	17
131.575	33
132.35	17
133.875	33
136.675	9
137.175	5
137.75	3
138	9
142.175	17
142.625	33
142.9	9
143.025	5
143.075	9
145.95	13
146.15	13
146.575	1
146.775	15
147.05	7
147.1	13
147.125	1
147.25	73
147.275	7
148.1	73
148.275	11
149.075	13
149.175	73
149.625	3
159.275	33
159.375	33
160.175	7
160.575	3
161.2	3
161.2	17
161.25	15
161.35	17
161.375	73
162.05	13
162.05	15
162.6	11
162.775	11
163.25	11
163.275	19
163.375	11
166.3	9
166.45	1
166.575	5
167.125	3
167.225	33
167.475	19
167.625	33
168.3	17
168.75	17
181.9	17
182.15	73
182.55	1
182.825	73
182.85	13
183.25	73
183.7	33
183.775	1
184.075	13
185.175	33
185.4	9
185.575	5
185.85	13
185.9	3
186.625	11
186.775	19
187.35	11
190.2	9
190.225	15
190.325	5
190.35	11
190.95	7
191.25	73
191.725	13
192.2	13
192.225	15
192.275	13
195.225	3
196.825	17
197.275	33
197.3	17
203.15	5
203.6	3
203.975	73
204.025	13
204.05	33
204.1	73
204.125	13
204.15	73
204.2	17
204.35	15
204.45	17
204.45	73
204.5	17
204.675	17
204.975	13
205.125	33
206.1	11
206.5	1
206.675	9
206.825	19
207.175	15
207.55	11
208.075	7
208.325	5
208.375	5
208.875	7
209.25	3
209.675	7
214.55	13
214.725	13
215.075	15
215.15	15
215.9	15
216	15
217.225	15
218.9	33
219.35	17
220.75	3
220.85	73
220.975	3
220.975	13
221	7
221.2	1
221.5	73
221.725	1
221.75	7
221.825	17
222.025	5
222.05	7
222.075	17
222.175	17
222.75	5
223.125	3
223.5	9
223.5	73
224.425	9
224.9	19
226.7	39
226.9	11
227.35	1
227.65	19
228.375	19
228.425	1
228.625	33
228.7	1
229.05	1
230.725	33
231.75	17
234.05	13
234.675	15
234.8	53
235.25	11
235.275	13
235.625	53
243.95	53
243.975	17
244.025	13
244.35	33
244.425	11
244.45	33
244.65	17
244.95	15
245.35	53
245.95	5
246.225	7
246.275	3
246.325	1
246.4	11
246.425	73
246.5	19
246.525	33
246.85	9
246.9	5
246.95	73
247.225	19
247.225	73
247.3	3
247.475	73
247.7	9
248.025	5
248.125	17
257.65	7
258.25	17
258.275	9
258.45	9
258.525	33
258.6	5
258.975	17
259.05	17
259.4	5
266.3	11
266.575	19
266.6	3
266.675	17
266.8	9
266.9	73
266.925	53
266.975	73
267.2	5
267.275	19
267.325	15
267.375	33
267.5	7
267.7	13
267.85	1
267.925	5
268.025	9
268.2	1
269.075	15
269.125	15
269.2	11
271.775	59
273.35	59
279.65	3
280.225	51
280.225	53
280.35	11
280.875	3
281	53
281.05	53
281.525	11
281.7	7
282.3	51
284.125	13
284.175	53
285.15	13
285.625	13
286.3	5
286.5	1
286.575	17
286.6	1
286.6	73
286.675	73
286.75	33
286.8	3
286.825	33
286.85	3
286.9	33
287.275	15
287.4	11
287.425	19
287.55	51
287.625	51
287.775	53
287.85	17
287.95	17
288	9
288.275	15
288.4	19
289.85	17
292.1	19
292.8	51
293.875	33
294.2	33
295.75	17
295.85	17
296.125	53
296.325	53
296.4	53
296.525	15
297.7	3
299.275	3
301.15	5
303.275	1
303.275	53
303.55	15
304.15	17
304.275	17
304.7	53
305.025	17
305.05	3
305.475	1
305.475	3
306.425	9
306.475	11
306.925	51
307	7
307.125	13
307.175	3
307.25	13
307.275	11
307.375	33
307.425	19
307.6	51
307.75	19
308.05	19
308.325	33
308.45	5
308.625	9
309.125	3
309.4	51
309.45	33
309.725	1
311.05	13
316.15	9
316.575	51
317.15	33
317.175	51
317.275	13
317.325	13
317.5	5
317.875	15
317.925	3
318.3	53
318.325	11
318.525	17
318.9	7
319.45	7
319.6	9
319.65	9
320.3	7
320.35	9
323.95	83
325.975	19
326.4	53
326.475	51
326.525	51
326.625	17
326.7	1
326.8	17
326.85	3
326.85	9
326.875	33
326.9	5
326.975	33
327.025	53
327.1	7
327.175	53
327.225	17
327.325	53
327.575	15
327.7	15
327.825	5
327.85	33
327.95	5
328.075	11
328.475	67
328.5	15
334.55	57
334.975	57
338.25	27
338.35	27
338.95	27
339.175	27
339.65	3
340.975	57
341.15	3
341.2	57
342.55	97
344.85	17
345.1	7
345.2	17
345.25	33
345.8	97
346.025	33
346.225	11
346.425	53
346.45	57
346.475	19
346.55	19
346.625	5
346.625	19
346.675	83
346.8	1
346.8	51
346.9	27
347.025	67
347.125	53
347.725	33
347.9	57
348.05	51
348.275	67
349.7	1
354.2	89
355.925	95
360.8	95
365.65	31
366.4	17
366.5	5
366.55	95
366.625	1
366.625	19
366.7	83
366.775	9
366.775	33
366.8	89
366.825	3
366.875	67
366.9	57
366.95	67
367.025	89
367.05	95
367.1	51
367.15	53
367.35	7
367.7	53
367.725	1
367.725	97
367.75	67
367.775	7
368.025	33
368.1	33
368.2	51
368.9	89
369.125	89
369.25	43
372.15	67
377.775	43
379.575	33
379.65	51
379.825	51
379.9	57
379.925	89
379.95	57
380.025	51
380.275	17
380.775	97
380.9	33
383.65	53
383.9	17
384.025	83
385.525	51
385.85	19
386.1	95
386.45	57
386.475	3
386.525	97
386.55	53
386.675	3
386.925	7
387.125	67
387.25	43
387.275	63
387.55	43
387.55	57
387.8	1
388	43
388.325	67
389.375	67
394.675	5
395.1	31
395.15	3
395.55	17
395.8	1
395.825	53
395.925	33
395.975	33
396.075	89
396.325	67
396.4	51
396.525	89
396.65	13
396.9	53
397	43
397.4	51
397.625	5
398.075	43
398.25	31
398.85	65
405.6	51
405.75	13
406.225	19
406.45	95
406.475	53
406.5	1
406.625	17
406.625	43
406.625	83
406.65	57
406.775	3
406.775	65
406.8	13
406.825	7
406.85	13
406.975	67
407	9
407.05	53
407.075	7
407.1	33
407.125	19
407.125	89
407.15	63
407.175	15
407.225	1
407.275	63
407.3	67
407.425	31
407.575	11
407.725	31
407.925	43
408	53
408.05	53
408.075	43
408.1	19
408.5	31
408.7	31
409	77
410.1	77
411.25	67
411.775	67
411.825	67
412.575	67
413.225	1
413.875	67
414.075	31
414.775	31
422.525	31
426.275	5
426.425	19
426.525	3
426.55	95
426.625	1
426.65	7
426.7	95
426.725	3
426.75	67
426.8	31
426.8	43
426.8	95
426.925	63
427	65
427.025	31
427.075	43
427.275	19
427.35	7
427.35	11
427.4	17
427.525	23
427.625	77
427.75	33
427.75	89
428.075	17
428.225	65
428.575	63
428.675	63
430.45	83
431.325	83
434.925	83
440.225	3
441.075	1
441.125	23
441.3	43
441.375	67
441.525	83
441.55	43
441.55	51
441.55	77
441.575	17
441.65	31
441.75	17
441.8	17
442.025	13
442.025	33
442.05	65
442.1	67
442.275	1
442.35	17
442.425	17
442.575	43
442.625	65
442.725	1
442.775	1
442.975	13
443.45	13
443.875	17
446.3	7
446.325	5
446.75	19
446.85	9
447.325	83
447.35	51
447.4	43
447.725	1
448.175	51
448.325	51
448.775	23
449.125	55
449.4	17
449.675	55
450.15	55
450.3	55
452	61
452.15	61
453.325	61
453.7	61
456.35	5
457.375	17
457.625	51
457.725	55
457.8	43
458.25	19
458.3	17
458.325	13
458.4	19
458.525	19
458.875	1
459.975	19
460	67
460.025	19
460.45	3
460.5	43
460.525	7
460.65	43
460.775	7
460.825	7
461.65	7
462.5	3
463.5	3
466.425	17
466.875	51
467.15	5
467.45	55
467.5	13
467.625	1
467.975	19
468.025	5
468.025	43
468.15	55
468.375	67
468.5	19
468.65	61
468.75	7
468.95	7
468.95	61
470.25	83
470.6	43
470.75	33
470.775	77
470.8	13
471.4	83
471.525	83
471.875	17
472.4	83
472.475	17
472.8	67
472.925	67
473.2	33
474.45	51
474.5	33
474.775	43
475.05	13
475.075	55
475.2	5
475.3	35
475.525	13
475.7	3
476	55
476.025	17
476.125	13
476.175	61
476.275	61
476.3	17
476.35	61
476.4	35
476.45	61
476.55	7
477.55	9
477.75	51
477.8	61
477.875	51
478	27
478.075	97
479.15	17
479.6	1
479.6	89
479.7	53
479.75	57
479.85	11
480	83
480.375	27
480.55	31
480.575	13
481.275	33
481.35	3
481.475	55
481.55	3
481.625	77
481.7	13
481.7	35
481.725	77
481.85	35
481.85	55
481.875	27
481.9	31
482.25	9
482.5	3
482.625	1
482.625	5
482.625	53
482.675	5
482.925	3
482.925	61
482.95	83
483.175	83
483.425	1
483.45	53
483.525	53
483.825	43
484.075	43
484.4	33
484.475	33
484.75	9
485.35	51
485.65	5
485.925	33
486.325	19
486.375	19
486.45	51
487.025	19
487.525	51
492.075	51
492.125	43
492.775	43
493.1	7
493.1	43
493.15	57
493.2	5
493.275	27
493.45	33
493.45	55
493.475	35
493.475	83
493.525	3
493.55	17
493.55	61
493.55	97
493.775	53
493.8	9
493.925	77
494.05	33
494.05	83
494.15	89
494.325	55
494.35	1
494.35	5
494.65	33
495.075	13
495.1	1
495.15	13
495.175	89
495.4	35
495.7	77
496.5	89
496.875	13
500.55	57
500.975	97
501.125	17
501.2	1
501.275	17
501.275	89
501.575	51
501.925	89
502	17
502.1	1
502.1	9
502.275	33
502.775	9
502.825	43
502.925	27
503.05	57
503.2	89
503.25	27
503.275	97
503.325	35
503.35	61
503.425	43
503.525	43
503.675	55
503.75	83
503.85	53
503.875	43
503.875	61
503.975	17
504	9
504.025	77
504.125	13
504.3	17
504.55	55
504.625	55
504.625	77
504.725	51
504.775	51
504.8	17
504.85	53
504.85	83
505	53
505.05	35
505.1	77
505.2	83
505.425	35
506.425	3
506.6	19
506.725	51
506.8	13
508.5	3
508.65	3
511.125	71
511.225	7
511.3	7
511.55	21
511.7	97
512.2	97
512.25	43
512.3	9
512.5	9
512.575	9
512.65	9
512.65	97
513.425	9
513.575	27
513.925	83
514	53
514.1	53
514.15	57
514.175	61
514.25	33
514.375	35
514.775	87
514.85	89
514.9	53
515.075	77
515.225	33
515.25	53
515.325	57
515.35	33
515.375	57
515.725	17
516.1	21
516.425	77
516.475	77
516.575	3
516.575	17
516.825	1
517	21
517.575	21
517.7	21
517.85	53
517.875	35
517.95	35
518.075	3
519.175	3
520.45	13
521.725	53
526.3	3
526.525	3
526.525	7
526.575	17
526.625	17
526.65	43
526.7	17
526.75	13
526.75	21
526.775	1
526.775	33
526.8	97
526.85	19
526.85	27
526.85	53
526.85	61
526.875	57
526.975	9
527.05	27
527.05	53
527.05	71
527.075	83
527.1	97
527.125	17
527.15	43
527.175	9
527.175	35
527.2	87
527.225	51
527.25	83
527.325	9
527.4	33
527.475	33
527.475	51
527.5	19
527.6	27
527.625	33
527.775	61
527.9	21
528.275	3
528.45	51
528.675	29
528.725	57
529.325	29
529.325	35
529.35	57
529.925	57
537.175	35
537.65	3
538.075	21
538.15	61
538.225	29
538.225	97
538.25	57
538.25	61
538.25	71
538.6	53
538.7	53
539	83
539.05	83
539.075	3
539.175	29
540.25	83
541.8	89
542.925	31
543.075	3
543.3	51
543.65	3
543.65	87
543.675	9
543.675	27
543.75	1
543.75	43
543.85	33
543.875	55
543.9	71
543.975	51
544.025	51
544.125	35
544.2	53
544.2	97
544.325	21
544.475	97
544.5	13
544.525	51
544.825	17
544.875	1
544.95	21
545.05	59
545.575	35
545.85	67
545.9	67
545.925	65
546	77
546.025	33
546.125	1
546.125	29
546.2	1
546.425	19
546.5	57
546.7	33
546.75	29
546.825	65
547	35
547.075	65
547.1	35
547.525	77
547.65	17
548.1	57
548.125	33
548.475	17
548.5	7
548.525	57
548.55	35
548.85	77
548.925	53
549.25	55
549.55	17
549.6	17
550.075	17
550.275	43
550.375	43
550.5	61
550.75	71
551.05	71
551.125	35
551.525	43
551.875	51
552.175	11
552.275	11
552.3	17
552.625	31
552.675	35
553.025	87
553.125	1
553.125	35
553.125	87
553.475	27
553.55	35
553.625	11
553.8	11
553.9	27
553.9	97
554.05	61
554.75	27
564.825	7
565.05	43
565.075	1
565.2	3
565.2	97
565.25	27
565.275	97
565.375	43
565.425	33
565.45	55
565.55	71
565.575	29
565.65	17
565.65	83
565.725	51
565.75	53
565.775	1
565.775	35
565.8	9
565.85	61
565.875	11
566.075	87
566.1	31
566.325	51
566.375	1
566.4	57
566.5	19
566.525	77
566.65	29
566.7	43
566.7	77
566.725	71
566.825	33
566.975	89
567.05	51
567.4	19
567.575	65
568	89
570	65
573.375	83
573.55	17
573.625	97
573.675	43
573.7	17
573.725	43
573.75	17
573.775	9
573.875	43
573.925	43
574.1	89
574.175	19
574.2	9
574.2	71
574.225	89
574.25	71
574.275	53
574.3	51
574.325	9
574.375	51
574.375	71
574.5	71
574.55	9
574.65	65
574.7	77
574.775	97
574.925	93
575.125	29
576.175	29
576.975	91
577.275	29
579.55	17
579.575	83
582.35	19
582.5	19
583.125	91
584.3	17
586.4	3
586.525	53
586.7	53
586.725	83
586.75	53
586.775	97
586.825	55
586.875	57
586.925	5
586.925	83
586.975	5
587	43
587.1	29
587.1	35
587.125	9
587.325	51
587.35	3
587.375	29
587.425	93
587.475	77
587.5	71
587.55	29
587.55	55
587.85	3
587.875	93
587.925	9
588.025	89
588.175	17
588.275	91
588.325	9
588.4	5
588.55	5
588.575	89
588.675	65
588.775	91
588.775	93
588.875	93
588.975	51
589.125	93
589.35	89
590.425	89
594.075	3
594.65	53
594.8	89
595.05	89
595.3	17
595.35	17
595.35	83
595.7	93
595.775	93
595.8	53
595.925	77
596.075	35
596.375	65
596.775	65
596.825	65
597.35	57
597.825	97
598.8	97
605.375	19
605.775	51
605.85	53
606.075	9
606.1	91
606.125	71
606.175	3
606.2	83
606.4	17
606.575	89
606.775	29
606.95	89
606.975	13
607	65
607.125	65
607.2	97
607.225	3
607.25	83
607.35	35
607.55	71
607.65	1
607.65	63
607.675	43
607.8	43
607.8	93
607.85	23
607.925	51
607.975	35
608	3
608	7
608	63
608.375	27
608.475	53
608.625	21
608.7	61
608.725	65
608.75	31
608.9	57
609.4	7
609.4	57
609.65	57
609.675	11
609.775	77
609.85	21
609.925	17
610.2	63
610.575	5
610.7	3
610.775	19
611.2	13
611.275	71
611.375	11
612.075	71
612.125	71
612.225	21
617.125	97
617.85	17
617.85	83
617.875	43
618.25	27
618.25	71
618.35	27
618.4	19
618.4	27
618.45	5
618.475	51
618.5	21
618.55	7
618.65	11
618.65	29
618.65	57
618.65	63
618.675	23
618.725	7
618.75	61
618.8	7
618.85	53
618.875	3
618.925	97
618.95	13
618.95	27
618.975	97
619.075	21
619.2	35
619.425	35
619.45	9
619.875	9
619.95	13
620	65
620.45	17
620.525	13
620.575	17
620.675	63
620.7	77
621.275	61
621.4	21
621.45	65
621.5	7
621.575	83
622.55	35
622.925	3
625.3	11
625.5	11
626.2	19
626.325	53
626.475	53
626.65	53
626.875	51
627.225	5
627.35	13
627.425	83
627.5	97
627.625	51
627.8	35
627.8	57
627.85	7
627.925	35
628	35
628.45	61
628.65	35
629.5	13
629.5	83
629.65	23
629.775	17
629.85	51
630.225	13
630.225	51
630.4	13
630.65	61
630.775	97
631.075	23
631.375	17
631.675	17
632.075	51
632.225	51
632.425	13
636.375	7
636.975	97
637.025	97
637.1	61
637.625	17
638.225	61
638.25	5
638.375	3
638.375	19
638.575	3
638.775	53
638.85	51
639.225	83
639.3	13
639.3	77
639.4	57
639.475	35
639.475	57
639.525	19
639.525	51
639.75	51
639.875	17
639.95	13
639.95	51
640.025	65
640.05	5
640.075	83
640.175	23
640.175	51
640.3	17
640.475	17
640.6	57
640.8	13
641.025	77
641.075	5
641.425	83
641.475	5
641.775	17
642.55	19
642.9	19
642.975	19
645.25	3
645.625	53
645.9	7
645.975	7
646	83
646.075	21
646.15	61
646.2	9
646.55	5
646.7	19
646.7	97
646.975	13
647.125	23
647.225	53
647.4	97
647.525	17
647.6	13
647.6	97
648.125	65
648.625	35
648.85	3
649.05	3
649.425	9
649.875	53
650.1	9
657.525	3
657.75	57
657.925	53
658.15	97
658.225	17
658.3	17
658.4	23
658.475	61
658.65	83
658.9	57
658.925	35
659.15	17
659.15	65
659.175	9
659.35	9
659.425	3
659.425	65
659.475	13
660.125	5
660.175	19
660.825	35
660.875	19
660.875	65
661.55	19
666.75	13
666.8	13
666.825	7
667.15	5
667.175	53
667.225	97
667.25	61
667.325	7
667.4	7
667.45	35
667.525	83
667.55	9
667.6	7
667.6	57
667.6	83
667.625	1
667.725	3
667.725	65
667.775	9
667.975	31
668.05	21
668.1	3
668.15	9
668.2	1
668.2	3
668.2	97
668.4	83
668.425	51
668.525	17
668.525	53
668.7	83
668.9	1
668.925	13
668.925	43
668.95	1
668.975	77
669.075	97
669.4	27
669.45	51
669.475	13
669.525	71
669.575	71
669.65	51
669.875	21
670.475	13
670.475	27
670.625	53
670.7	61
670.85	21
671.125	19
676.1	47
676.575	21
677.425	43
677.575	21
677.6	27
677.625	43
677.625	51
677.625	97
677.875	71
678.1	51
678.15	77
678.175	21
678.275	21
678.45	57
678.475	5
678.55	35
678.575	31
678.8	27
678.9	3
678.95	43
679.075	77
679.15	17
679.225	17
679.325	27
679.375	53
679.875	31
680.075	35
680.075	61
680.125	13
680.15	65
680.2	3
680.525	43
680.575	17
680.6	43
680.625	13
680.85	3
681.225	13
686.05	19
686.15	7
686.325	9
686.625	3
686.65	1
686.7	43
686.725	5
686.725	61
686.775	51
686.825	47
686.85	53
686.9	97
686.925	21
686.95	3
687.05	17
687.075	57
687.15	31
687.15	35
687.2	17
687.225	3
687.325	17
687.325	51
687.4	13
687.475	5
687.5	27
687.7	19
687.775	77
687.775	97
687.85	71
687.9	65
687.95	83
688	83
688.55	13
688.725	27
689.05	5
689.225	61
694.8	53
695.05	17
695.15	51
695.775	7
695.9	97
696.025	17
696.1	3
696.1	17
696.2	5
696.225	77
696.25	61
696.3	53
696.325	61
696.325	77
696.4	43
696.425	71
696.475	21
696.65	21
696.9	27
696.9	83
697.05	61
697.125	61
697.375	21
697.4	27
697.5	71
697.675	77
697.85	27
698.975	77
701.625	9
701.75	53
702.275	5
702.55	9
702.85	3
702.95	17
703.375	21
703.7	83
703.9	17
704.075	61
704.375	11
704.575	3
704.7	31
704.9	61
705.3	43
705.35	13
705.35	83
705.45	43
705.575	97
705.775	7
705.875	27
706.1	97
706.175	97
706.225	23
706.35	51
706.675	47
706.725	19
706.8	23
707.125	51
707.25	43
707.4	27
707.5	7
707.575	47
708.55	61
709.225	97
720.475	19
720.875	51
721	13
721.05	17
721.15	17
721.2	13
721.275	19
721.425	7
721.45	23
721.575	43
721.7	3
721.7	43
721.725	17
721.75	3
721.75	51
721.875	97
721.925	61
721.95	27
722.05	53
722.125	61
722.3	9
722.325	53
722.4	9
722.5	83
722.525	17
722.575	11
722.7	83
722.75	13
722.85	23
722.925	97
723	31
723.05	31
723.175	23
723.175	51
723.45	53
723.625	61
726.425	97
726.7	97
726.725	5
727.225	97
727.25	3
727.35	5
727.575	31
727.8	83
727.85	47
728.05	51
728.15	23
728.225	7
729.05	47
729.15	61
729.3	17
729.675	17
730.95	61
731.075	47
731.45	17
731.6	23
731.675	23
733.975	51
734.875	51
735.15	43
735.225	33
735.35	83
735.5	35
735.6	83
735.6	89
735.65	35
735.675	9
735.775	17
735.8	27
735.925	9
735.975	3
735.975	53
736.15	53
736.175	5
736.275	21
736.3	23
736.325	5
736.4	21
736.55	21
736.6	31
736.875	5
737.025	61
737.075	61
737.15	61
737.275	7
737.35	51
737.525	51
737.7	51
737.725	23
738.075	21
738.275	51
738.425	5
738.55	3
738.55	35
738.575	31
744.4	1
744.525	21
744.575	47
744.75	51
744.825	31
744.825	83
744.95	17
745.025	51
745.2	53
745.225	3
745.4	43
745.45	43
745.45	53
745.475	5
745.55	5
745.675	7
745.675	89
745.725	17
745.825	47
745.85	35
745.875	61
746.025	21
746.025	27
746.05	47
746.1	53
746.175	61
746.475	7
746.575	89
746.6	43
746.625	19
746.675	35
746.7	9
746.925	9
747.1	51
747.425	19
748.125	5
752.2	17
752.3	3
752.475	17
752.825	21
753.575	51
753.725	89
753.825	5
753.95	17
754.1	35
755.1	35
755.15	9
755.15	83
755.325	3
755.375	3
755.425	51
755.75	17
755.8	43
756.35	9
756.45	9
756.925	43
757.375	83
757.6	7
757.675	7
758.125	11
758.475	31
759.3	11
759.525	11
760.225	35
760.5	35
760.775	9
760.9	9
763.275	89
763.475	89
764.75	17
765.675	83
765.8	7
765.825	19
765.9	53
766.05	17
766.25	51
766.425	17
766.525	3
766.65	17
766.725	83
766.75	5
766.8	43
766.825	83
767.025	43
767.175	51
767.275	31
767.45	17
767.625	35
769.15	5
769.475	23
769.525	23
772.325	23
773.05	51
773.25	19
773.675	53
774.125	51
774.2	9
774.25	89
774.325	11
774.375	51
774.775	9
774.85	31
774.875	43
774.875	53
774.925	83
775.175	5
775.175	11
775.4	5
775.425	3
775.475	89
775.575	35
775.7	9
775.775	53
775.8	51
775.825	83
776.375	83
776.425	9
776.65	35
777.05	7
777.925	89
779.35	9
779.85	9
783	35
783.125	35
783.5	3
783.55	35
783.65	3
784.725	51
784.85	89
785.275	89
785.65	9
785.725	43
785.75	89
786.025	19
786.05	1
786.275	17
786.325	47
786.35	53
786.45	31
786.45	53
786.45	83
786.5	21
786.65	23
786.75	51
786.825	17
787.15	53
787.45	7
787.6	21
787.65	17
787.65	21
787.725	17
787.875	21
787.925	21
788.15	89
788.25	89
788.575	43
789.05	17
789.15	7
789.225	43
789.35	89
789.45	89
789.55	89
792.05	89
793.15	83
793.425	51
794.75	51
795.25	51
798.25	29
798.825	7
798.9	71
799	5
799	19
799.075	3
799.125	51
799.15	1
799.225	3
799.225	21
799.275	7
799.275	63
799.325	31
799.325	53
799.35	35
799.5	9
799.575	9
799.65	7
799.675	23
799.7	89
799.725	3
799.75	13
799.85	47
800.075	21
800.1	43
800.175	21
800.325	17
800.325	21
800.35	27
800.375	17
800.475	7
801.3	43
801.725	21
805.3	17
806.025	89
806.325	21
806.875	9
807.2	19
807.25	53
807.275	51
807.425	19
807.5	51
807.55	7
807.575	19
807.6	35
807.625	83
807.675	13
807.725	13
807.75	53
807.975	71
808.025	3
808.075	7
808.15	27
808.225	51
808.3	71
808.325	9
808.4	53
808.425	35
808.65	1
808.875	3
808.925	3
808.975	31
809.2	83
809.325	3
809.6	3
809.95	35
810.3	35
810.9	89
824.3	19
824.525	13
824.525	17
824.55	53
824.675	51
824.925	89
824.95	21
825.075	21
825.25	17
825.375	31
825.425	31
825.875	3
825.975	9
826.225	83
826.65	1
826.85	7
827.225	7
827.3	31
827.4	35
827.475	1
827.475	43
827.525	7
827.525	35
827.875	17
827.925	31
827.95	47
828.1	7
828.1	89
828.15	13
828.275	89
828.45	27
828.55	27
828.85	35
829.125	47
830.575	89
834.75	59
835.075	55
835.225	43
835.425	27
835.475	43
835.525	63
835.55	9
835.6	3
835.675	43
835.725	1
835.725	51
835.75	83
835.8	17
835.8	53
835.9	23
835.95	13
835.95	43
835.975	35
836.025	5
836.075	1
836.1	17
836.1	29
836.175	31
836.2	53
836.225	89
836.25	47
836.25	59
836.275	31
836.275	89
836.3	29
836.3	43
836.35	7
836.375	89
836.425	71
836.45	83
836.45	89
836.55	71
836.6	27
836.675	51
836.775	21
836.85	1
836.85	55
836.95	5
836.975	43
836.975	55
837.025	27
837.25	7
837.325	89
837.425	5
837.45	35
837.55	47
837.775	17
837.9	53
838.125	21
838.175	1
838.325	13
838.375	1
838.475	13
839.6	43
844.725	89
845.425	9
845.55	43
845.825	29
845.9	9
845.95	29
846.025	43
846.175	5
846.225	53
846.3	7
846.375	17
846.4	21
846.675	3
846.75	13
846.85	83
846.875	63
846.9	71
846.925	53
847.025	23
847.05	51
847.1	35
847.175	23
847.225	27
847.3	57
847.45	17
847.45	71
847.575	53
847.6	13
847.75	21
848.15	1
848.275	23
848.325	27
848.55	89
848.75	19
849.4	57
849.5	71
849.825	97
850.525	75
853.775	19
854.4	51
854.525	13
854.725	21
854.775	21
854.8	13
854.825	17
855.2	71
855.2	89
855.375	89
855.425	51
855.625	53
855.95	9
856.1	9
856.35	23
856.6	19
856.75	5
857.1	23
857.25	3
857.325	3
857.425	35
857.5	23
857.6	3
857.775	27
857.95	57
858.075	97
858.125	23
858.225	31
858.225	97
858.525	17
858.55	23
858.6	53
858.7	71
858.75	83
858.85	1
858.875	75
859.075	31
859.575	1
859.925	21
865.55	9
866.2	7
866.25	5
866.375	3
866.475	97
866.525	19
866.575	51
866.625	51
866.7	35
866.775	1
866.775	53
866.9	57
866.925	31
866.95	75
866.95	89
867	11
867.025	17
867.025	83
867.1	9
867.2	5
867.25	17
867.25	75
867.275	9
867.375	9
867.375	21
867.375	71
867.45	27
867.6	53
867.6	97
867.625	19
867.65	31
867.675	23
867.825	19
867.825	53
868.025	57
868.05	83
868.175	17
868.225	17
868.25	5
868.3	89
868.4	57
868.425	21
868.575	19
868.675	27
868.75	57
868.9	27
869.375	27
869.45	21
870.725	91
870.925	91
873	5
873.225	31
873.85	35
873.975	27
874.1	83
874.125	27
874.525	35
874.525	53
874.825	21
875.125	17
875.35	21
875.4	75
875.425	19
875.65	19
877.2	21
883.125	21
884.125	55
884.3	55
884.575	3
884.6	9
884.6	31
884.75	63
884.825	53
884.85	71
884.9	17
884.95	57
884.975	23
884.975	27
885.05	71
885.1	35
885.1	57
885.125	27
885.125	89
885.175	5
885.275	3
885.35	17
885.35	75
885.375	91
885.4	3
885.475	83
885.5	5
885.675	7
885.75	19
885.75	51
885.85	17
885.875	31
886.15	83
886.525	83
886.55	57
886.7	83
886.775	19
886.95	51
887.2	89
888.875	43
889.6	19
889.7	27
890.25	19
890.775	71
891.625	89
891.825	35
892.475	81
892.575	35
892.925	71
893.25	17
893.25	81
893.55	89
893.725	83
893.775	23
894.025	71
894.125	19
894.625	89
895.05	79
898.55	43
898.625	71
898.725	71
898.85	71
898.875	27
899.1	53
899.25	51
899.45	75
899.575	55
899.6	89
899.675	7
899.675	55
899.825	21
899.85	89
899.875	83
899.925	51
899.975	19
899.975	63
900.125	55
900.15	79
900.175	27
900.175	55
900.175	63
900.25	31
900.25	35
900.25	63
900.375	57
900.425	91
900.45	35
900.5	79
900.775	31
900.95	23
901.025	35
901.3	53
901.425	23
901.825	81
902.525	81
904.625	17
904.8	89
905.325	89
905.45	17
906	55
906.2	7
906.225	53
906.3	51
906.4	75
906.45	9
906.45	51
906.575	75
906.65	7
906.925	43
907.15	3
907.375	27
907.425	27
907.475	5
907.5	27
907.5	71
907.575	9
907.925	27
907.925	31
907.925	53
908.1	35
908.125	71
908.25	55
908.275	7
908.525	17
908.675	19
908.8	19
908.8	91
909.075	79
909.3	79
909.65	91
910.85	79
913.2	43
913.35	71
913.45	43
913.575	31
913.575	55
913.75	27
913.75	55
913.825	55
913.85	27
913.875	43
914.025	3
914.075	51
914.15	9
914.35	55
914.45	17
914.75	35
914.8	53
914.825	5
914.85	19
915.075	89
915.275	53
915.325	91
915.5	91
915.825	55
915.925	7
915.95	3
915.975	9
916	5
916.25	79
916.275	7
916.35	79
916.85	89
917.35	5
917.775	5
922.6	55
922.725	3
923.05	9
923.625	53
923.675	79
923.9	5
923.925	71
924.125	43
924.175	17
924.275	17
924.375	31
924.425	89
924.825	51
924.85	5
925	53
925.375	89
925.875	81
926.275	19
926.4	79
926.425	1
926.45	57
926.725	91
926.75	83
926.8	11
926.825	21
926.825	89
926.85	83
926.9	27
927.075	19
927.15	89
927.275	71
927.475	5
927.775	75
928	83
928.525	35
928.55	83
928.7	3
928.7	43
931.325	43
931.5	27
934	81
938.2	57
939.025	27
939.05	57
939.175	5
939.425	5
939.7	35
939.75	35
939.825	35
939.875	17
939.975	9
940.075	3
940.225	89
940.35	51
940.45	21
940.55	79
940.85	31
941.075	43
941.2	1
941.35	75
941.4	19
941.45	79
941.55	75
941.55	83
941.575	79
941.6	83
941.725	91
942.05	9
942.05	89
942.45	75
942.525	75
942.825	83
945.25	19
947.375	19
948.25	9
948.35	7
948.625	9
948.875	79
948.925	51
949.025	3
949.15	3
949.5	5
949.6	43
949.75	5
949.8	91
949.925	17
949.925	31
949.975	21
950.05	5
950.25	31
950.3	1
950.3	83
950.325	35
950.35	17
950.375	1
950.4	35
950.425	89
950.625	83
951.45	75
951.525	5
952.075	5
953.75	57
955.55	57
956.925	21
957.05	5
957.725	35
958.8	3
960.55	3
963.8	53
964.125	89
964.225	75
964.275	11
964.325	35
964.35	51
964.35	83
964.575	7
964.575	43
964.6	17
964.65	31
964.925	17
964.925	21
965.125	31
965.2	5
965.4	3
965.4	57
965.475	75
965.875	51
966.1	83
966.2	83
966.275	31
966.5	75
966.55	19
966.7	79
966.875	91
966.9	9
967.05	19
967.15	17
967.375	11
967.45	5
967.525	91
967.7	19
967.85	17
975.2	57
975.3	53
975.575	17
975.575	89
975.725	83
975.775	43
975.875	11
975.925	75
975.925	83
976.025	17
976.125	7
976.125	51
976.375	9
976.475	9
976.475	57
976.55	3
976.575	57
976.65	89
976.7	89
976.775	53
976.825	79
976.925	91
976.95	19
977	5
977.1	5
977.1	51
977.175	75
980.825	97
981.05	97
983	97
983.3	89
983.45	53
983.45	89
983.475	71
983.725	19
983.775	19
983.8	11
983.9	21
983.9	89
983.975	31
984.05	5
984.1	3
984.15	7
984.2	43
984.25	17
984.25	43
984.25	55
984.25	71
984.3	97
984.325	51
984.35	3
984.575	79
984.6	9
984.7	21
984.75	75
984.975	17
985.15	89
985.675	75
985.925	13
985.975	43
986.55	97
986.75	97
986.95	5
987.075	35
987.225	35
987.85	5
988.05	35
988.175	97
988.325	97
988.475	3
988.55	35
988.575	3
988.7	57
988.85	57
991.025	43
991.9	43
999.15	89
999.825	5
