26.15	0
26.15	2
26.15	4
26.15	6
26.15	8
46.15	10
46.15	12
46.15	14
46.15	16
46.15	18
46.275	0
46.275	2
46.275	4
46.275	6
46.275	8
66.275	0
66.275	2
66.275	4
66.275	6
66.275	8
66.275	10
66.275	12
66.275	14
66.275	16
66.275	18
86.275	0
86.275	2
86.275	4
86.275	6
86.275	8
86.275	10
86.275	12
86.275	14
86.275	16
86.275	18
106.275	0
106.275	2
106.275	4
106.275	6
106.275	8
106.275	10
106.275	12
106.275	14
106.275	16
106.275	18
126.275	0
126.275	2
126.275	4
126.275	6
126.275	8
126.275	10
126.275	12
126.275	14
126.275	16
126.275	18
146.275	0
146.275	2
146.275	4
146.275	6
146.275	8
146.275	10
146.275	12
146.275	14
146.275	16
146.275	18
166.275	0
166.275	2
166.275	4
166.275	6
166.275	8
166.275	10
166.275	12
166.275	14
166.275	16
166.275	18
186.275	0
186.275	2
186.275	4
186.275	6
186.275	8
186.275	10
186.275	12
186.275	14
186.275	16
186.275	18
206.275	0
206.275	2
206.275	4
206.275	6
206.275	8
206.275	10
206.275	12
206.275	14
206.275	16
206.275	18
226.275	0
226.275	2
226.275	4
226.275	6
226.275	8
226.275	10
226.275	12
226.275	14
226.275	16
226.275	18
246.275	0
246.275	2
246.275	4
246.275	6
246.275	8
246.275	10
246.275	12
246.275	14
246.275	16
246.275	18
266.275	0
266.275	2
266.275	4
266.275	6
266.275	8
266.275	10
266.275	12
266.275	14
266.275	16
266.275	18
286.275	0
286.275	2
286.275	4
286.275	6
286.275	8
286.275	10
286.275	12
286.275	14
286.275	16
286.275	18
306.275	0
306.275	2
306.275	4
306.275	6
306.275	8
306.275	10
306.275	12
306.275	14
306.275	16
306.275	18
326.275	0
326.275	2
326.275	4
326.275	6
326.275	8
326.275	10
326.275	12
326.275	14
326.275	16
326.275	18
346.275	0
346.275	2
346.275	4
346.275	6
346.275	8
346.275	10
346.275	12
346.275	14
346.275	16
346.275	18
366.275	0
366.275	2
366.275	4
366.275	6
366.275	8
366.275	10
366.275	12
366.275	14
366.275	16
366.275	18
386.275	0
386.275	2
386.275	4
386.275	6
386.275	8
386.275	10
386.275	12
386.275	14
386.275	16
386.275	18
406.275	0
406.275	2
406.275	4
406.275	6
406.275	8
406.275	10
406.275	12
406.275	14
406.275	16
406.275	18
426.275	0
426.275	2
426.275	4
426.275	6
426.275	8
426.275	10
426.275	12
426.275	14
426.275	16
426.275	18
446.275	0
446.275	2
446.275	4
446.275	6
446.275	8
446.275	10
446.275	12
446.275	14
446.275	16
446.275	18
466.275	0
466.275	2
466.275	4
466.275	6
466.275	8
466.275	10
466.275	12
466.275	14
466.275	16
466.275	18
486.275	0
486.275	2
486.275	4
486.275	6
486.275	8
486.275	10
486.275	12
486.275	14
486.275	16
486.275	18
506.275	0
506.275	2
506.275	4
506.275	6
506.275	8
506.275	10
506.275	12
506.275	14
506.275	16
506.275	18
526.275	0
526.275	2
526.275	4
526.275	6
526.275	8
526.275	10
526.275	12
526.275	14
526.275	16
526.275	18
546.275	0
546.275	2
546.275	4
546.275	6
546.275	8
546.275	10
546.275	12
546.275	14
546.275	16
546.275	18
566.275	0
566.275	2
566.275	4
566.275	6
566.275	8
566.275	10
566.275	12
566.275	14
566.275	16
566.275	18
586.275	0
586.275	2
586.275	4
586.275	6
586.275	8
586.275	10
586.275	12
586.275	14
586.275	16
586.275	18
606.275	0
606.275	2
606.275	4
606.275	6
606.275	8
606.275	10
606.275	12
606.275	14
606.275	16
606.275	18
626.275	0
626.275	2
626.275	4
626.275	6
626.275	8
626.275	10
626.275	12
626.275	14
626.275	16
626.275	18
646.275	0
646.275	2
646.275	4
646.275	6
646.275	8
646.275	10
646.275	12
646.275	14
646.275	16
646.275	18
666.275	0
666.275	2
666.275	4
666.275	6
666.275	8
666.275	10
666.275	12
666.275	14
666.275	16
666.275	18
686.275	0
686.275	2
686.275	4
686.275	6
686.275	8
686.275	10
686.275	12
686.275	14
686.275	16
686.275	18
706.275	0
706.275	2
706.275	4
706.275	6
706.275	8
706.275	10
706.275	12
706.275	14
706.275	16
706.275	18
726.275	0
726.275	2
726.275	4
726.275	6
726.275	8
726.275	10
726.275	12
726.275	14
726.275	16
726.275	18
746.275	0
746.275	2
746.275	4
746.275	6
746.275	8
746.275	10
746.275	12
746.275	14
746.275	16
746.275	18
766.275	0
766.275	2
766.275	4
766.275	6
766.275	8
766.275	10
766.275	12
766.275	14
766.275	16
766.275	18
786.275	0
786.275	2
786.275	4
786.275	6
786.275	8
786.275	10
786.275	12
786.275	14
786.275	16
786.275	18
806.275	0
806.275	2
806.275	4
806.275	6
806.275	8
806.275	10
806.275	12
806.275	14
806.275	16
806.275	18
826.275	0
826.275	2
826.275	4
826.275	6
826.275	8
826.275	10
826.275	12
826.275	14
826.275	16
826.275	18
846.275	0
846.275	2
846.275	4
846.275	6
846.275	8
846.275	10
846.275	12
846.275	14
846.275	16
846.275	18
866.275	0
866.275	2
866.275	4
866.275	6
866.275	8
866.275	10
866.275	12
866.275	14
866.275	16
866.275	18
886.275	0
886.275	2
886.275	4
886.275	6
886.275	8
886.275	10
886.275	12
886.275	14
886.275	16
886.275	18
906.275	0
906.275	2
906.275	4
906.275	6
906.275	8
906.275	10
906.275	12
906.275	14
906.275	16
906.275	18
926.275	0
926.275	2
926.275	4
926.275	6
926.275	8
926.275	10
926.275	12
926.275	14
926.275	16
926.275	18
946.275	0
946.275	2
946.275	4
946.275	6
946.275	8
946.275	10
946.275	12
946.275	14
946.275	16
946.275	18
966.275	0
966.275	2
966.275	4
966.275	6
966.275	8
966.275	10
966.275	12
966.275	14
966.275	16
966.275	18
986.275	0
986.275	2
986.275	4
986.275	6
986.275	8
986.275	10
986.275	12
986.275	14
986.275	16
986.275	18
26.15	1
26.15	3
26.15	5
26.15	7
26.15	9
46.15	11
46.15	13
46.15	15
46.15	17
46.15	19
46.275	1
46.275	3
46.275	5
46.275	7
46.275	9
66.275	1
66.275	3
66.275	5
66.275	7
66.275	9
66.275	11
66.275	13
66.275	15
66.275	17
66.275	19
86.275	1
86.275	3
86.275	5
86.275	7
86.275	9
86.275	11
86.275	13
86.275	15
86.275	17
86.275	19
106.275	1
106.275	3
106.275	5
106.275	7
106.275	9
106.275	11
106.275	13
106.275	15
106.275	17
106.275	19
126.275	1
126.275	3
126.275	5
126.275	7
126.275	9
126.275	11
126.275	13
126.275	15
126.275	17
126.275	19
146.275	1
146.275	3
146.275	5
146.275	7
146.275	9
146.275	11
146.275	13
146.275	15
146.275	17
146.275	19
166.275	1
166.275	3
166.275	5
166.275	7
166.275	9
166.275	11
166.275	13
166.275	15
166.275	17
166.275	19
186.275	1
186.275	3
186.275	5
186.275	7
186.275	9
186.275	11
186.275	13
186.275	15
186.275	17
186.275	19
206.275	1
206.275	3
206.275	5
206.275	7
206.275	9
206.275	11
206.275	13
206.275	15
206.275	17
206.275	19
226.275	1
226.275	3
226.275	5
226.275	7
226.275	9
226.275	11
226.275	13
226.275	15
226.275	17
226.275	19
246.275	1
246.275	3
246.275	5
246.275	7
246.275	9
246.275	11
246.275	13
246.275	15
246.275	17
246.275	19
266.275	1
266.275	3
266.275	5
266.275	7
266.275	9
266.275	11
266.275	13
266.275	15
266.275	17
266.275	19
286.275	1
286.275	3
286.275	5
286.275	7
286.275	9
286.275	11
286.275	13
286.275	15
286.275	17
286.275	19
306.275	1
306.275	3
306.275	5
306.275	7
306.275	9
306.275	11
306.275	13
306.275	15
306.275	17
306.275	19
326.275	1
326.275	3
326.275	5
326.275	7
326.275	9
326.275	11
326.275	13
326.275	15
326.275	17
326.275	19
346.275	1
346.275	3
346.275	5
346.275	7
346.275	9
346.275	11
346.275	13
346.275	15
346.275	17
346.275	19
366.275	1
366.275	3
366.275	5
366.275	7
366.275	9
366.275	11
366.275	13
366.275	15
366.275	17
366.275	19
386.275	1
386.275	3
386.275	5
386.275	7
386.275	9
386.275	11
386.275	13
386.275	15
386.275	17
386.275	19
406.275	1
406.275	3
406.275	5
406.275	7
406.275	9
406.275	11
406.275	13
406.275	15
406.275	17
406.275	19
426.275	1
426.275	3
426.275	5
426.275	7
426.275	9
426.275	11
426.275	13
426.275	15
426.275	17
426.275	19
446.275	1
446.275	3
446.275	5
446.275	7
446.275	9
446.275	11
446.275	13
446.275	15
446.275	17
446.275	19
466.275	1
466.275	3
466.275	5
466.275	7
466.275	9
466.275	11
466.275	13
466.275	15
466.275	17
466.275	19
486.275	1
486.275	3
486.275	5
486.275	7
486.275	9
486.275	11
486.275	13
486.275	15
486.275	17
486.275	19
506.275	1
506.275	3
506.275	5
506.275	7
506.275	9
506.275	11
506.275	13
506.275	15
506.275	17
506.275	19
526.275	1
526.275	3
526.275	5
526.275	7
526.275	9
526.275	11
526.275	13
526.275	15
526.275	17
526.275	19
546.275	1
546.275	3
546.275	5
546.275	7
546.275	9
546.275	11
546.275	13
546.275	15
546.275	17
546.275	19
566.275	1
566.275	3
566.275	5
566.275	7
566.275	9
566.275	11
566.275	13
566.275	15
566.275	17
566.275	19
586.275	1
586.275	3
586.275	5
586.275	7
586.275	9
586.275	11
586.275	13
586.275	15
586.275	17
586.275	19
606.275	1
606.275	3
606.275	5
606.275	7
606.275	9
606.275	11
606.275	13
606.275	15
606.275	17
606.275	19
626.275	1
626.275	3
626.275	5
626.275	7
626.275	9
626.275	11
626.275	13
626.275	15
626.275	17
626.275	19
646.275	1
646.275	3
646.275	5
646.275	7
646.275	9
646.275	11
646.275	13
646.275	15
646.275	17
646.275	19
666.275	1
666.275	3
666.275	5
666.275	7
666.275	9
666.275	11
666.275	13
666.275	15
666.275	17
666.275	19
686.275	1
686.275	3
686.275	5
686.275	7
686.275	9
686.275	11
686.275	13
686.275	15
686.275	17
686.275	19
706.275	1
706.275	3
706.275	5
706.275	7
706.275	9
706.275	11
706.275	13
706.275	15
706.275	17
706.275	19
726.275	1
726.275	3
726.275	5
726.275	7
726.275	9
726.275	11
726.275	13
726.275	15
726.275	17
726.275	19
746.275	1
746.275	3
746.275	5
746.275	7
746.275	9
746.275	11
746.275	13
746.275	15
746.275	17
746.275	19
766.275	1
766.275	3
766.275	5
766.275	7
766.275	9
766.275	11
766.275	13
766.275	15
766.275	17
766.275	19
786.275	1
786.275	3
786.275	5
786.275	7
786.275	9
786.275	11
786.275	13
786.275	15
786.275	17
786.275	19
806.275	1
806.275	3
806.275	5
806.275	7
806.275	9
806.275	11
806.275	13
806.275	15
806.275	17
806.275	19
826.275	1
826.275	3
826.275	5
826.275	7
826.275	9
826.275	11
826.275	13
826.275	15
826.275	17
826.275	19
846.275	1
846.275	3
846.275	5
846.275	7
846.275	9
846.275	11
846.275	13
846.275	15
846.275	17
846.275	19
866.275	1
866.275	3
866.275	5
866.275	7
866.275	9
866.275	11
866.275	13
866.275	15
866.275	17
866.275	19
886.275	1
886.275	3
886.275	5
886.275	7
886.275	9
886.275	11
886.275	13
886.275	15
886.275	17
886.275	19
906.275	1
906.275	3
906.275	5
906.275	7
906.275	9
906.275	11
906.275	13
906.275	15
906.275	17
906.275	19
926.275	1
926.275	3
926.275	5
926.275	7
926.275	9
926.275	11
926.275	13
926.275	15
926.275	17
926.275	19
946.275	1
946.275	3
946.275	5
946.275	7
946.275	9
946.275	11
946.275	13
946.275	15
946.275	17
946.275	19
966.275	1
966.275	3
966.275	5
966.275	7
966.275	9
966.275	11
966.275	13
966.275	15
966.275	17
966.275	19
986.275	1
986.275	3
986.275	5
986.275	7
986.275	9
986.275	11
986.275	13
986.275	15
986.275	17
986.275	19
