0	-65
0.025	-64.9993
0.05	-64.9985
0.075	-64.9978
0.1	-64.9971
0.125	-64.9964
0.15	-64.9957
0.175	-64.995
0.2	-64.9943
0.225	-64.9936
0.25	-64.993
0.275	-64.9923
0.3	-64.9917
0.325	-64.991
0.35	-64.9904
0.375	-64.9898
0.4	-64.9891
0.425	-64.9885
0.45	-64.9879
0.475	-64.9873
0.5	-64.9867
0.525	-64.9861
0.55	-64.9855
0.575	-64.9849
0.6	-64.9843
0.625	-64.9837
0.65	-64.9831
0.675	-64.9826
0.7	-64.982
0.725	-64.9814
0.75	-64.9809
0.775	-64.9803
0.8	-64.9798
0.825	-64.9792
0.85	-64.9787
0.875	-64.9782
0.9	-64.9776
0.925	-64.9771
0.95	-64.9766
0.975	-64.9761
1	-64.9755
1.025	-64.975
1.05	-64.9745
1.075	-64.974
1.1	-64.9735
1.125	-64.9731
1.15	-64.9726
1.175	-64.9721
1.2	-64.9716
1.225	-64.9712
1.25	-64.9707
1.275	-64.9702
1.3	-64.9698
1.325	-64.9693
1.35	-64.9689
1.375	-64.9684
1.4	-64.968
1.425	-64.9676
1.45	-64.9671
1.475	-64.9667
1.5	-64.9663
1.525	-64.9659
1.55	-64.9655
1.575	-64.9651
1.6	-64.9647
1.625	-64.9643
1.65	-64.9639
1.675	-64.9635
1.7	-64.9631
1.725	-64.9628
1.75	-64.9624
1.775	-64.962
1.8	-64.9617
1.825	-64.9613
1.85	-64.961
1.875	-64.9606
1.9	-64.9603
1.925	-64.9599
1.95	-64.9596
1.975	-64.9593
2	-64.959
2.025	-64.9586
2.05	-64.9583
2.075	-64.958
2.1	-64.9577
2.125	-64.9574
2.15	-64.9571
2.175	-64.9568
2.2	-64.9565
2.225	-64.9563
2.25	-64.956
2.275	-64.9557
2.3	-64.9555
2.325	-64.9552
2.35	-64.9549
2.375	-64.9547
2.4	-64.9544
2.425	-64.9542
2.45	-64.9539
2.475	-64.9537
2.5	-64.9535
2.525	-64.9533
2.55	-64.953
2.575	-64.9528
2.6	-64.9526
2.625	-64.9524
2.65	-64.9522
2.675	-64.952
2.7	-64.9518
2.725	-64.9516
2.75	-64.9514
2.775	-64.9512
2.8	-64.9511
2.825	-64.9509
2.85	-64.9507
2.875	-64.9505
2.9	-64.9504
2.925	-64.9502
2.95	-64.9501
2.975	-64.9499
3	-64.9498
3.025	-64.9496
3.05	-64.9495
3.075	-64.9494
3.1	-64.9492
3.125	-64.9491
3.15	-64.949
3.175	-64.9489
3.2	-64.9488
3.225	-64.9487
3.25	-64.9486
3.275	-64.9485
3.3	-64.9484
3.325	-64.9483
3.35	-64.9482
3.375	-64.9481
3.4	-64.948
3.425	-64.9479
3.45	-64.9478
3.475	-64.9478
3.5	-64.9477
3.525	-64.9476
3.55	-64.9476
3.575	-64.9475
3.6	-64.9475
3.625	-64.9474
3.65	-64.9474
3.675	-64.9473
3.7	-64.9473
3.725	-64.9473
3.75	-64.9472
3.775	-64.9472
3.8	-64.9472
3.825	-64.9471
3.85	-64.9471
3.875	-64.9471
3.9	-64.9471
3.925	-64.9471
3.95	-64.9471
3.975	-64.9471
4	-64.9471
4.025	-64.9471
4.05	-64.9471
4.075	-64.9471
4.1	-64.9471
4.125	-64.9471
4.15	-64.9471
4.175	-64.9471
4.2	-64.9472
4.225	-64.9472
4.25	-64.9472
4.275	-64.9472
4.3	-64.9473
4.325	-64.9473
4.35	-64.9473
4.375	-64.9474
4.4	-64.9474
4.425	-64.9475
4.45	-64.9475
4.475	-64.9476
4.5	-64.9476
4.525	-64.9477
4.55	-64.9477
4.575	-64.9478
4.6	-64.9479
4.625	-64.9479
4.65	-64.948
4.675	-64.9481
4.7	-64.9481
4.725	-64.9482
4.75	-64.9483
4.775	-64.9484
4.8	-64.9485
4.825	-64.9485
4.85	-64.9486
4.875	-64.9487
4.9	-64.9488
4.925	-64.9489
4.95	-64.949
4.975	-64.9491
5	-64.9492
5.025	-64.9493
5.05	-64.9494
5.075	-64.9495
5.1	-64.9496
5.125	-64.9497
5.15	-64.9498
5.175	-64.9499
5.2	-64.95
5.225	-64.9501
5.25	-64.9503
5.275	-64.9504
5.3	-64.9505
5.325	-64.9506
5.35	-64.9507
5.375	-64.9508
5.4	-64.951
5.425	-64.9511
5.45	-64.9512
5.475	-64.9513
5.5	-64.9515
5.525	-64.9516
5.55	-64.9517
5.575	-64.9519
5.6	-64.952
5.625	-64.9521
5.65	-64.9523
5.675	-64.9524
5.7	-64.9526
5.725	-64.9527
5.75	-64.9528
5.775	-64.953
5.8	-64.9531
5.825	-64.9533
5.85	-64.9534
5.875	-64.9536
5.9	-64.9537
5.925	-64.9539
5.95	-64.954
5.975	-64.9541
6	-64.9543
6.025	-64.9544
6.05	-64.9546
6.075	-64.9548
6.1	-64.9549
6.125	-64.9551
6.15	-64.9552
6.175	-64.9554
6.2	-64.9555
6.225	-64.9557
6.25	-64.9558
6.275	-64.956
6.3	-64.9562
6.325	-64.9563
6.35	-64.9565
6.375	-64.9566
6.4	-64.9568
6.425	-64.957
6.45	-64.9571
6.475	-64.9573
6.5	-64.9574
6.525	-64.9576
6.55	-64.9578
6.575	-64.9579
6.6	-64.9581
6.625	-64.9582
6.65	-64.9584
6.675	-64.9586
6.7	-64.9587
6.725	-64.9589
6.75	-64.9591
6.775	-64.9592
6.8	-64.9594
6.825	-64.9596
6.85	-64.9597
6.875	-64.9599
6.9	-64.96
6.925	-64.9602
6.95	-64.9604
6.975	-64.9605
7	-64.9607
7.025	-64.9609
7.05	-64.961
7.075	-64.9612
7.1	-64.9614
7.125	-64.9615
7.15	-64.9617
7.175	-64.9618
7.2	-64.962
7.225	-64.9622
7.25	-64.9623
7.275	-64.9625
7.3	-64.9627
7.325	-64.9628
7.35	-64.963
7.375	-64.9631
7.4	-64.9633
7.425	-64.9635
7.45	-64.9636
7.475	-64.9638
7.5	-64.9639
7.525	-64.9641
7.55	-64.9642
7.575	-64.9644
7.6	-64.9646
7.625	-64.9647
7.65	-64.9649
7.675	-64.965
7.7	-64.9652
7.725	-64.9653
7.75	-64.9655
7.775	-64.9657
7.8	-64.9658
7.825	-64.966
7.85	-64.9661
7.875	-64.9663
7.9	-64.9664
7.925	-64.9666
7.95	-64.9667
7.975	-64.9669
8	-64.967
8.025	-64.9672
8.05	-64.9673
8.075	-64.9675
8.1	-64.9676
8.125	-64.9677
8.15	-64.9679
8.175	-64.968
8.2	-64.9682
8.225	-64.9683
8.25	-64.9685
8.275	-64.9686
8.3	-64.9687
8.325	-64.9689
8.35	-64.969
8.375	-64.9691
8.4	-64.9693
8.425	-64.9694
8.45	-64.9696
8.475	-64.9697
8.5	-64.9698
8.525	-64.97
8.55	-64.9701
8.575	-64.9702
8.6	-64.9704
8.625	-64.9705
8.65	-64.9706
8.675	-64.9707
8.7	-64.9709
8.725	-64.971
8.75	-64.9711
8.775	-64.9712
8.8	-64.9714
8.825	-64.9715
8.85	-64.9716
8.875	-64.9717
8.9	-64.9718
8.925	-64.972
8.95	-64.9721
8.975	-64.9722
9	-64.9723
9.025	-64.9724
9.05	-64.9725
9.075	-64.9727
9.1	-64.9728
9.125	-64.9729
9.15	-64.973
9.175	-64.9731
9.2	-64.9732
9.225	-64.9733
9.25	-64.9734
9.275	-64.9735
9.3	-64.9736
9.325	-64.9737
9.35	-64.9738
9.375	-64.9739
9.4	-64.974
9.425	-64.9741
9.45	-64.9742
9.475	-64.9743
9.5	-64.9744
9.525	-64.9745
9.55	-64.9746
9.575	-64.9747
9.6	-64.9748
9.625	-64.9749
9.65	-64.975
9.675	-64.9751
9.7	-64.9751
9.725	-64.9752
9.75	-64.9753
9.775	-64.9754
9.8	-64.9755
9.825	-64.9756
9.85	-64.9757
9.875	-64.9757
9.9	-64.9758
9.925	-64.9759
9.95	-64.976
9.975	-64.976
10	-64.9761
10.025	-64.9762
10.05	-64.9763
10.075	-64.9763
10.1	-64.9764
10.125	-64.9765
10.15	-64.9766
10.175	-64.9766
10.2	-64.9767
10.225	-64.9768
10.25	-64.9768
10.275	-64.9769
10.3	-64.977
10.325	-64.977
10.35	-64.9771
10.375	-64.9771
10.4	-64.9772
10.425	-64.9773
10.45	-64.9773
10.475	-64.9774
10.5	-64.9774
10.525	-64.9775
10.55	-64.9775
10.575	-64.9776
10.6	-64.9776
10.625	-64.9777
10.65	-64.9777
10.675	-64.9778
10.7	-64.9778
10.725	-64.9779
10.75	-64.9779
10.775	-64.978
10.8	-64.978
10.825	-64.9781
10.85	-64.9781
10.875	-64.9781
10.9	-64.9782
10.925	-64.9782
10.95	-64.9783
10.975	-64.9783
11	-64.9783
11.025	-64.9784
11.05	-64.9784
11.075	-64.9785
11.1	-64.9785
11.125	-64.9785
11.15	-64.9785
11.175	-64.9786
11.2	-64.9786
11.225	-64.9786
11.25	-64.9787
11.275	-64.9787
11.3	-64.9787
11.325	-64.9787
11.35	-64.9788
11.375	-64.9788
11.4	-64.9788
11.425	-64.9788
11.45	-64.9789
11.475	-64.9789
11.5	-64.9789
11.525	-64.9789
11.55	-64.9789
11.575	-64.979
11.6	-64.979
11.625	-64.979
11.65	-64.979
11.675	-64.979
11.7	-64.979
11.725	-64.9791
11.75	-64.9791
11.775	-64.9791
11.8	-64.9791
11.825	-64.9791
11.85	-64.9791
11.875	-64.9791
11.9	-64.9791
11.925	-64.9791
11.95	-64.9791
11.975	-64.9791
12	-64.9792
12.025	-64.9792
12.05	-64.9792
12.075	-64.9792
12.1	-64.9792
12.125	-64.9792
12.15	-64.9792
12.175	-64.9792
12.2	-64.9792
12.225	-64.9792
12.25	-64.9792
12.275	-64.9792
12.3	-64.9792
12.325	-64.9792
12.35	-64.9792
12.375	-64.9792
12.4	-64.9791
12.425	-64.9791
12.45	-64.9791
12.475	-64.9791
12.5	-64.9791
12.525	-64.9791
12.55	-64.9791
12.575	-64.9791
12.6	-64.9791
12.625	-64.9791
12.65	-64.9791
12.675	-64.9791
12.7	-64.979
12.725	-64.979
12.75	-64.979
12.775	-64.979
12.8	-64.979
12.825	-64.979
12.85	-64.979
12.875	-64.979
12.9	-64.9789
12.925	-64.9789
12.95	-64.9789
12.975	-64.9789
13	-64.9789
13.025	-64.9789
13.05	-64.9788
13.075	-64.9788
13.1	-64.9788
13.125	-64.9788
13.15	-64.9788
13.175	-64.9787
13.2	-64.9787
13.225	-64.9787
13.25	-64.9787
13.275	-64.9787
13.3	-64.9786
13.325	-64.9786
13.35	-64.9786
13.375	-64.9786
13.4	-64.9785
13.425	-64.9785
13.45	-64.9785
13.475	-64.9785
13.5	-64.9784
13.525	-64.9784
13.55	-64.9784
13.575	-64.9784
13.6	-64.9783
13.625	-64.9783
13.65	-64.9783
13.675	-64.9783
13.7	-64.9782
13.725	-64.9782
13.75	-64.9782
13.775	-64.9782
13.8	-64.9781
13.825	-64.9781
13.85	-64.9781
13.875	-64.978
13.9	-64.978
13.925	-64.978
13.95	-64.9779
13.975	-64.9779
14	-64.9779
14.025	-64.9779
14.05	-64.9778
14.075	-64.9778
14.1	-64.9778
14.125	-64.9777
14.15	-64.9777
14.175	-64.9777
14.2	-64.9776
14.225	-64.9776
14.25	-64.9776
14.275	-64.9775
14.3	-64.9775
14.325	-64.9775
14.35	-64.9775
14.375	-64.9774
14.4	-64.9774
14.425	-64.9774
14.45	-64.9773
14.475	-64.9773
14.5	-64.9773
14.525	-64.9772
14.55	-64.9772
14.575	-64.9772
14.6	-64.9771
14.625	-64.9771
14.65	-64.9771
14.675	-64.977
14.7	-64.977
14.725	-64.977
14.75	-64.9769
14.775	-64.9769
14.8	-64.9769
14.825	-64.9768
14.85	-64.9768
14.875	-64.9768
14.9	-64.9767
14.925	-64.9767
14.95	-64.9766
14.975	-64.9766
15	-64.9766
15.025	-64.9765
15.05	-64.9765
15.075	-64.9765
15.1	-64.9764
15.125	-64.9764
15.15	-64.9764
15.175	-64.9763
15.2	-64.9763
15.225	-64.9763
15.25	-64.9762
15.275	-64.9762
15.3	-64.9762
15.325	-64.9761
15.35	-64.9761
15.375	-64.9761
15.4	-64.976
15.425	-64.976
15.45	-64.976
15.475	-64.9759
15.5	-64.9759
15.525	-64.9759
15.55	-64.9758
15.575	-64.9758
15.6	-64.9758
15.625	-64.9757
15.65	-64.9757
15.675	-64.9757
15.7	-64.9756
15.725	-64.9756
15.75	-64.9756
15.775	-64.9755
15.8	-64.9755
15.825	-64.9755
15.85	-64.9754
15.875	-64.9754
15.9	-64.9754
15.925	-64.9753
15.95	-64.9753
15.975	-64.9753
16	-64.9752
16.025	-64.9752
16.05	-64.9752
16.075	-64.9752
16.1	-64.9751
16.125	-64.9751
16.15	-64.9751
16.175	-64.975
16.2	-64.975
16.225	-64.975
16.25	-64.9749
16.275	-64.9749
16.3	-64.9749
16.325	-64.9748
16.35	-64.9748
16.375	-64.9748
16.4	-64.9748
16.425	-64.9747
16.45	-64.9747
16.475	-64.9747
16.5	-64.9746
16.525	-64.9746
16.55	-64.9746
16.575	-64.9746
16.6	-64.9745
16.625	-64.9745
16.65	-64.9745
16.675	-64.9744
16.7	-64.9744
16.725	-64.9744
16.75	-64.9744
16.775	-64.9743
16.8	-64.9743
16.825	-64.9743
16.85	-64.9742
16.875	-64.9742
16.9	-64.9742
16.925	-64.9742
16.95	-64.9741
16.975	-64.9741
17	-64.9741
17.025	-64.9741
17.05	-64.974
17.075	-64.974
17.1	-64.974
17.125	-64.974
17.15	-64.9739
17.175	-64.9739
17.2	-64.9739
17.225	-64.9739
17.25	-64.9738
17.275	-64.9738
17.3	-64.9738
17.325	-64.9738
17.35	-64.9738
17.375	-64.9737
17.4	-64.9737
17.425	-64.9737
17.45	-64.9737
17.475	-64.9736
17.5	-64.9736
17.525	-64.9736
17.55	-64.9736
17.575	-64.9736
17.6	-64.9735
17.625	-64.9735
17.65	-64.9735
17.675	-64.9735
17.7	-64.9735
17.725	-64.9734
17.75	-64.9734
17.775	-64.9734
17.8	-64.9734
17.825	-64.9734
17.85	-64.9733
17.875	-64.9733
17.9	-64.9733
17.925	-64.9733
17.95	-64.9733
17.975	-64.9733
18	-64.9732
18.025	-64.9732
18.05	-64.9732
18.075	-64.9732
18.1	-64.9732
18.125	-64.9732
18.15	-64.9731
18.175	-64.9731
18.2	-64.9731
18.225	-64.9731
18.25	-64.9731
18.275	-64.9731
18.3	-64.973
18.325	-64.973
18.35	-64.973
18.375	-64.973
18.4	-64.973
18.425	-64.973
18.45	-64.973
18.475	-64.9729
18.5	-64.9729
18.525	-64.9729
18.55	-64.9729
18.575	-64.9729
18.6	-64.9729
18.625	-64.9729
18.65	-64.9729
18.675	-64.9729
18.7	-64.9728
18.725	-64.9728
18.75	-64.9728
18.775	-64.9728
18.8	-64.9728
18.825	-64.9728
18.85	-64.9728
18.875	-64.9728
18.9	-64.9728
18.925	-64.9727
18.95	-64.9727
18.975	-64.9727
19	-64.9727
19.025	-64.9727
19.05	-64.9727
19.075	-64.9727
19.1	-64.9727
19.125	-64.9727
19.15	-64.9727
19.175	-64.9727
19.2	-64.9727
19.225	-64.9726
19.25	-64.9726
19.275	-64.9726
19.3	-64.9726
19.325	-64.9726
19.35	-64.9726
19.375	-64.9726
19.4	-64.9726
19.425	-64.9726
19.45	-64.9726
19.475	-64.9726
19.5	-64.9726
19.525	-64.9726
19.55	-64.9726
19.575	-64.9726
19.6	-64.9726
19.625	-64.9725
19.65	-64.9725
19.675	-64.9725
19.7	-64.9725
19.725	-64.9725
19.75	-64.9725
19.775	-64.9725
19.8	-64.9725
19.825	-64.9725
19.85	-64.9725
19.875	-64.9725
19.9	-64.9725
19.925	-64.9725
19.95	-64.9725
19.975	-64.9725
20	-64.9725
20.025	-64.9713
20.05	-64.9714
20.075	-64.9709
20.1	-64.9708
20.125	-64.9709
20.15	-64.9709
20.175	-64.9703
20.2	-64.9694
20.225	-64.9694
20.25	-64.9694
20.275	-64.9684
20.3	-64.9681
20.325	-64.9682
20.35	-64.9682
20.375	-64.9674
20.4	-64.9674
20.425	-64.9674
20.45	-64.9674
20.475	-64.9667
20.5	-64.9666
20.525	-64.9659
20.55	-64.966
20.575	-64.9659
20.6	-64.966
20.625	-64.9661
20.65	-64.9661
20.675	-64.9662
20.7	-64.9663
20.725	-64.9663
20.75	-64.9664
20.775	-64.9664
20.8	-64.9663
20.825	-64.9663
20.85	-64.9663
20.875	-64.9653
20.9	-64.9654
20.925	-64.9653
20.95	-64.9653
20.975	-64.9653
21	-64.9654
21.025	-64.9647
21.05	-64.9648
21.075	-64.9649
21.1	-64.965
21.125	-64.9649
21.15	-64.965
21.175	-64.9648
21.2	-64.9641
21.225	-64.9642
21.25	-64.964
21.275	-64.9641
21.3	-64.9639
21.325	-64.9641
21.35	-64.9636
21.375	-64.9637
21.4	-64.963
21.425	-64.9629
21.45	-64.963
21.475	-64.9622
21.5	-64.9618
21.525	-64.9619
21.55	-64.962
21.575	-64.9614
21.6	-64.9615
21.625	-64.9616
21.65	-64.9613
21.675	-64.9612
21.7	-64.9613
21.725	-64.9614
21.75	-64.9615
21.775	-64.961
21.8	-64.9611
21.825	-64.9607
21.85	-64.9599
21.875	-64.959
21.9	-64.9582
21.925	-64.9572
21.95	-64.9566
21.975	-64.9569
22	-64.956
22.025	-64.9562
22.05	-64.9564
22.075	-64.9563
22.1	-64.9565
22.125	-64.9565
22.15	-64.9566
22.175	-64.9567
22.2	-64.956
22.225	-64.9559
22.25	-64.9555
22.275	-64.9557
22.3	-64.9559
22.325	-64.9562
22.35	-64.9563
22.375	-64.9565
22.4	-64.9567
22.425	-64.9568
22.45	-64.9564
22.475	-64.9583
22.5	-64.9573
22.525	-64.9572
22.55	-64.9574
22.575	-64.9575
22.6	-64.9577
22.625	-64.9579
22.65	-64.9581
22.675	-64.9583
22.7	-64.9583
22.725	-64.9586
22.75	-64.9583
22.775	-64.9577
22.8	-64.9578
22.825	-64.9511
22.85	-64.9508
22.875	-64.9508
22.9	-64.9508
22.925	-64.9511
22.95	-64.9507
22.975	-64.9509
23	-64.9504
23.025	-64.9503
23.05	-64.9496
23.075	-64.9499
23.1	-64.9501
23.125	-64.9504
23.15	-64.9506
23.175	-64.9509
23.2	-64.9512
23.225	-64.9508
23.25	-64.9515
23.275	-64.952
23.3	-64.951
23.325	-64.9517
23.35	-64.9515
23.375	-64.9518
23.4	-64.9521
23.425	-64.9522
23.45	-64.9518
23.475	-64.9521
23.5	-64.952
23.525	-64.9511
23.55	-64.9514
23.575	-64.9516
23.6	-64.9519
23.625	-64.9521
23.65	-64.9519
23.675	-64.9526
23.7	-64.952
23.725	-64.9514
23.75	-64.9515
23.775	-64.952
23.8	-64.9517
23.825	-64.9516
23.85	-64.9425
23.875	-64.9423
23.9	-64.9428
23.925	-64.9434
23.95	-64.9438
23.975	-64.9433
24	-64.9426
24.025	-64.9425
24.05	-64.9429
24.075	-64.9424
24.1	-64.9424
24.125	-64.9434
24.15	-64.9438
24.175	-64.9442
24.2	-64.9443
24.225	-64.9439
24.25	-64.9443
24.275	-64.9436
24.3	-64.944
24.325	-64.944
24.35	-64.9443
24.375	-64.9437
24.4	-64.9441
24.425	-64.945
24.45	-64.9452
24.475	-64.9459
24.5	-64.9463
24.525	-64.9455
24.55	-64.9458
24.575	-64.9462
24.6	-64.9465
24.625	-64.9468
24.65	-64.9472
24.675	-64.9471
24.7	-64.9474
24.725	-64.9479
24.75	-64.9475
24.775	-64.9475
24.8	-64.9479
24.825	-64.9483
24.85	-64.9482
24.875	-64.9486
24.9	-64.949
24.925	-64.9489
24.95	-64.9492
24.975	-64.9495
25	-64.9497
25.025	-64.9488
25.05	-64.9492
25.075	-64.9493
25.1	-64.9494
25.125	-64.9484
25.15	-64.9481
25.175	-64.9468
25.2	-64.9468
25.225	-64.946
25.25	-64.9464
25.275	-64.9468
25.3	-64.9468
25.325	-64.9461
25.35	-64.9466
25.375	-64.947
25.4	-64.9461
25.425	-64.9465
25.45	-64.9458
25.475	-64.9461
25.5	-64.9449
25.525	-64.9454
25.55	-64.9458
25.575	-64.9462
25.6	-64.9468
25.625	-64.9473
25.65	-64.9466
25.675	-64.947
25.7	-64.9474
25.725	-64.9479
25.75	-64.9483
25.775	-64.9487
25.8	-64.9492
25.825	-64.9484
25.85	-64.9483
25.875	-64.9478
25.9	-64.9483
25.925	-64.9486
25.95	-64.9478
25.975	-64.9473
26	-64.9464
26.025	-64.9469
26.05	-64.9474
26.075	-64.9479
26.1	-64.9473
26.125	-64.9464
26.15	-64.9469
26.175	-64.9471
26.2	-64.9471
26.225	-64.9463
26.25	-64.9461
26.275	-64.9466
26.3	-64.9471
26.325	-64.9471
26.35	-64.9444
26.375	-64.9448
26.4	-64.9446
26.425	-64.9451
26.45	-64.9456
26.475	-64.9446
26.5	-64.945
26.525	-64.9448
26.55	-64.9453
26.575	-64.9457
26.6	-64.9462
26.625	-64.9467
26.65	-64.9467
26.675	-64.9472
26.7	-64.9476
26.725	-64.9469
26.75	-64.9461
26.775	-64.9464
26.8	-64.9469
26.825	-64.9472
26.85	-64.9474
26.875	-64.947
26.9	-64.9465
26.925	-64.947
26.95	-64.9475
26.975	-64.9473
27	-64.948
27.025	-64.9485
27.05	-64.9479
27.075	-64.9475
27.1	-64.948
27.125	-64.9476
27.15	-64.9521
27.175	-64.9525
27.2	-64.953
27.225	-64.952
27.25	-64.9519
27.275	-64.952
27.3	-64.9525
27.325	-64.9537
27.35	-64.9541
27.375	-64.9546
27.4	-64.955
27.425	-64.9573
27.45	-64.9577
27.475	-64.9581
27.5	-64.9584
27.525	-64.9587
27.55	-64.9591
27.575	-64.959
27.6	-64.9581
27.625	-64.9585
27.65	-64.9585
27.675	-64.9581
27.7	-64.9575
27.725	-64.9579
27.75	-64.9582
27.775	-64.9573
27.8	-64.9572
27.825	-64.9566
27.85	-64.957
27.875	-64.9564
27.9	-64.9564
27.925	-64.9565
27.95	-64.9557
27.975	-64.9562
28	-64.9562
28.025	-64.9553
28.05	-64.9534
28.075	-64.9539
28.1	-64.9543
28.125	-64.9545
28.15	-64.955
28.175	-64.9555
28.2	-64.956
28.225	-64.9565
28.25	-64.9565
28.275	-64.9569
28.3	-64.9574
28.325	-64.9578
28.35	-64.9569
28.375	-64.9562
28.4	-64.9567
28.425	-64.9572
28.45	-64.9576
28.475	-64.9581
28.5	-64.9585
28.525	-64.9584
28.55	-64.9588
28.575	-64.9593
28.6	-64.9584
28.625	-64.9584
28.65	-64.9575
28.675	-64.9574
28.7	-64.9566
28.725	-64.9571
28.75	-64.9577
28.775	-64.9582
28.8	-64.9586
28.825	-64.9589
28.85	-64.9594
28.875	-64.9431
28.9	-64.9434
28.925	-64.9426
28.95	-64.9432
28.975	-64.9426
29	-64.9426
29.025	-64.9432
29.05	-64.9439
29.075	-64.9445
29.1	-64.9451
29.125	-64.9457
29.15	-64.9464
29.175	-64.9458
29.2	-64.9466
29.225	-64.9465
29.25	-64.9463
29.275	-64.9464
29.3	-64.9469
29.325	-64.9464
29.35	-64.9471
29.375	-64.9476
29.4	-64.9482
29.425	-64.9474
29.45	-64.9467
29.475	-64.9476
29.5	-64.9477
29.525	-64.9485
29.55	-64.949
29.575	-64.9486
29.6	-64.9489
29.625	-64.9511
29.65	-64.9531
29.675	-64.9578
29.7	-64.9577
29.725	-64.9581
29.75	-64.9578
29.775	-64.9582
29.8	-64.9573
29.825	-64.9574
29.85	-64.9573
29.875	-64.9577
29.9	-64.9569
29.925	-64.9574
29.95	-64.9578
29.975	-64.9584
30	-64.9579
30.025	-64.9585
30.05	-64.9576
30.075	-64.9581
30.1	-64.9585
30.125	-64.9589
30.15	-64.9594
30.175	-64.9609
30.2	-64.9611
30.225	-64.9609
30.25	-64.9616
30.275	-64.9607
30.3	-64.9612
30.325	-64.9603
30.35	-64.9605
30.375	-64.9609
30.4	-64.9602
30.425	-64.9571
30.45	-64.9576
30.475	-64.9562
30.5	-64.9566
30.525	-64.9557
30.55	-64.956
30.575	-64.9565
30.6	-64.957
30.625	-64.9575
30.65	-64.958
30.675	-64.9583
30.7	-64.9587
30.725	-64.9592
30.75	-64.9596
30.775	-64.9596
30.8	-64.9601
30.825	-64.9605
30.85	-64.961
30.875	-64.9609
30.9	-64.9614
30.925	-64.9605
30.95	-64.9599
30.975	-64.9589
31	-64.9584
31.025	-64.9588
31.05	-64.959
31.075	-64.9598
31.1	-64.9595
31.125	-64.9606
31.15	-64.9611
31.175	-64.9612
31.2	-64.9615
31.225	-64.9614
31.25	-64.9621
31.275	-64.9612
31.3	-64.9616
31.325	-64.9615
31.35	-64.962
31.375	-64.9624
31.4	-64.9634
31.425	-64.9633
31.45	-64.9639
31.475	-64.9637
31.5	-64.9641
31.525	-64.9648
31.55	-64.9652
31.575	-64.9654
31.6	-64.9659
31.625	-64.9663
31.65	-64.9667
31.675	-64.9671
31.7	-64.9668
31.725	-64.9666
31.75	-64.967
31.775	-64.9674
31.8	-64.9664
31.825	-64.9667
31.85	-64.9668
31.875	-64.9672
31.9	-64.9676
31.925	-64.9669
31.95	-64.9673
31.975	-64.9681
32	-64.9661
32.025	-64.9661
32.05	-64.9618
32.075	-64.9623
32.1	-64.9627
32.125	-64.9624
32.15	-64.9617
32.175	-64.9622
32.2	-64.9626
32.225	-64.9624
32.25	-64.9627
32.275	-64.9632
32.3	-64.9636
32.325	-64.962
32.35	-64.9625
32.375	-64.9618
32.4	-64.9609
32.425	-64.9614
32.45	-64.9622
32.475	-64.9625
32.5	-64.9631
32.525	-64.9623
32.55	-64.9626
32.575	-64.963
32.6	-64.962
32.625	-64.9624
32.65	-64.9622
32.675	-64.9617
32.7	-64.9614
32.725	-64.9614
32.75	-64.9618
32.775	-64.9622
32.8	-64.9616
32.825	-64.962
32.85	-64.9625
32.875	-64.9629
32.9	-64.9624
32.925	-64.9628
32.95	-64.9625
32.975	-64.9629
33	-64.9627
33.025	-64.9624
33.05	-64.9629
33.075	-64.9636
33.1	-64.9637
33.125	-64.9636
33.15	-64.9619
33.175	-64.9615
33.2	-64.9614
33.225	-64.9615
33.25	-64.9616
33.275	-64.9609
33.3	-64.9692
33.325	-64.9695
33.35	-64.9697
33.375	-64.97
33.4	-64.9703
33.425	-64.9702
33.45	-64.9705
33.475	-64.9708
33.5	-64.9711
33.525	-64.971
33.55	-64.9713
33.575	-64.9712
33.6	-64.9711
33.625	-64.9714
33.65	-64.9716
33.675	-64.9716
33.7	-64.9719
33.725	-64.9716
33.75	-64.9707
33.775	-64.9699
33.8	-64.9703
33.825	-64.9694
33.85	-64.9737
33.875	-64.974
33.9	-64.9742
33.925	-64.9745
33.95	-64.9731
33.975	-64.9731
34	-64.9734
34.025	-64.9728
34.05	-64.9726
34.075	-64.9725
34.1	-64.9725
34.125	-64.9724
34.15	-64.9723
34.175	-64.9723
34.2	-64.9723
34.225	-64.9726
34.25	-64.9728
34.275	-64.9719
34.3	-64.9722
34.325	-64.9725
34.35	-64.9726
34.375	-64.9717
34.4	-64.972
34.425	-64.9724
34.45	-64.9727
34.475	-64.973
34.5	-64.9726
34.525	-64.9728
34.55	-64.9731
34.575	-64.973
34.6	-64.9722
34.625	-64.9754
34.65	-64.9748
34.675	-64.974
34.7	-64.9743
34.725	-64.9745
34.75	-64.9745
34.775	-64.9745
34.8	-64.9748
34.825	-64.9751
34.85	-64.9754
34.875	-64.9753
34.9	-64.9756
34.925	-64.9758
34.95	-64.9758
34.975	-64.976
35	-64.9762
35.025	-64.9764
35.05	-64.977
35.075	-64.9772
35.1	-64.9773
35.125	-64.9776
35.15	-64.9767
35.175	-64.9769
35.2	-64.9769
35.225	-64.9771
35.25	-64.9764
35.275	-64.9767
35.3	-64.9719
35.325	-64.9722
35.35	-64.9725
35.375	-64.9723
35.4	-64.9725
35.425	-64.9725
35.45	-64.9723
35.475	-64.9725
35.5	-64.9725
35.525	-64.9716
35.55	-64.9719
35.575	-64.9711
35.6	-64.9713
35.625	-64.9716
35.65	-64.9719
35.675	-64.9721
35.7	-64.9723
35.725	-64.9726
35.75	-64.9728
35.775	-64.9727
35.8	-64.9729
35.825	-64.9731
35.85	-64.9722
35.875	-64.9725
35.9	-64.9727
35.925	-64.9737
35.95	-64.9737
35.975	-64.9728
36	-64.973
36.025	-64.9725
36.05	-64.9727
36.075	-64.9729
36.1	-64.9726
36.125	-64.9722
36.15	-64.9722
36.175	-64.9724
36.2	-64.9726
36.225	-64.9395
36.25	-64.9389
36.275	-64.939
36.3	-64.9399
36.325	-64.9442
36.35	-64.9447
36.375	-64.9452
36.4	-64.9434
36.425	-64.9434
36.45	-64.944
36.475	-64.9444
36.5	-64.9448
36.525	-64.945
36.55	-64.9455
36.575	-64.9459
36.6	-64.9464
36.625	-64.9458
36.65	-64.9462
36.675	-64.9466
36.7	-64.9471
36.725	-64.947
36.75	-64.9464
36.775	-64.9469
36.8	-64.9469
36.825	-64.9464
36.85	-64.9465
36.875	-64.9462
36.9	-64.9466
36.925	-64.9471
36.95	-64.9467
36.975	-64.947
37	-64.9474
37.025	-64.9478
37.05	-64.9482
37.075	-64.9486
37.1	-64.9483
37.125	-64.9488
37.15	-64.9492
37.175	-64.9495
37.2	-64.95
37.225	-64.9504
37.25	-64.9507
37.275	-64.9511
37.3	-64.9514
37.325	-64.9518
37.35	-64.9522
37.375	-64.9525
37.4	-64.9527
37.425	-64.9521
37.45	-64.9526
37.475	-64.953
37.5	-64.9522
37.525	-64.9526
37.55	-64.953
37.575	-64.9529
37.6	-64.9533
37.625	-64.9525
37.65	-64.9529
37.675	-64.9519
37.7	-64.9522
37.725	-64.9526
37.75	-64.953
37.775	-64.9534
37.8	-64.943
37.825	-64.9348
37.85	-64.902
37.875	-64.8997
37.9	-64.9002
37.925	-64.899
37.95	-64.8975
37.975	-64.8965
38	-64.8961
38.025	-64.8953
38.05	-64.8952
38.075	-64.8956
38.1	-64.8956
38.125	-64.8956
38.15	-64.8963
38.175	-64.8953
38.2	-64.896
38.225	-64.8984
38.25	-64.8975
38.275	-64.8968
38.3	-64.8988
38.325	-64.8983
38.35	-64.899
38.375	-64.8999
38.4	-64.8998
38.425	-64.8996
38.45	-64.8994
38.475	-64.8988
38.5	-64.8994
38.525	-64.8992
38.55	-64.9001
38.575	-64.9009
38.6	-64.9028
38.625	-64.9036
38.65	-64.905
38.675	-64.9047
38.7	-64.9055
38.725	-64.9054
38.75	-64.9061
38.775	-64.9069
38.8	-64.9067
38.825	-64.9075
38.85	-64.9084
38.875	-64.9099
38.9	-64.9107
38.925	-64.9082
38.95	-64.9074
38.975	-64.907
39	-64.9066
39.025	-64.9075
39.05	-64.9073
39.075	-64.9074
39.1	-64.9083
39.125	-64.9098
39.15	-64.9107
39.175	-64.9105
39.2	-64.9105
39.225	-64.9114
39.25	-64.9137
39.275	-64.9146
39.3	-64.9148
39.325	-64.9156
39.35	-64.9163
39.375	-64.9171
39.4	-64.9163
39.425	-64.9155
39.45	-64.9164
39.475	-64.9168
39.5	-64.9164
39.525	-64.9183
39.55	-64.9188
39.575	-64.9197
39.6	-64.919
39.625	-64.92
39.65	-64.9207
39.675	-64.92
39.7	-64.9209
39.725	-64.9218
39.75	-64.9227
39.775	-64.9221
39.8	-64.923
39.825	-64.9243
39.85	-64.9252
39.875	-64.9261
39.9	-64.9261
39.925	-64.9169
39.95	-64.9179
39.975	-64.9193
40	-64.9191
40.025	-64.92
40.05	-64.921
40.075	-64.9219
40.1	-64.9214
40.125	-64.922
40.15	-64.923
40.175	-64.9234
40.2	-64.9244
40.225	-64.9319
40.25	-64.9317
40.275	-64.9319
40.3	-64.9326
40.325	-64.9335
40.35	-64.9343
40.375	-64.9407
40.4	-64.9415
40.425	-64.9396
40.45	-64.9395
40.475	-64.9405
40.5	-64.9407
40.525	-64.94
40.55	-64.9406
40.575	-64.9415
40.6	-64.9423
40.625	-64.9431
40.65	-64.944
40.675	-64.9448
40.7	-64.9455
40.725	-64.9463
40.75	-64.9456
40.775	-64.9464
40.8	-64.9472
40.825	-64.9481
40.85	-64.9489
40.875	-64.9494
40.9	-64.9494
40.925	-64.9495
40.95	-64.9504
40.975	-64.9485
41	-64.9493
41.025	-64.9501
41.05	-64.9491
41.075	-64.9492
41.1	-64.9502
41.125	-64.9501
41.15	-64.9497
41.175	-64.9488
41.2	-64.9496
41.225	-64.9503
41.25	-64.9511
41.275	-64.9519
41.3	-64.9526
41.325	-64.9582
41.35	-64.9587
41.375	-64.9594
41.4	-64.9601
41.425	-64.9605
41.45	-64.9599
41.475	-64.9606
41.5	-64.9624
41.525	-64.9627
41.55	-64.9635
41.575	-64.9627
41.6	-64.9634
41.625	-64.9626
41.65	-64.9623
41.675	-64.963
41.7	-64.9637
41.725	-64.9643
41.75	-64.965
41.775	-64.9657
41.8	-64.965
41.825	-64.9652
41.85	-64.9642
41.875	-64.9649
41.9	-64.9673
41.925	-64.968
41.95	-64.9621
41.975	-64.9607
42	-64.9615
42.025	-64.9602
42.05	-64.9609
42.075	-64.9616
42.1	-64.9623
42.125	-64.963
42.15	-64.9639
42.175	-64.9648
42.2	-64.9647
42.225	-64.9642
42.25	-64.9699
42.275	-64.9691
42.3	-64.9689
42.325	-64.9692
42.35	-64.9686
42.375	-64.9698
42.4	-64.9702
42.425	-64.9693
42.45	-64.97
42.475	-64.9659
42.5	-64.9665
42.525	-64.9659
42.55	-64.9666
42.575	-64.9664
42.6	-64.967
42.625	-64.9674
42.65	-64.9678
42.675	-64.9689
42.7	-64.9681
42.725	-64.9687
42.75	-64.9692
42.775	-64.9697
42.8	-64.9703
42.825	-64.9703
42.85	-64.9702
42.875	-64.9707
42.9	-64.9711
42.925	-64.9717
42.95	-64.9713
42.975	-64.9703
43	-64.9708
43.025	-64.9708
43.05	-64.9709
43.075	-64.9715
43.1	-64.972
43.125	-64.9726
43.15	-64.9733
43.175	-64.9738
43.2	-64.9743
43.225	-64.9746
43.25	-64.9747
43.275	-64.9752
43.3	-64.9751
43.325	-64.9756
43.35	-64.9764
43.375	-64.9758
43.4	-64.9749
43.425	-64.9754
43.45	-64.9761
43.475	-64.9757
43.5	-64.9762
43.525	-64.9752
43.55	-64.9757
43.575	-64.9754
43.6	-64.9759
43.625	-64.9743
43.65	-64.9743
43.675	-64.9748
43.7	-64.9747
43.725	-64.9751
43.75	-64.9747
43.775	-64.9748
43.8	-64.9753
43.825	-64.9749
43.85	-64.9754
43.875	-64.9752
43.9	-64.9756
43.925	-64.9756
43.95	-64.9759
43.975	-64.9764
44	-64.9768
44.025	-64.9772
44.05	-64.9767
44.075	-64.9751
44.1	-64.9756
44.125	-64.976
44.15	-64.9758
44.175	-64.9762
44.2	-64.9767
44.225	-64.977
44.25	-64.9772
44.275	-64.9774
44.3	-64.9778
44.325	-64.9764
44.35	-64.9768
44.375	-64.9767
44.4	-64.9772
44.425	-64.9776
44.45	-64.9767
44.475	-64.977
44.5	-64.9762
44.525	-64.9758
44.55	-64.9751
44.575	-64.9755
44.6	-64.9759
44.625	-64.9775
44.65	-64.9776
44.675	-64.978
44.7	-64.9784
44.725	-64.9782
44.75	-64.9777
44.775	-64.9773
44.8	-64.9777
44.825	-64.9773
44.85	-64.9718
44.875	-64.9694
44.9	-64.9695
44.925	-64.97
44.95	-64.9705
44.975	-64.9704
45	-64.9709
45.025	-64.9713
45.05	-64.9715
45.075	-64.9718
45.1	-64.9718
45.125	-64.9717
45.15	-64.9717
45.175	-64.972
45.2	-64.9724
45.225	-64.9728
45.25	-64.972
45.275	-64.9723
45.3	-64.9727
45.325	-64.9731
45.35	-64.9733
45.375	-64.9728
45.4	-64.9731
45.425	-64.9735
45.45	-64.973
45.475	-64.9729
45.5	-64.9732
45.525	-64.9858
45.55	-64.9859
45.575	-64.9851
45.6	-64.9852
45.625	-64.9854
45.65	-64.9854
45.675	-64.9848
45.7	-64.9847
45.725	-64.985
45.75	-64.9841
45.775	-64.9843
45.8	-64.9845
45.825	-64.9838
45.85	-64.9836
45.875	-64.9838
45.9	-64.9833
45.925	-64.9835
45.95	-64.9831
45.975	-64.9833
46	-64.9833
46.025	-64.9836
46.05	-64.9838
46.075	-64.9834
46.1	-64.9836
46.125	-64.9836
46.15	-64.9838
46.175	-64.9838
46.2	-64.984
46.225	-64.9842
46.25	-64.9844
46.275	-64.9848
46.3	-64.985
46.325	-64.9851
46.35	-64.9854
46.375	-64.9853
46.4	-64.9855
46.425	-64.9857
46.45	-64.9858
46.475	-64.9857
46.5	-64.9865
46.525	-64.9866
46.55	-64.986
46.575	-64.9862
46.6	-64.9863
46.625	-64.9855
46.65	-64.9857
46.675	-64.986
46.7	-64.9848
46.725	-64.9847
46.75	-64.9847
46.775	-64.9848
46.8	-64.9846
46.825	-64.9848
46.85	-64.9837
46.875	-64.9829
46.9	-64.9829
46.925	-64.9819
46.95	-64.981
46.975	-64.9807
47	-64.9809
47.025	-64.9809
47.05	-64.9811
47.075	-64.9806
47.1	-64.9808
47.125	-64.9801
47.15	-64.98
47.175	-64.9792
47.2	-64.9794
47.225	-64.9787
47.25	-64.9789
47.275	-64.9791
47.3	-64.9791
47.325	-64.9787
47.35	-64.9789
47.375	-64.979
47.4	-64.9787
47.425	-64.9788
47.45	-64.9787
47.475	-64.9785
47.5	-64.9787
47.525	-64.9788
47.55	-64.979
47.575	-64.979
47.6	-64.979
47.625	-64.9791
47.65	-64.9792
47.675	-64.979
47.7	-64.9791
47.725	-64.9792
47.75	-64.9793
47.775	-64.9794
47.8	-64.9794
47.825	-64.9792
47.85	-64.9784
47.875	-64.9785
47.9	-64.9776
47.925	-64.9767
47.95	-64.9759
47.975	-64.966
48	-64.9624
48.025	-64.9611
48.05	-64.9561
48.075	-64.954
48.1	-64.9518
48.125	-64.95
48.15	-64.9485
48.175	-64.9485
48.2	-64.9476
48.225	-64.9472
48.25	-64.9478
48.275	-64.9476
48.3	-64.9477
48.325	-64.9478
48.35	-64.9479
48.375	-64.9474
48.4	-64.9477
48.425	-64.948
48.45	-64.9482
48.475	-64.9475
48.5	-64.9478
48.525	-64.9481
48.55	-64.9477
48.575	-64.948
48.6	-64.9484
48.625	-64.9482
48.65	-64.9486
48.675	-64.9493
48.7	-64.9493
48.725	-64.9483
48.75	-64.9481
48.775	-64.948
48.8	-64.9483
48.825	-64.9493
48.85	-64.9485
48.875	-64.9476
48.9	-64.9466
48.925	-64.947
48.95	-64.9474
48.975	-64.9481
49	-64.9471
49.025	-64.9466
49.05	-64.9471
49.075	-64.9474
49.1	-64.9466
49.125	-64.9469
49.15	-64.9474
49.175	-64.9459
49.2	-64.9476
49.225	-64.9415
49.25	-64.9366
49.275	-64.933
49.3	-64.9304
49.325	-64.9285
49.35	-64.9286
49.375	-64.9277
49.4	-64.9267
49.425	-64.9263
49.45	-64.9262
49.475	-64.9263
49.5	-64.9265
49.525	-64.9268
49.55	-64.9259
49.575	-64.9263
49.6	-65.1372
49.625	-65.5255
49.65	-65.8203
49.675	-66.3576
49.7	-59.6244
49.725	-58.4038
49.75	-59.3816
49.775	-60.3829
49.8	-61.3688
49.825	-62.3335
49.85	-62.5852
49.875	-63.5259
49.9	-64.5082
49.925	-64.6516
49.95	-71.9248
49.975	-72.4968
50	-73.0342
50.025	-73.5882
50.05	-73.5125
50.075	-73.5492
50.1	-72.6828
50.125	-89.554
50.15	-89.4525
50.175	-89.418
50.2	-89.5184
50.225	-89.4217
50.25	-89.3551
50.275	-89.2911
50.3	-89.2106
50.325	-89.7399
50.35	-89.6438
50.375	-89.5423
50.4	-89.4407
50.425	-89.4155
50.45	-89.3333
50.475	-89.3098
50.5	-89.2337
50.525	-89.2395
50.55	-89.1743
50.575	-89.1017
50.6	-89.0356
50.625	-88.9751
50.65	-88.9109
50.675	-88.8567
50.7	-88.8671
50.725	-88.9542
50.75	-88.9912
50.775	-89.1333
50.8	-89.3731
50.825	-89.6597
50.85	-89.9296
50.875	-90.2452
50.9	-90.6587
50.925	-90.9572
50.95	-90.6238
50.975	-90.7003
51	-91.2563
51.025	-91.5806
51.05	-91.9931
51.075	-92.3747
51.1	-92.7269
51.125	-93.0631
51.15	-93.3615
51.175	-93.7148
51.2	-93.8423
51.225	-93.8697
51.25	-94.1289
51.275	-93.7664
51.3	-94.0726
51.325	-94.1133
51.35	-94.1304
51.375	-94.4289
51.4	-94.7071
51.425	-94.9567
51.45	-95.1748
51.475	-95.2241
51.5	-95.3523
51.525	-95.3733
51.55	-96.7792
51.575	-96.7902
51.6	-96.8033
51.625	-96.814
51.65	-96.8241
51.675	-96.8319
51.7	-96.8329
51.725	-96.842
51.75	-96.8385
51.775	-96.8429
51.8	-96.8433
51.825	-96.842
51.85	-96.8375
51.875	-96.8175
51.9	-96.8295
51.925	-96.8416
51.95	-96.851
51.975	-96.9169
52	-96.9173
52.025	-96.9165
52.05	-96.9171
52.075	-96.9164
52.1	-96.9171
52.125	-96.9173
52.15	-96.9174
52.175	-96.9168
52.2	-96.9171
52.225	-96.9172
52.25	-96.9034
52.275	-96.8949
52.3	-96.8926
52.325	-96.8931
52.35	-96.8898
52.375	-96.9002
52.4	-96.898
52.425	-96.8969
52.45	-96.8978
52.475	-96.897
52.5	-96.8965
52.525	-96.8961
52.55	-96.8958
52.575	-96.8954
52.6	-96.895
52.625	-96.8951
52.65	-96.8944
52.675	-96.8936
52.7	-96.8952
52.725	-96.8939
52.75	-96.8925
52.775	-96.891
52.8	-96.8893
52.825	-96.8879
52.85	-96.8861
52.875	-96.8914
52.9	-96.8899
52.925	-96.8865
52.95	-96.8829
52.975	-96.88
53	-96.8782
53.025	-96.874
53.05	-96.871
53.075	-96.8414
53.1	-96.8411
53.125	-96.8404
53.15	-96.8394
53.175	-96.8382
53.2	-96.7997
53.225	-96.8018
53.25	-96.8036
53.275	-96.8047
53.3	-96.806
53.325	-96.8061
53.35	-96.8054
53.375	-96.8045
53.4	-96.8032
53.425	-96.8016
53.45	-96.7999
53.475	-96.8014
53.5	-96.7986
53.525	-96.7959
53.55	-96.7929
53.575	-96.7896
53.6	-96.7856
53.625	-96.7908
53.65	-96.7866
53.675	-96.7848
53.7	-96.7805
53.725	-96.7753
53.75	-96.7737
53.775	-96.7655
53.8	-96.7633
53.825	-96.7573
53.85	-96.5537
53.875	-96.5684
53.9	-96.5865
53.925	-96.5969
53.95	-96.599
53.975	-96.6078
54	-96.6106
54.025	-96.6145
54.05	-96.6126
54.075	-96.6171
54.1	-96.6212
54.125	-96.6238
54.15	-96.6264
54.175	-96.6274
54.2	-96.6278
54.225	-96.6274
54.25	-96.6266
54.275	-96.6253
54.3	-96.6242
54.325	-96.6225
54.35	-96.6199
54.375	-96.6173
54.4	-96.7987
54.425	-96.7777
54.45	-96.7582
54.475	-96.7351
54.5	-96.7228
54.525	-96.5697
54.55	-96.5699
54.575	-96.5711
54.6	-96.5696
54.625	-96.5683
54.65	-96.5638
54.675	-96.562
54.7	-96.5571
54.725	-96.5519
54.75	-96.5466
54.775	-96.5447
54.8	-96.5389
54.825	-96.5342
54.85	-96.5282
54.875	-96.522
54.9	-96.5249
54.925	-96.5232
54.95	-96.5181
54.975	-96.5189
55	-96.5108
55.025	-96.5026
55.05	-96.4998
55.075	-96.498
55.1	-96.4894
55.125	-96.4807
55.15	-96.4699
55.175	-96.4636
55.2	-96.4553
55.225	-96.4471
55.25	-96.4442
55.275	-96.436
55.3	-96.4277
55.325	-96.4217
55.35	-96.4134
55.375	-96.4051
55.4	-96.399
55.425	-96.3973
55.45	-96.3897
55.475	-96.381
55.5	-96.3602
55.525	-96.3528
55.55	-96.3465
55.575	-96.339
55.6	-96.3357
55.625	-96.3278
55.65	-96.3195
55.675	-96.3087
55.7	-96.3006
55.725	-96.2932
55.75	-96.2863
55.775	-96.2791
55.8	-96.2711
55.825	-96.2634
55.85	-96.2558
55.875	-96.2482
55.9	-96.252
55.925	-96.2536
55.95	-96.1929
55.975	-96.1879
56	-96.185
56.025	-96.1793
56.05	-96.1836
56.075	-96.1772
56.1	-96.1717
56.125	-96.1645
56.15	-96.1559
56.175	-96.1494
56.2	-96.142
56.225	-96.1336
56.25	-96.1244
56.275	-96.1171
56.3	-96.1097
56.325	-96.1021
56.35	-96.0601
56.375	-96.0616
56.4	-96.0544
56.425	-96.0493
56.45	-96.0438
56.475	-96.0394
56.5	-96.0328
56.525	-96.0287
56.55	-96.0212
56.575	-96.0165
56.6	-96.0091
56.625	-96.0016
56.65	-95.9952
56.675	-95.9956
56.7	-96.0534
56.725	-96.0559
56.75	-96.0414
56.775	-96.028
56.8	-96.0132
56.825	-96.0084
56.85	-95.9971
56.875	-95.9789
56.9	-95.9664
56.925	-95.9648
56.95	-95.9621
56.975	-95.9191
57	-95.9124
57.025	-95.9148
57.05	-95.8887
57.075	-95.8795
57.1	-95.8698
57.125	-95.8606
57.15	-95.8503
57.175	-95.8416
57.2	-95.8314
57.225	-95.8249
57.25	-95.8146
57.275	-95.8462
57.3	-95.833
57.325	-95.8201
57.35	-95.8075
57.375	-95.7951
57.4	-95.8011
57.425	-95.7878
57.45	-95.78
57.475	-95.7734
57.5	-95.7602
57.525	-95.7472
57.55	-95.7345
57.575	-95.8017
57.6	-95.8149
57.625	-95.8174
57.65	-95.7485
57.675	-95.7302
57.7	-95.7314
57.725	-95.7409
57.75	-95.7286
57.775	-95.7093
57.8	-95.5858
57.825	-95.5657
57.85	-95.5638
57.875	-95.5516
57.9	-95.5433
57.925	-95.5355
57.95	-95.5271
57.975	-95.5185
58	-95.5098
58.025	-95.5035
58.05	-95.492
58.075	-95.4834
58.1	-95.4745
58.125	-95.4654
58.15	-95.4577
58.175	-95.4466
58.2	-95.4375
58.225	-95.4282
58.25	-95.419
58.275	-95.4097
58.3	-95.4002
58.325	-95.3962
58.35	-95.3857
58.375	-95.3756
58.4	-95.3295
58.425	-95.3276
58.45	-95.3286
58.475	-95.3304
58.5	-96.0542
58.525	-96.0434
58.55	-96.0503
58.575	-96.0067
58.6	-95.9496
58.625	-95.8958
58.65	-95.8876
58.675	-95.8368
58.7	-95.806
58.725	-95.7366
58.75	-95.7907
58.775	-94.9736
58.8	-94.9723
58.825	-94.977
58.85	-94.9765
58.875	-94.9795
58.9	-94.9792
58.925	-94.9808
58.95	-94.9816
58.975	-94.9817
59	-94.981
59.025	-94.9797
59.05	-94.9783
59.075	-94.9758
59.1	-94.9727
59.125	-94.9692
59.15	-94.9403
59.175	-94.9543
59.2	-94.9501
59.225	-94.9377
59.25	-94.9275
59.275	-94.9184
59.3	-94.8523
59.325	-94.8525
59.35	-94.8532
59.375	-94.8484
59.4	-94.8616
59.425	-94.8555
59.45	-94.8457
59.475	-94.8422
59.5	-94.8192
59.525	-94.8212
59.55	-94.8149
59.575	-94.8084
59.6	-94.8067
59.625	-94.7964
59.65	-94.7891
59.675	-94.7858
59.7	-94.7778
59.725	-94.7696
59.75	-94.7619
59.775	-94.7513
59.8	-94.7432
59.825	-94.7343
59.85	-94.7253
59.875	-94.7581
59.9	-94.7479
59.925	-94.7361
59.95	-94.7186
59.975	-94.7167
60	-94.7185
60.025	-94.7107
60.05	-94.7177
60.075	-94.6313
60.1	-94.6196
60.125	-94.6106
60.15	-94.6006
60.175	-94.5905
60.2	-94.5943
60.225	-94.5926
60.25	-94.5809
60.275	-94.5682
60.3	-94.5566
60.325	-94.5454
60.35	-94.5172
60.375	-94.4854
60.4	-94.3968
60.425	-94.3842
60.45	-94.3723
60.475	-94.3708
60.5	-94.3794
60.525	-94.3773
60.55	-94.3672
60.575	-94.365
60.6	-94.36
60.625	-94.3505
60.65	-94.3485
60.675	-94.35
60.7	-94.3286
60.725	-94.3063
60.75	-94.3101
60.775	-94.2966
60.8	-94.2923
60.825	-94.2812
60.85	-94.2667
60.875	-94.2692
60.9	-94.2614
60.925	-94.2576
60.95	-94.2758
60.975	-94.2614
61	-94.247
61.025	-94.2339
61.05	-94.2165
61.075	-94.2095
61.1	-94.2049
61.125	-94.1913
61.15	-94.1878
61.175	-94.1735
61.2	-94.1811
61.225	-94.1611
61.25	-94.1591
61.275	-94.4329
61.3	-94.2115
61.325	-94.1921
61.35	-94.173
61.375	-94.1547
61.4	-94.1356
61.425	-94.1171
61.45	-93.986
61.475	-93.9822
61.5	-93.9741
61.525	-93.9716
61.55	-93.9588
61.575	-93.9459
61.6	-93.9387
61.625	-93.9272
61.65	-93.9287
61.675	-93.9193
61.7	-93.9068
61.725	-93.9037
61.75	-93.9048
61.775	-93.8838
61.8	-93.8688
61.825	-93.8538
61.85	-93.8389
61.875	-93.8307
61.9	-93.8163
61.925	-93.8192
61.95	-93.8218
61.975	-93.826
62	-93.8227
62.025	-93.862
62.05	-94.0707
62.075	-94.0381
62.1	-93.9927
62.125	-93.9637
62.15	-93.9299
62.175	-93.9181
62.2	-93.9061
62.225	-93.933
62.25	-93.9051
62.275	-93.8762
62.3	-93.85
62.325	-93.823
62.35	-93.7965
62.375	-93.8139
62.4	-93.8153
62.425	-93.7488
62.45	-93.7234
62.475	-93.6986
62.5	-93.6334
62.525	-93.6116
62.55	-93.6251
62.575	-93.6023
62.6	-93.58
62.625	-93.5581
62.65	-93.5545
62.675	-93.5326
62.7	-93.511
62.725	-93.501
62.75	-93.5046
62.775	-93.4825
62.8	-93.4699
62.825	-93.4481
62.85	-93.4307
62.875	-93.5119
62.9	-93.51
62.925	-93.4838
62.95	-93.5609
62.975	-93.5418
63	-93.5141
63.025	-93.4851
63.05	-93.4997
63.075	-93.4596
63.1	-93.4468
63.125	-93.4186
63.15	-93.4234
63.175	-93.3947
63.2	-93.3858
63.225	-93.3804
63.25	-93.3884
63.275	-93.3588
63.3	-93.3299
63.325	-93.2958
63.35	-93.2977
63.375	-93.2507
63.4	-93.2454
63.425	-93.2205
63.45	-93.1885
63.475	-93.1627
63.5	-93.1373
63.525	-93.2208
63.55	-93.1983
63.575	-93.1905
63.6	-93.1616
63.625	-93.1773
63.65	-93.1492
63.675	-93.12
63.7	-93.0939
63.725	-93.0661
63.75	-93.0388
63.775	-93.0068
63.8	-93.0091
63.825	-92.9819
63.85	-92.9739
63.875	-92.9636
63.9	-92.924
63.925	-92.9152
63.95	-92.8819
63.975	-92.8551
64	-92.8453
64.025	-92.8247
64.05	-92.827
64.075	-92.8212
64.1	-93.2446
64.125	-93.201
64.15	-93.1582
64.175	-93.1431
64.2	-93.1016
64.225	-93.1304
64.25	-93.0331
64.275	-92.9944
64.3	-92.9678
64.325	-92.9603
64.35	-93.0112
64.375	-92.9666
64.4	-92.9274
64.425	-92.9336
64.45	-92.8631
64.475	-92.8575
64.5	-92.8165
64.525	-92.7901
64.55	-92.7551
64.575	-92.7374
64.6	-92.7029
64.625	-92.6694
64.65	-92.6645
64.675	-92.6156
64.7	-92.5427
64.725	-92.513
64.75	-92.4929
64.775	-92.4644
64.8	-92.4314
64.825	-92.4654
64.85	-92.4299
64.875	-92.401
64.9	-92.3727
64.925	-92.3587
64.95	-92.3427
64.975	-92.3519
65	-92.3648
65.025	-92.3378
65.05	-92.3083
65.075	-92.3032
65.1	-92.2736
65.125	-92.2438
65.15	-92.2159
65.175	-92.188
65.2	-92.1605
65.225	-92.2868
65.25	-92.2544
65.275	-92.2643
65.3	-92.2315
65.325	-92.1988
65.35	-92.1886
65.375	-92.1603
65.4	-92.1259
65.425	-92.1532
65.45	-92.1422
65.475	-92.145
65.5	-92.128
65.525	-92.0949
65.55	-92.0629
65.575	-92.0307
65.6	-92.0172
65.625	-91.9862
65.65	-91.9556
65.675	-91.9259
65.7	-91.9292
65.725	-91.9166
65.75	-91.894
65.775	-91.86
65.8	-91.8504
65.825	-94.6043
65.85	-94.5104
65.875	-94.3673
65.9	-94.2724
65.925	-94.1978
65.95	-94.1401
65.975	-94.0161
66	-93.7983
66.025	-93.8232
66.05	-93.7259
66.075	-93.62
66.1	-93.5896
66.125	-93.4898
66.15	-93.477
66.175	-93.1268
66.2	-93.1084
66.225	-93.1003
66.25	-93.0185
66.275	-92.9203
66.3	-92.8304
66.325	-92.8484
66.35	-92.7197
66.375	-92.706
66.4	-92.6156
66.425	-92.5983
66.45	-92.5172
66.475	-92.4406
66.5	-92.3681
66.525	-92.3068
66.55	-92.2403
66.575	-92.2426
66.6	-92.1841
66.625	-92.1087
66.65	-92.0826
66.675	-92.1982
66.7	-92.1335
66.725	-92.1294
66.75	-92.1169
66.775	-92.127
66.8	-92.1342
66.825	-92.0648
66.85	-91.9662
66.875	-91.8601
66.9	-91.8198
66.925	-91.765
66.95	-91.7119
66.975	-91.7048
67	-91.6532
67.025	-91.6023
67.05	-91.5448
67.075	-91.5236
67.1	-91.4768
67.125	-91.4371
67.15	-91.327
67.175	-91.0259
67.2	-90.9703
67.225	-90.9368
67.25	-90.9657
67.275	-90.9199
67.3	-90.8717
67.325	-90.8442
67.35	-90.8066
67.375	-90.7715
67.4	-90.7379
67.425	-90.7335
67.45	-90.6892
67.475	-90.6553
67.5	-90.5578
67.525	-90.5147
67.55	-98.6741
67.575	-98.392
67.6	-98.3328
67.625	-98.0328
67.65	-97.9677
67.675	-97.9273
67.7	-97.6593
67.725	-97.0654
67.75	-96.9579
67.775	-97.3204
67.8	-97.0733
67.825	-98.2317
67.85	-98.2665
67.875	-97.9905
67.9	-97.7487
67.925	-97.4868
67.95	-97.2333
67.975	-96.9887
68	-96.7509
68.025	-96.1755
68.05	-95.9623
68.075	-95.874
68.1	-95.6661
68.125	-95.6468
68.15	-95.4355
68.175	-95.2438
68.2	-95.0096
68.225	-94.8293
68.25	-94.6555
68.275	-94.6503
68.3	-95.2184
68.325	-95.319
68.35	-95.303
68.375	-95.3501
68.4	-94.2145
68.425	-94.1574
68.45	-94.0014
68.475	-93.9063
68.5	-93.796
68.525	-93.6896
68.55	-93.6198
68.575	-93.5724
68.6	-93.5567
68.625	-93.5521
68.65	-93.5283
68.675	-93.5363
68.7	-93.5372
68.725	-93.5494
68.75	-93.564
68.775	-93.5784
68.8	-93.5872
68.825	-93.6311
68.85	-93.6504
68.875	-93.6429
68.9	-93.6353
68.925	-93.6436
68.95	-93.6357
68.975	-93.623
69	-93.9151
69.025	-93.9143
69.05	-93.9137
69.075	-93.9124
69.1	-93.9108
69.125	-93.9132
69.15	-93.9296
69.175	-93.9185
69.2	-93.914
69.225	-93.9098
69.25	-93.9109
69.275	-93.9048
69.3	-93.8974
69.325	-93.9004
69.35	-93.8941
69.375	-93.8861
69.4	-93.878
69.425	-93.8761
69.45	-93.8772
69.475	-93.8754
69.5	-93.8651
69.525	-93.8546
69.55	-93.8494
69.575	-93.8344
69.6	-93.8304
69.625	-93.8185
69.65	-93.8148
69.675	-93.8156
69.7	-93.8137
69.725	-93.8054
69.75	-93.7903
69.775	-93.7842
69.8	-93.7882
69.825	-93.7736
69.85	-93.7777
69.875	-93.8258
69.9	-93.8071
69.925	-93.7889
69.95	-93.7928
69.975	-93.7738
70	-93.7805
70.025	-93.7626
70.05	-93.7369
70.075	-93.7181
70.1	-93.7117
70.125	-93.6929
70.15	-93.6603
70.175	-93.6428
70.2	-93.6253
70.225	-93.6088
70.25	-93.5736
70.275	-93.5577
70.3	-93.5422
70.325	-93.5002
70.35	-93.4856
70.375	-93.48
70.4	-93.4701
70.425	-93.4541
70.45	-93.4525
70.475	-93.4507
70.5	-93.4346
70.525	-93.4185
70.55	-93.4026
70.575	-93.3828
70.6	-93.3753
70.625	-93.3894
70.65	-93.3788
70.675	-93.3615
70.7	-93.3452
70.725	-93.2999
70.75	-93.2842
70.775	-93.2681
70.8	-93.2527
70.825	-93.2403
70.85	-93.2247
70.875	-93.2092
70.9	-93.2049
70.925	-93.1906
70.95	-93.1563
70.975	-93.124
71	-93.1014
71.025	-92.7943
71.05	-92.7933
71.075	-92.7921
71.1	-92.7902
71.125	-92.7878
71.15	-92.7858
71.175	-92.7927
71.2	-92.788
71.225	-92.7807
71.25	-92.7753
71.275	-92.75
71.3	-92.7625
71.325	-92.7559
71.35	-92.7486
71.375	-92.7491
71.4	-92.741
71.425	-92.7327
71.45	-92.7348
71.475	-92.7255
71.5	-92.7225
71.525	-92.7323
71.55	-92.721
71.575	-92.7095
71.6	-92.6978
71.625	-92.686
71.65	-92.6616
71.675	-92.6574
71.7	-92.6453
71.725	-92.639
71.75	-92.6317
71.775	-92.6299
71.8	-92.6154
71.825	-92.6019
71.85	-92.5882
71.875	-92.5753
71.9	-92.5526
71.925	-92.5445
71.95	-92.5418
71.975	-92.5195
72	-92.5055
72.025	-92.4622
72.05	-92.4655
72.075	-92.4518
72.1	-92.4419
72.125	-92.4279
72.15	-92.4114
72.175	-92.398
72.2	-92.3824
72.225	-92.3795
72.25	-92.3776
72.275	-92.3761
72.3	-92.3694
72.325	-92.3237
72.35	-92.3114
72.375	-92.2962
72.4	-92.2852
72.425	-92.2696
72.45	-92.2541
72.475	-92.2387
72.5	-92.2212
72.525	-92.2234
72.55	-92.2122
72.575	-92.1981
72.6	-92.1936
72.625	-92.1777
72.65	-92.2942
72.675	-92.3395
72.7	-92.3314
72.725	-92.3293
72.75	-92.3907
72.775	-92.362
72.8	-92.3544
72.825	-92.3281
72.85	-92.3001
72.875	-92.2727
72.9	-92.2674
72.925	-92.2959
72.95	-92.2668
72.975	-92.2564
73	-92.2531
73.025	-92.2619
73.05	-92.2308
73.075	-92.2011
73.1	-92.2164
73.125	-92.1862
73.15	-91.2251
73.175	-91.2177
73.2	-91.2256
73.225	-91.2307
73.25	-91.2357
73.275	-91.239
73.3	-91.2386
73.325	-91.2405
73.35	-91.24
73.375	-91.2407
73.4	-91.2404
73.425	-91.2395
73.45	-91.238
73.475	-91.2359
73.5	-91.2331
73.525	-91.2299
73.55	-91.226
73.575	-91.213
73.6	-91.207
73.625	-91.2042
73.65	-91.1982
73.675	-91.1923
73.7	-91.1885
73.725	-91.1855
73.75	-91.1867
73.775	-91.1789
73.8	-91.1741
73.825	-91.1661
73.85	-91.1608
73.875	-91.1427
73.9	-91.133
73.925	-91.1231
73.95	-91.1264
73.975	-91.1324
74	-91.1206
74.025	-91.1181
74.05	-91.1059
74.075	-91.0932
74.1	-91.0859
74.125	-91.0777
74.15	-91.0657
74.175	-91.0517
74.2	-91.0378
74.225	-91.0018
74.25	-90.9883
74.275	-90.9745
74.3	-90.9607
74.325	-90.9578
74.35	-90.9479
74.375	-90.9313
74.4	-90.9156
74.425	-90.9092
74.45	-90.8938
74.475	-90.892
74.5	-90.8764
74.525	-90.8934
74.55	-90.8748
74.575	-90.8575
74.6	-90.8403
74.625	-90.8411
74.65	-90.8221
74.675	-90.8186
74.7	-90.8007
74.725	-90.7823
74.75	-90.633
74.775	-90.619
74.8	-90.6049
74.825	-90.6124
74.85	-90.6865
74.875	-90.3699
74.9	-90.5023
74.925	-89.9084
74.95	-90.1104
74.975	-90.9049
75	-91.0808
75.025	-91.2352
75.05	-91.4475
75.075	-91.618
75.1	-91.6589
75.125	-91.6286
75.15	-91.7168
75.175	-91.8836
75.2	-91.9031
75.225	-92.0868
75.25	-92.2135
75.275	-92.1999
75.3	-92.3193
75.325	-92.4314
75.35	-92.5785
75.375	-92.6408
75.4	-92.7019
75.425	-92.7865
75.45	-92.7151
75.475	-92.7057
75.5	-92.7906
75.525	-94.2848
75.55	-94.2874
75.575	-94.2814
75.6	-94.2834
75.625	-94.2739
75.65	-94.2656
75.675	-94.2595
75.7	-94.2614
75.725	-94.2575
75.75	-94.2498
75.775	-94.2809
75.8	-94.415
75.825	-94.4246
75.85	-94.3976
75.875	-94.9121
75.9	-94.9748
75.925	-95.0932
75.95	-95.1425
75.975	-95.1822
76	-95.2297
76.025	-95.1447
76.05	-95.1974
76.075	-95.2465
76.1	-95.2369
76.125	-96.5546
76.15	-96.5491
76.175	-96.4952
76.2	-96.445
76.225	-96.4519
76.25	-96.4245
76.275	-96.4204
76.3	-96.422
76.325	-96.4326
76.35	-96.4488
76.375	-96.476
76.4	-96.5024
76.425	-96.5079
76.45	-96.4638
76.475	-96.4822
76.5	-96.4985
76.525	-96.5186
76.55	-96.5393
76.575	-96.5484
76.6	-96.5304
76.625	-96.5502
76.65	-96.5539
76.675	-96.5717
76.7	-96.5681
76.725	-96.5696
76.75	-96.5712
76.775	-96.5933
76.8	-96.5835
76.825	-96.5959
76.85	-96.5876
76.875	-96.5827
76.9	-96.5933
76.925	-96.6553
76.95	-96.653
76.975	-96.6548
77	-96.6557
77.025	-96.6553
77.05	-96.6533
77.075	-96.6539
77.1	-96.6525
77.125	-96.65
77.15	-96.6487
77.175	-96.647
77.2	-96.643
77.225	-96.6412
77.25	-96.6362
77.275	-96.6379
77.3	-96.6381
77.325	-96.6314
77.35	-96.6245
77.375	-96.6177
77.4	-96.6153
77.425	-96.6128
77.45	-96.6098
77.475	-96.5954
77.5	-96.5875
77.525	-96.5823
77.55	-96.5711
77.575	-96.5634
77.6	-96.5965
77.625	-96.6118
77.65	-96.6024
77.675	-96.5882
77.7	-96.5909
77.725	-96.5714
77.75	-96.5583
77.775	-96.546
77.8	-96.5436
77.825	-96.5228
77.85	-96.5168
77.875	-96.5059
77.9	-96.4947
77.925	-96.5071
77.95	-96.4958
77.975	-96.51
78	-96.4958
78.025	-96.5268
78.05	-96.5209
78.075	-96.5067
78.1	-96.5044
78.125	-96.4938
78.15	-96.4898
78.175	-96.4724
78.2	-96.4637
78.225	-96.4468
78.25	-96.4512
78.275	-96.4472
78.3	-96.443
78.325	-96.4209
78.35	-96.4083
78.375	-96.3917
78.4	-96.3764
78.425	-96.3608
78.45	-96.3528
78.475	-96.2582
78.5	-96.2795
78.525	-96.3
78.55	-96.2953
78.575	-96.4099
78.6	-96.3936
78.625	-96.3766
78.65	-96.3542
78.675	-96.3486
78.7	-96.3286
78.725	-96.3097
78.75	-96.2915
78.775	-96.2857
78.8	-96.2887
78.825	-96.2829
78.85	-96.2676
78.875	-96.2613
78.9	-96.2428
78.925	-96.2476
78.95	-96.2264
78.975	-96.2086
79	-96.1812
79.025	-96.1822
79.05	-96.166
79.075	-96.1528
79.1	-96.1355
79.125	-96.1208
79.15	-96.0252
79.175	-96.0169
79.2	-96.0084
79.225	-96.0032
79.25	-96.0041
79.275	-95.9955
79.3	-95.9867
79.325	-95.9273
79.35	-95.9223
79.375	-95.9196
79.4	-95.9139
79.425	-95.912
79.45	-95.9054
79.475	-95.9029
79.5	-95.8954
79.525	-95.8884
79.55	-95.879
79.575	-95.8714
79.6	-95.8637
79.625	-95.8691
79.65	-95.8601
79.675	-95.8497
79.7	-95.8408
79.725	-95.8318
79.75	-95.8228
79.775	-95.8339
79.8	-95.8001
79.825	-95.8053
79.85	-95.7954
79.875	-95.7845
79.9	-95.773
79.925	-95.7648
79.95	-95.752
79.975	-95.7559
80	-95.7522
80.025	-95.7415
80.05	-95.723
80.075	-95.7138
80.1	-95.6934
80.125	-95.7107
80.15	-95.6994
80.175	-95.6882
80.2	-95.6773
80.225	-95.6663
80.25	-95.7514
80.275	-95.7337
80.3	-95.73
80.325	-95.7125
80.35	-95.7135
80.375	-95.7099
80.4	-95.6923
80.425	-95.6747
80.45	-95.6576
80.475	-95.7098
80.5	-95.7105
80.525	-95.6528
80.55	-95.6209
80.575	-95.6109
80.6	-95.5942
80.625	-95.578
80.65	-95.5624
80.675	-95.547
80.7	-95.532
80.725	-95.5146
80.75	-95.5131
80.775	-95.5026
80.8	-95.4986
80.825	-95.4886
80.85	-95.4978
80.875	-95.4807
80.9	-95.5276
80.925	-95.5078
80.95	-95.4945
80.975	-95.4764
81	-95.4641
81.025	-95.474
81.05	-95.472
81.075	-95.5426
81.1	-95.5275
81.125	-95.5225
81.15	-95.4981
81.175	-95.4735
81.2	-95.4646
81.225	-95.4408
81.25	-95.4127
81.275	-95.3898
81.3	-95.3689
81.325	-95.3718
81.35	-95.351
81.375	-95.3307
81.4	-95.3109
81.425	-95.2948
81.45	-95.3
81.475	-95.3061
81.5	-95.2848
81.525	-95.266
81.55	-95.2463
81.575	-95.2236
81.6	-95.2053
81.625	-95.1873
81.65	-95.1839
81.675	-95.1535
81.7	-95.1451
81.725	-95.1286
81.75	-95.1123
81.775	-95.0968
81.8	-95.081
81.825	-95.4665
81.85	-95.4303
81.875	-95.4089
81.9	-95.3735
81.925	-95.3394
81.95	-95.3046
81.975	-95.2869
82	-95.2541
82.025	-95.2217
82.05	-95.2151
82.075	-95.1901
82.1	-95.1609
82.125	-95.1576
82.15	-95.1287
82.175	-94.9997
82.2	-94.9792
82.225	-94.9584
82.25	-94.939
82.275	-94.9202
82.3	-94.9124
82.325	-94.9035
82.35	-94.8217
82.375	-94.8086
82.4	-94.7946
82.425	-94.7866
82.45	-94.7337
82.475	-94.7229
82.5	-94.7169
82.525	-94.7039
82.55	-94.6915
82.575	-94.6884
82.6	-94.6672
82.625	-94.6509
82.65	-94.6388
82.675	-94.6267
82.7	-94.6147
82.725	-94.6026
82.75	-94.5992
82.775	-94.5867
82.8	-94.5833
82.825	-94.3331
82.85	-94.3337
82.875	-94.3336
82.9	-94.3327
82.925	-94.3312
82.95	-94.3292
82.975	-94.3251
83	-94.3237
83.025	-94.3262
83.05	-94.3243
83.075	-94.3231
83.1	-94.3173
83.125	-94.3234
83.15	-94.3162
83.175	-94.3104
83.2	-94.3033
83.225	-94.3001
83.25	-94.2893
83.275	-94.2342
83.3	-94.2308
83.325	-94.2326
83.35	-94.2248
83.375	-94.2173
83.4	-94.2144
83.425	-94.206
83.45	-94.197
83.475	-94.1877
83.5	-94.1831
83.525	-94.1728
83.55	-94.1628
83.575	-94.1527
83.6	-94.1432
83.625	-94.1377
83.65	-94.1269
83.675	-94.093
83.7	-94.0893
83.725	-94.0807
83.75	-94.0787
83.775	-94.0384
83.8	-94.0413
83.825	-94.0309
83.85	-94.0196
83.875	-94.0127
83.9	-94.009
83.925	-94.0104
83.95	-94.0051
83.975	-93.9924
84	-93.9798
84.025	-93.9671
84.05	-93.9599
84.075	-93.9567
84.1	-93.9355
84.125	-93.9219
84.15	-93.9089
84.175	-93.8938
84.2	-93.8882
84.225	-93.8794
84.25	-93.8658
84.275	-93.8637
84.3	-93.8579
84.325	-93.8479
84.35	-93.8374
84.375	-93.8272
84.4	-93.8128
84.425	-93.7974
84.45	-93.7895
84.475	-93.7744
84.5	-93.7827
84.525	-93.7794
84.55	-93.7724
84.575	-93.7698
84.6	-93.7527
84.625	-93.7422
84.65	-93.7349
84.675	-93.7146
84.7	-93.6973
84.725	-93.6821
84.75	-93.6653
84.775	-93.6484
84.8	-93.6317
84.825	-93.6436
84.85	-93.6075
84.875	-93.5951
84.9	-93.5783
84.925	-93.5616
84.95	-93.5448
84.975	-93.5396
85	-93.5482
85.025	-93.5108
85.05	-93.494
85.075	-93.4774
85.1	-93.461
85.125	-93.4419
85.15	-93.4258
85.175	-93.4098
85.2	-93.7704
85.225	-93.7897
85.25	-93.7546
85.275	-93.7522
85.3	-93.7146
85.325	-93.6843
85.35	-93.6501
85.375	-93.6392
85.4	-93.6432
85.425	-93.6107
85.45	-93.4584
85.475	-93.4502
85.5	-93.4332
85.525	-93.4034
85.55	-93.3823
85.575	-93.3579
85.6	-93.3337
85.625	-93.3074
85.65	-93.2752
85.675	-93.2481
85.7	-93.2218
85.725	-93.2339
85.75	-93.203
85.775	-93.191
85.8	-93.2146
85.825	-93.2353
85.85	-93.2817
85.875	-93.3019
85.9	-93.318
85.925	-93.4462
85.95	-93.5488
85.975	-93.5034
86	-93.612
86.025	-93.7173
86.05	-93.8167
86.075	-93.9083
86.1	-93.9019
86.125	-93.9265
86.15	-93.9122
86.175	-94.0016
86.2	-94.0846
86.225	-94.2064
86.25	-94.1412
86.275	-94.5591
86.3	-94.6032
86.325	-94.642
86.35	-94.6874
86.375	-94.7204
86.4	-94.7513
86.425	-94.7787
86.45	-94.8036
86.475	-94.826
86.5	-94.8747
86.525	-94.8911
86.55	-94.8569
86.575	-94.8459
86.6	-94.8581
86.625	-94.8726
86.65	-94.8832
86.675	-94.8946
86.7	-94.9019
86.725	-94.9114
86.75	-94.9135
86.775	-94.9188
86.8	-94.9236
86.825	-94.9282
86.85	-94.9311
86.875	-94.9336
86.9	-94.9352
86.925	-94.936
86.95	-94.9354
86.975	-94.9355
87	-94.9345
87.025	-94.9356
87.05	-94.9329
87.075	-94.9296
87.1	-94.9258
87.125	-94.9206
87.15	-94.9163
87.175	-94.9144
87.2	-94.9134
87.225	-94.9093
87.25	-94.9025
87.275	-94.8955
87.3	-94.8938
87.325	-94.8859
87.35	-94.8842
87.375	-94.882
87.4	-94.8728
87.425	-94.8679
87.45	-94.8728
87.475	-94.862
87.5	-94.8661
87.525	-94.8669
87.55	-94.8604
87.575	-94.8495
87.6	-94.8366
87.625	-94.84
87.65	-94.8264
87.675	-94.8067
87.7	-94.8121
87.725	-94.814
87.75	-94.7998
87.775	-94.7879
87.8	-94.7989
87.825	-94.7546
87.85	-94.7433
87.875	-94.7407
87.9	-94.7357
87.925	-94.728
87.95	-94.7128
87.975	-94.6614
88	-94.6517
88.025	-94.6765
88.05	-94.6667
88.075	-94.6481
88.1	-94.6335
88.125	-94.5134
88.15	-94.5048
88.175	-94.4962
88.2	-94.4874
88.225	-94.4887
88.25	-94.4791
88.275	-94.5673
88.3	-94.5373
88.325	-94.5404
88.35	-94.5418
88.375	-94.5515
88.4	-94.5606
88.425	-94.542
88.45	-94.524
88.475	-94.5147
88.5	-94.4826
88.525	-94.457
88.55	-94.4543
88.575	-94.4596
88.6	-94.4546
88.625	-94.4379
88.65	-94.4204
88.675	-94.4106
88.7	-94.3932
88.725	-94.4205
88.75	-94.4234
88.775	-94.4209
88.8	-94.4236
88.825	-94.4022
88.85	-94.3801
88.875	-94.3651
88.9	-94.3574
88.925	-94.3448
88.95	-94.3281
88.975	-94.3567
89	-94.3412
89.025	-94.319
89.05	-94.2972
89.075	-94.2983
89.1	-94.2896
89.125	-94.2945
89.15	-94.2714
89.175	-94.2689
89.2	-94.2458
89.225	-94.2539
89.25	-94.2431
89.275	-94.2392
89.3	-94.2152
89.325	-94.2006
89.35	-94.1907
89.375	-94.219
89.4	-94.1912
89.425	-94.1805
89.45	-94.1615
89.475	-94.15
89.5	-94.1174
89.525	-94.093
89.55	-94.0699
89.575	-94.066
89.6	-94.0209
89.625	-91.6664
89.65	-91.7612
89.675	-91.8691
89.7	-91.9409
89.725	-91.9738
89.75	-91.7602
89.775	-91.7929
89.8	-91.8857
89.825	-91.8714
89.85	-91.9205
89.875	-91.9972
89.9	-91.2833
89.925	-91.2885
89.95	-91.4233
89.975	-91.2431
90	-91.3491
90.025	-91.3039
90.05	-91.2207
90.075	-90.9192
90.1	-90.8635
90.125	-90.8783
90.15	-90.9369
90.175	-91.0495
90.2	-91.158
90.225	-91.0429
90.25	-91.1617
90.275	-91.2741
90.3	-91.4921
90.325	-91.5243
90.35	-91.5418
90.375	-91.6191
90.4	-91.6978
90.425	-91.7669
90.45	-91.8319
90.475	-91.893
90.5	-91.9502
90.525	-91.9294
90.55	-91.908
90.575	-92.1456
90.6	-92.1883
90.625	-92.2275
90.65	-92.2648
90.675	-92.3375
90.7	-92.3677
90.725	-92.2597
90.75	-92.2662
90.775	-92.3133
90.8	-92.3417
90.825	-92.3613
90.85	-92.3796
90.875	-92.4027
90.9	-92.3963
90.925	-92.4134
90.95	-92.433
90.975	-92.4505
91	-92.4699
91.025	-92.4735
91.05	-92.4871
91.075	-92.481
91.1	-92.4789
91.125	-92.48
91.15	-92.486
91.175	-92.4725
91.2	-92.4722
91.225	-92.481
91.25	-92.4884
91.275	-92.4946
91.3	-92.5003
91.325	-92.505
91.35	-92.5089
91.375	-92.5124
91.4	-92.5117
91.425	-92.5129
91.45	-92.513
91.475	-92.513
91.5	-92.5123
91.525	-92.511
91.55	-92.5091
91.575	-92.5068
91.6	-92.5053
91.625	-92.5065
91.65	-92.5021
91.675	-92.4971
91.7	-92.4917
91.725	-92.4964
91.75	-92.4896
91.775	-92.4826
91.8	-92.4757
91.825	-92.4701
91.85	-92.4619
91.875	-92.4534
91.9	-92.4542
91.925	-92.4508
91.95	-92.4708
91.975	-92.4592
92	-92.4475
92.025	-92.4156
92.05	-92.4044
92.075	-92.3929
92.1	-92.5084
92.125	-92.4908
92.15	-92.4737
92.175	-92.486
92.2	-92.468
92.225	-92.544
92.25	-92.5222
92.275	-92.5278
92.3	-92.506
92.325	-92.5005
92.35	-92.4955
92.375	-92.4731
92.4	-92.4611
92.425	-92.4478
92.45	-92.425
92.475	-92.4086
92.5	-92.3865
92.525	-92.3643
92.55	-92.3675
92.575	-92.3446
92.6	-92.3192
92.625	-92.1636
92.65	-92.147
92.675	-92.1305
92.7	-92.1173
92.725	-92.103
92.75	-92.0983
92.775	-92.0811
92.8	-92.0829
92.825	-92.0761
92.85	-92.0563
92.875	-92.091
92.9	-92.0728
92.925	-92.0541
92.95	-92.0507
92.975	-92.0303
93	-92.0374
93.025	-92.0108
93.05	-91.99
93.075	-91.9883
93.1	-91.9982
93.125	-92.028
93.15	-92.0242
93.175	-92.0039
93.2	-91.9789
93.225	-91.9501
93.25	-91.9268
93.275	-91.9089
93.3	-91.8864
93.325	-91.8617
93.35	-91.8391
93.375	-91.8168
93.4	-91.7912
93.425	-90.4963
93.45	-90.5224
93.475	-90.5442
93.5	-90.5625
93.525	-90.5643
93.55	-90.5851
93.575	-90.5978
93.6	-90.6163
93.625	-90.6207
93.65	-90.6322
93.675	-90.6279
93.7	-90.63
93.725	-90.6421
93.75	-90.6333
93.775	-90.6333
93.8	-90.644
93.825	-90.633
93.85	-90.6423
93.875	-90.6512
93.9	-90.6525
93.925	-90.6638
93.95	-90.6906
93.975	-90.6963
94	-90.6909
94.025	-90.694
94.05	-90.6964
94.075	-90.698
94.1	-90.6985
94.125	-90.6987
94.15	-90.6978
94.175	-90.6954
94.2	-90.6958
94.225	-90.6935
94.25	-90.6906
94.275	-90.6871
94.3	-90.6832
94.325	-90.6789
94.35	-90.6748
94.375	-90.6539
94.4	-90.6469
94.425	-90.6292
94.45	-90.6224
94.475	-90.6103
94.5	-90.6053
94.525	-90.595
94.55	-90.5976
94.575	-90.5877
94.6	-90.5775
94.625	-90.5584
94.65	-90.5521
94.675	-90.5424
94.7	-90.5283
94.725	-90.5259
94.75	-90.5143
94.775	-90.4959
94.8	-90.4852
94.825	-90.4753
94.85	-90.4653
94.875	-90.4443
94.9	-90.4346
94.925	-90.4233
94.95	-90.4117
94.975	-90.3999
95	-90.3986
95.025	-90.3965
95.05	-90.3834
95.075	-90.3815
95.1	-90.3676
95.125	-90.363
95.15	-90.3598
95.175	-90.3502
95.2	-90.3278
95.225	-90.3138
95.25	-90.2831
95.275	-90.258
95.3	-90.2606
95.325	-90.2495
95.35	-90.2451
95.375	-93.3099
95.4	-93.1741
95.425	-93.1849
95.45	-93.0916
95.475	-92.9816
95.5	-92.7809
95.525	-92.7516
95.55	-92.6503
95.575	-92.696
95.6	-92.5959
95.625	-92.5819
95.65	-92.4906
95.675	-92.3959
95.7	-92.3037
95.725	-92.2051
95.75	-92.3158
95.775	-92.3932
95.8	-92.2994
95.825	-92.2829
95.85	-92.2605
95.875	-92.1835
95.9	-92.2111
95.925	-92.1108
95.95	-92.0235
95.975	-92.0128
96	-91.9272
96.025	-91.8429
96.05	-91.7657
96.075	-91.7246
96.1	-91.6725
96.125	-91.5657
96.15	-91.5589
96.175	-91.547
96.2	-91.473
96.225	-91.3939
96.25	-91.3667
96.275	-91.2974
96.3	-91.2276
96.325	-91.22
96.35	-91.2393
96.375	-91.1689
96.4	-91.101
96.425	-91.0369
96.45	-91.0289
96.475	-90.9638
96.5	-90.8915
96.525	-90.8875
96.55	-90.825
96.575	-90.7638
96.6	-90.7102
96.625	-90.6514
96.65	-90.5938
96.675	-90.6292
96.7	-90.5694
96.725	-90.6822
96.75	-90.6252
96.775	-90.6705
96.8	-90.6878
96.825	-90.6255
96.85	-90.6062
96.875	-90.5453
96.9	-90.5248
96.925	-90.537
96.95	-90.5261
96.975	-90.4634
97	-90.4006
97.025	-90.4383
97.05	-90.3437
97.075	-89.8323
97.1	-89.7925
97.125	-89.7495
97.15	-89.7178
97.175	-89.6759
97.2	-89.6857
97.225	-89.7786
97.25	-89.7321
97.275	-89.7737
97.3	-89.7277
97.325	-89.7016
97.35	-89.7091
97.375	-89.7136
97.4	-89.6348
97.425	-89.5901
97.45	-89.5868
97.475	-89.562
97.5	-89.5559
97.525	-89.539
97.55	-89.4977
97.575	-89.4387
97.6	-89.3955
97.625	-89.3502
97.65	-89.3065
97.675	-89.2652
97.7	-89.2707
97.725	-89.2291
97.75	-89.1722
97.775	-89.1516
97.8	-89.1183
97.825	-89.079
97.85	-89.0826
97.875	-89.0161
97.9	-89.0061
97.925	-88.9763
97.95	-88.9315
97.975	-88.752
98	-88.7188
98.025	-88.6848
98.05	-88.6522
98.075	-88.6318
98.1	-88.5978
98.125	-88.5915
98.15	-88.5582
98.175	-88.5255
98.2	-88.4941
98.225	-88.4627
98.25	-88.4314
98.275	-88.4291
98.3	-88.4179
98.325	-88.3875
98.35	-88.143
98.375	-88.1329
98.4	-88.1279
98.425	-88.1142
98.45	-88.115
98.475	-88.088
98.5	-88.1015
98.525	-88.0613
98.55	-88.034
98.575	-88.0069
98.6	-87.9777
98.625	-87.9388
98.65	-87.9124
98.675	-87.8841
98.7	-87.8578
98.725	-87.8388
98.75	-87.8148
98.775	-87.8352
98.8	-87.8122
98.825	-87.8148
98.85	-87.7699
98.875	-87.7079
98.9	-87.6787
98.925	-87.6522
98.95	-87.6265
98.975	-87.6153
99	-87.5927
99.025	-87.5722
99.05	-87.5481
99.075	-87.5219
99.1	-87.4884
99.125	-87.4813
99.15	-87.4551
99.175	-87.4296
99.2	-87.4183
99.225	-87.3912
99.25	-87.3715
99.275	-87.3443
99.3	-87.3267
99.325	-87.2956
99.35	-87.27
99.375	-87.2444
99.4	-87.2198
99.425	-87.1938
99.45	-87.1557
99.475	-87.1315
99.5	-87.1065
99.525	-87.0805
99.55	-87.0848
99.575	-87.0584
99.6	-87.0504
99.625	-87.0415
99.65	-87.016
99.675	-87.0463
99.7	-87.2335
99.725	-87.221
99.75	-87.1886
99.775	-87.18
99.8	-87.1734
99.825	-87.1138
99.85	-87.0851
99.875	-87.0453
99.9	-87.0485
99.925	-87.0381
99.95	-87.0061
99.975	-86.9519
100	-86.9207
100.025	-86.6872
100.05	-86.6502
100.075	-86.6244
100.1	-86.6199
100.125	-86.5938
100.15	-86.5676
100.175	-86.5529
100.2	-86.5647
100.225	-86.5203
100.25	-86.4847
100.275	-86.4682
100.3	-86.4394
100.325	-86.4355
100.35	-86.4281
100.375	-86.4047
100.4	-86.413
100.425	-86.3867
100.45	-86.3226
100.475	-86.2949
100.5	-86.3094
100.525	-86.2739
100.55	-86.2266
100.575	-86.2005
100.6	-86.1737
100.625	-86.2854
100.65	-86.2875
100.675	-86.2918
100.7	-86.3213
100.725	-86.2883
100.75	-86.2851
100.775	-86.24
100.8	-86.2046
100.825	-86.2016
100.85	-86.2154
100.875	-86.1828
100.9	-86.151
100.925	-86.1477
100.95	-86.1151
100.975	-86.1126
101	-86.1009
101.025	-86.0613
101.05	-86.0392
101.075	-86.0064
101.1	-86.0211
101.125	-85.9877
101.15	-85.9447
101.175	-85.9119
101.2	-85.8816
101.225	-85.7503
101.25	-85.924
101.275	-85.9415
101.3	-85.9488
101.325	-85.9344
101.35	-85.8982
101.375	-85.8593
101.4	-85.8245
101.425	-85.7882
101.45	-85.7568
101.475	-85.7221
101.5	-85.6861
101.525	-85.6491
101.55	-85.7121
101.575	-85.6761
101.6	-85.6394
101.625	-85.6043
101.65	-85.5901
101.675	-85.5918
101.7	-85.5847
101.725	-85.5487
101.75	-85.4044
101.775	-85.3711
101.8	-85.338
101.825	-85.3072
101.85	-85.395
101.875	-85.3446
101.9	-85.3458
101.925	-85.3116
101.95	-85.1549
101.975	-85.1229
102	-85.0917
102.025	-85.0773
102.05	-85.0454
102.075	-85.0158
102.1	-84.9985
102.125	-84.9586
102.15	-84.9264
102.175	-84.921
102.2	-84.8895
102.225	-84.8581
102.25	-84.8492
102.275	-84.8523
102.3	-84.8201
102.325	-84.7915
102.35	-84.76
102.375	-84.7276
102.4	-84.697
102.425	-84.6478
102.45	-84.6372
102.475	-84.6233
102.5	-84.6192
102.525	-84.5875
102.55	-84.5558
102.575	-84.5243
102.6	-84.5116
102.625	-84.48
102.65	-84.4768
102.675	-84.4736
102.7	-84.4412
102.725	-84.4095
102.75	-84.3849
102.775	-84.3529
102.8	-84.2216
102.825	-84.1897
102.85	-84.184
102.875	-84.155
102.9	-84.1617
102.925	-84.1979
102.95	-84.1956
102.975	-84.1635
103	-84.1315
103.025	-84.1013
103.05	-84.0695
103.075	-84.0408
103.1	-84.0445
103.125	-84.3215
103.15	-84.1973
103.175	-84.1613
103.2	-84.1081
103.225	-84.0718
103.25	-84.0546
103.275	-84.001
103.3	-83.9663
103.325	-83.9322
103.35	-83.9098
103.375	-83.8757
103.4	-83.8576
103.425	-83.8309
103.45	-83.7968
103.475	-83.7625
103.5	-83.7301
103.525	-83.1337
103.55	-83.1114
103.575	-83.0987
103.6	-83.0913
103.625	-83.0693
103.65	-83.0457
103.675	-82.9884
103.7	-82.9818
103.725	-82.9583
103.75	-82.9394
103.775	-82.9372
103.8	-82.8909
103.825	-82.8855
103.85	-82.8723
103.875	-82.8424
103.9	-82.8215
103.925	-82.7999
103.95	-82.7765
103.975	-82.7516
104	-82.6941
104.025	-82.6702
104.05	-82.6671
104.075	-82.6416
104.1	-82.6097
104.125	-82.606
104.15	-82.5811
104.175	-82.5585
104.2	-82.5537
104.225	-82.5585
104.25	-82.5334
104.275	-82.5079
104.3	-82.3908
104.325	-82.3713
104.35	-82.3517
104.375	-82.3275
104.4	-82.3033
104.425	-82.2971
104.45	-82.2726
104.475	-82.2702
104.5	-82.2451
104.525	-82.2201
104.55	-82.204
104.575	-82.1878
104.6	-82.163
104.625	-82.1536
104.65	-82.1568
104.675	-82.1213
104.7	-82.0694
104.725	-82.0433
104.75	-82.0151
104.775	-81.9931
104.8	-81.9995
104.825	-81.9596
104.85	-81.9342
104.875	-81.8903
104.9	-81.8742
104.925	-81.8728
104.95	-81.8788
104.975	-81.899
105	-81.894
105.025	-81.8687
105.05	-81.7771
105.075	-81.7442
105.1	-81.7172
105.125	-81.6907
105.15	-81.6834
105.175	-81.6763
105.2	-81.6941
105.225	-81.6857
105.25	-81.6574
105.275	-81.6292
105.3	-81.5993
105.325	-81.594
105.35	-81.5888
105.375	-81.5487
105.4	-81.5171
105.425	-81.469
105.45	-81.4644
105.475	-81.4396
105.5	-81.411
105.525	-81.3825
105.55	-81.3576
105.575	-81.3229
105.6	-81.3135
105.625	-81.3175
105.65	-81.2884
105.675	-81.2744
105.7	-81.2393
105.725	-81.2378
105.75	-81.2648
105.775	-81.2615
105.8	-81.2148
105.825	-81.1843
105.85	-81.118
105.875	-81.0884
105.9	-81.0592
105.925	-81.1525
105.95	-81.1481
105.975	-81.129
106	-81.0912
106.025	-81.0595
106.05	-81.0279
106.075	-80.9964
106.1	-80.965
106.125	-80.9336
106.15	-80.9045
106.175	-80.8738
106.2	-80.8427
106.225	-80.8304
106.25	-80.8219
106.275	-80.7903
106.3	-80.717
106.325	-80.7139
106.35	-80.68
106.375	-80.6492
106.4	-80.6062
106.425	-80.6294
106.45	-80.6425
106.475	-80.6112
106.5	-80.5781
106.525	-80.5445
106.55	-80.5137
106.575	-80.508
106.6	-80.5094
106.625	-80.4953
106.65	-80.4535
106.675	-80.4205
106.7	-80.3903
106.725	-80.3509
106.75	-80.3189
106.775	-80.3243
106.8	-80.292
106.825	-80.2598
106.85	-80.2689
106.875	-80.2363
106.9	-80.1881
106.925	-80.1571
106.95	-80.125
106.975	-80.1353
107	-80.0559
107.025	-80.0469
107.05	-80.0149
107.075	-79.9961
107.1	-79.9718
107.125	-79.9508
107.15	-80.0474
107.175	-80.0305
107.2	-81.0779
107.225	-81.0185
107.25	-81.042
107.275	-80.9913
107.3	-80.9453
107.325	-80.955
107.35	-80.9331
107.375	-80.9272
107.4	-80.9152
107.425	-80.5867
107.45	-80.6684
107.475	-80.6619
107.5	-80.6667
107.525	-80.6505
107.55	-80.6035
107.575	-80.5551
107.6	-80.5075
107.625	-80.4597
107.65	-80.4094
107.675	-80.3624
107.7	-80.317
107.725	-80.2706
107.75	-80.2235
107.775	-80.1806
107.8	-80.1351
107.825	-80.1423
107.85	-80.0973
107.875	-80.0521
107.9	-79.9834
107.925	-79.9645
107.95	-79.92
107.975	-79.9147
108	-79.9517
108.025	-79.949
108.05	-79.9054
108.075	-79.8746
108.1	-79.8214
108.125	-79.8524
108.15	-79.8488
108.175	-79.8049
108.2	-79.7589
108.225	-79.7635
108.25	-79.7179
108.275	-79.6721
108.3	-79.6268
108.325	-79.5814
108.35	-79.5368
108.375	-79.4923
108.4	-79.4221
108.425	-79.4383
108.45	-79.3947
108.475	-79.4031
108.5	-79.3587
108.525	-79.3944
108.55	-79.3355
108.575	-79.3306
108.6	-79.3252
108.625	-79.329
108.65	-79.2787
108.675	-79.1901
108.7	-79.1429
108.725	-79.0967
108.75	-79.0593
108.775	-79.0163
108.8	-78.9695
108.825	-78.8723
108.85	-78.8806
108.875	-78.8923
108.9	-78.8087
108.925	-78.8028
108.95	-78.8126
108.975	-78.7692
109	-78.7267
109.025	-78.6718
109.05	-78.6299
109.075	-78.6873
109.1	-78.6938
109.125	-78.6888
109.15	-78.645
109.175	-78.6376
109.2	-78.6548
109.225	-78.611
109.25	-78.6215
109.275	-78.5786
109.3	-78.5397
109.325	-78.5303
109.35	-78.481
109.375	-78.4846
109.4	-78.4455
109.425	-78.4059
109.45	-78.3966
109.475	-78.4104
109.5	-78.3712
109.525	-78.3261
109.55	-78.2805
109.575	-78.2762
109.6	-78.2676
109.625	-78.2536
109.65	-78.2088
109.675	-78.1626
109.7	-78.1189
109.725	-78.1097
109.75	-78.0661
109.775	-78.079
109.8	-78.049
109.825	-78.0051
109.85	-77.9818
109.875	-77.9685
109.9	-77.9601
109.925	-77.9113
109.95	-77.8645
109.975	-77.852
110	-77.8094
110.025	-77.7661
110.05	-77.832
110.075	-78.0087
110.1	-77.9617
110.125	-77.9305
110.15	-78.0252
110.175	-77.9789
110.2	-77.9584
110.225	-77.9103
110.25	-77.8809
110.275	-77.8334
110.3	-77.8255
110.325	-77.7781
110.35	-77.731
110.375	-77.6851
110.4	-77.663
110.425	-77.6377
110.45	-77.5911
110.475	-77.5422
110.5	-77.6169
110.525	-77.513
110.55	-77.136
110.575	-77.0945
110.6	-77.0887
110.625	-77.0989
110.65	-77.0566
110.675	-77.0147
110.7	-76.9835
110.725	-76.9875
110.75	-76.9507
110.775	-76.8588
110.8	-76.8475
110.825	-76.8436
110.85	-76.9905
110.875	-77.0086
110.9	-76.9748
110.925	-76.9308
110.95	-76.9121
110.975	-76.8689
111	-76.824
111.025	-76.7992
111.05	-76.9123
111.075	-76.9088
111.1	-76.9117
111.125	-77.0325
111.15	-77.0268
111.175	-76.979
111.2	-76.9177
111.225	-76.8711
111.25	-76.8243
111.275	-76.7773
111.3	-76.8176
111.325	-76.7716
111.35	-76.784
111.375	-76.7882
111.4	-76.741
111.425	-76.7387
111.45	-76.6868
111.475	-76.6368
111.5	-76.6282
111.525	-76.6186
111.55	-76.5562
111.575	-76.5205
111.6	-76.4752
111.625	-76.4289
111.65	-76.383
111.675	-76.3376
111.7	-76.2922
111.725	-76.2471
111.75	-76.1805
111.775	-76.1186
111.8	-76.0743
111.825	-76.0305
111.85	-75.9871
111.875	-75.9723
111.9	-75.9283
111.925	-75.8853
111.95	-75.8778
111.975	-75.8257
112	-75.7963
112.025	-75.7503
112.05	-75.7218
112.075	-75.6796
112.1	-75.6376
112.125	-75.5949
112.15	-75.5638
112.175	-75.59
112.2	-75.5465
112.225	-75.5046
112.25	-75.5329
112.275	-75.5213
112.3	-75.5135
112.325	-75.452
112.35	-75.4459
112.375	-75.4037
112.4	-75.3737
112.425	-75.3314
112.45	-75.2894
112.475	-75.2477
112.5	-75.2512
112.525	-75.2094
112.55	-75.169
112.575	-75.1276
112.6	-75.0892
112.625	-75.0512
112.65	-75.0587
112.675	-75.0486
112.7	-75.8606
112.725	-75.8118
112.75	-75.7606
112.775	-75.7096
112.8	-75.659
112.825	-75.6334
112.85	-75.6247
112.875	-75.5745
112.9	-75.5249
112.925	-75.4711
112.95	-75.4282
112.975	-75.4089
113	-75.4107
113.025	-75.3614
113.05	-75.3361
113.075	-75.0135
113.1	-74.9681
113.125	-74.9376
113.15	-74.8453
113.175	-74.7986
113.2	-74.7547
113.225	-74.6766
113.25	-74.6336
113.275	-74.5907
113.3	-74.5577
113.325	-74.5683
113.35	-74.5874
113.375	-74.544
113.4	-74.5011
113.425	-74.4582
113.45	-74.45
113.475	-74.0092
113.5	-73.9713
113.525	-73.958
113.55	-73.9191
113.575	-73.8816
113.6	-73.8439
113.625	-73.7968
113.65	-73.7592
113.675	-73.753
113.7	-73.7415
113.725	-73.7787
113.75	-73.8881
113.775	-73.8818
113.8	-73.8452
113.825	-73.7814
113.85	-73.7649
113.875	-73.7255
113.9	-73.6854
113.925	-73.6757
113.95	-73.6369
113.975	-73.6108
114	-73.5936
114.025	-73.5984
114.05	-73.6568
114.075	-73.5375
114.1	-73.4983
114.125	-73.4577
114.15	-73.419
114.175	-73.4223
114.2	-73.3687
114.225	-73.3302
114.25	-73.2919
114.275	-73.2724
114.3	-73.2331
114.325	-73.1951
114.35	-73.1572
114.375	-73.1196
114.4	-73.1134
114.425	-73.0774
114.45	-73.0399
114.475	-73.0026
114.5	-72.9654
114.525	-72.9283
114.55	-72.85
114.575	-72.8513
114.6	-72.8148
114.625	-72.8109
114.65	-72.7912
114.675	-72.7833
114.7	-72.807
114.725	-72.7969
114.75	-72.8088
114.775	-72.7683
114.8	-72.7299
114.825	-72.4927
114.85	-72.4962
114.875	-72.53
114.9	-72.4137
114.925	-72.3726
114.95	-72.3682
114.975	-72.3331
115	-72.2979
115.025	-72.3135
115.05	-72.2674
115.075	-72.2304
115.1	-72.247
115.125	-72.2229
115.15	-72.2057
115.175	-72.1703
115.2	-72.1617
115.225	-72.1271
115.25	-72.2932
115.275	-72.0023
115.3	-71.9997
115.325	-71.6892
115.35	-71.695
115.375	-71.6694
115.4	-71.7036
115.425	-71.7234
115.45	-71.691
115.475	-71.5582
115.5	-71.5267
115.525	-71.4983
115.55	-71.4896
115.575	-71.4585
115.6	-71.4518
115.625	-71.4217
115.65	-71.3901
115.675	-71.3907
115.7	-71.3565
115.725	-71.3236
115.75	-71.2903
115.775	-71.2014
115.8	-71.1886
115.825	-71.1578
115.85	-71.1257
115.875	-71.0955
115.9	-71.0181
115.925	-70.9704
115.95	-70.9747
115.975	-70.9447
116	-70.9277
116.025	-70.9111
116.05	-70.8836
116.075	-70.8743
116.1	-70.8441
116.125	-70.8131
116.15	-70.8194
116.175	-70.7872
116.2	-70.7617
116.225	-70.7304
116.25	-70.7
116.275	-70.6611
116.3	-70.405
116.325	-70.4105
116.35	-70.4156
116.375	-70.5493
116.4	-70.534
116.425	-70.5151
116.45	-70.4852
116.475	-70.388
116.5	-70.3592
116.525	-70.3291
116.55	-70.3161
116.575	-70.2873
116.6	-70.2569
116.625	-70.2282
116.65	-70.1997
116.675	-70.3804
116.7	-70.3497
116.725	-70.3192
116.75	-70.343
116.775	-70.353
116.8	-70.3228
116.825	-70.2917
116.85	-70.2608
116.875	-70.1838
116.9	-70.1869
116.925	-70.1622
116.95	-70.1886
116.975	-70.1551
117	-70.1042
117.025	-70.0909
117.05	-70.0718
117.075	-70.0746
117.1	-70.0527
117.125	-70.0466
117.15	-70.0411
117.175	-70.0283
117.2	-70.0879
117.225	-70.0558
117.25	-70.0945
117.275	-70.0867
117.3	-70.0545
117.325	-70.0421
117.35	-70.0383
117.375	-69.9726
117.4	-69.9586
117.425	-69.9321
117.45	-69.9434
117.475	-69.9263
117.5	-69.8941
117.525	-69.8794
117.55	-70.0028
117.575	-70.0123
117.6	-69.9733
117.625	-69.9396
117.65	-69.9459
117.675	-69.9163
117.7	-69.8954
117.725	-69.8654
117.75	-69.8287
117.775	-69.8
117.8	-69.7963
117.825	-69.787
117.85	-69.7538
117.875	-69.7451
117.9	-69.7184
117.925	-69.7078
117.95	-69.6963
117.975	-69.6886
118	-70.0821
118.025	-70.0751
118.05	-70.0842
118.075	-70.0462
118.1	-70.0381
118.125	-70.0005
118.15	-69.9656
118.175	-69.9252
118.2	-69.9229
118.225	-69.9848
118.25	-69.9494
118.275	-69.9104
118.3	-69.8732
118.325	-69.8034
118.35	-69.7183
118.375	-69.6825
118.4	-69.6763
118.425	-69.6848
118.45	-69.7065
118.475	-69.6515
118.5	-70.5434
118.525	-70.4975
118.55	-70.4491
118.575	-70.4044
118.6	-70.3922
118.625	-70.3789
118.65	-70.3324
118.675	-70.4
118.7	-70.3388
118.725	-70.3254
118.75	-70.3292
118.775	-70.285
118.8	-70.2415
118.825	-70.2302
118.85	-70.2167
118.875	-70.2131
118.9	-70.2309
118.925	-70.2161
118.95	-70.1715
118.975	-70.1425
119	-70.1508
119.025	-70.1133
119.05	-70.0738
119.075	-70.0206
119.1	-69.7909
119.125	-69.7535
119.15	-69.6831
119.175	-69.6501
119.2	-69.6267
119.225	-69.6056
119.25	-69.5662
119.275	-69.5221
119.3	-69.5128
119.325	-69.491
119.35	-69.4467
119.375	-69.4565
119.4	-69.1734
119.425	-69.1371
119.45	-69.0643
119.475	-69.066
119.5	-69.03
119.525	-68.9941
119.55	-68.971
119.575	-68.9352
119.6	-68.8995
119.625	-68.8876
119.65	-68.852
119.675	-68.8131
119.7	-68.7779
119.725	-68.7611
119.75	-68.7687
119.775	-68.7376
119.8	-68.6567
119.825	-68.6284
119.85	-68.5938
119.875	-68.5543
119.9	-68.5193
119.925	-68.442
119.95	-68.5472
119.975	-68.5129
120	-68.4774
120.025	-68.4444
120.05	-68.466
120.075	-68.422
120.1	-68.4678
120.125	-68.6686
120.15	-68.6554
120.175	-68.6201
120.2	-68.5804
120.225	-68.5969
120.25	-68.6072
120.275	-68.551
120.3	-68.5355
120.325	-68.5387
120.35	-68.3505
120.375	-68.3446
120.4	-68.3093
120.425	-68.27
120.45	-68.2368
120.475	-68.2055
120.5	-68.1708
120.525	-68.1366
120.55	-68.1027
120.575	-68.0539
120.6	-68.0206
120.625	-68.425
120.65	-68.3864
120.675	-68.3592
120.7	-68.3304
120.725	-68.3137
120.75	-68.2767
120.775	-68.2525
120.8	-68.2427
120.825	-68.1948
120.85	-68.1427
120.875	-68.1033
120.9	-68.1094
120.925	-68.1116
120.95	-68.0694
120.975	-68.0348
121	-68.0465
121.025	-68.0112
121.05	-68.0133
121.075	-67.9811
121.1	-67.9024
121.125	-67.8942
121.15	-67.8795
121.175	-67.8467
121.2	-67.8269
121.225	-67.8785
121.25	-67.8451
121.275	-67.8681
121.3	-67.8831
121.325	-67.8479
121.35	-67.8127
121.375	-67.778
121.4	-67.7435
121.425	-67.7093
121.45	-67.6342
121.475	-67.6057
121.5	-67.5749
121.525	-67.5426
121.55	-67.5503
121.575	-67.5171
121.6	-67.5301
121.625	-67.4928
121.65	-67.4639
121.675	-67.4708
121.7	-67.4152
121.725	-67.3825
121.75	-67.3651
121.775	-67.3566
121.8	-67.3522
121.825	-67.3195
121.85	-67.2871
121.875	-67.2548
121.9	-67.3093
121.925	-67.2789
121.95	-67.2764
121.975	-67.2436
122	-67.2111
122.025	-67.1805
122.05	-67.1251
122.075	-67.0978
122.1	-67.0876
122.125	-67.4019
122.15	-67.3668
122.175	-67.3321
122.2	-67.2972
122.225	-67.2632
122.25	-67.2301
122.275	-67.1997
122.3	-67.1667
122.325	-67.1594
122.35	-67.1479
122.375	-67.168
122.4	-67.1329
122.425	-67.0115
122.45	-66.98
122.475	-66.9484
122.5	-66.9138
122.525	-66.9113
122.55	-66.8809
122.575	-66.835
122.6	-66.8431
122.625	-66.8265
122.65	-66.841
122.675	-66.867
122.7	-66.8356
122.725	-66.8039
122.75	-66.7728
122.775	-66.7375
122.8	-66.745
122.825	-66.7136
122.85	-66.7393
122.875	-66.7082
122.9	-66.6993
122.925	-66.6732
122.95	-66.6427
122.975	-66.6159
123	-66.5286
123.025	-66.4954
123.05	-66.5159
123.075	-66.5179
123.1	-66.5339
123.125	-66.5037
123.15	-66.4746
123.175	-66.4412
123.2	-66.4126
123.225	-66.3834
123.25	-66.3537
123.275	-66.3168
123.3	-66.291
123.325	-66.2804
123.35	-66.2521
123.375	-66.2567
123.4	-66.2288
123.425	-66.2308
123.45	-66.2022
123.475	-66.174
123.5	-66.1301
123.525	-66.1023
123.55	-66.0713
123.575	-66.0426
123.6	-66.0172
123.625	-66.02
123.65	-65.9928
123.675	-65.9658
123.7	-65.9708
123.725	-65.9614
123.75	-65.9583
123.775	-65.9321
123.8	-65.9332
123.825	-65.9061
123.85	-65.8747
123.875	-65.8516
123.9	-65.8329
123.925	-65.8065
123.95	-65.8071
123.975	-65.776
124	-65.7499
124.025	-65.7239
124.05	-65.7119
124.075	-65.6861
124.1	-65.6605
124.125	-65.6955
124.15	-65.6959
124.175	-65.6697
124.2	-65.6571
124.225	-65.6377
124.25	-65.6136
124.275	-65.6163
124.3	-65.5904
124.325	-65.5653
124.35	-65.5317
124.375	-65.5371
124.4	-65.5116
124.425	-65.4792
124.45	-65.4279
124.475	-65.4035
124.5	-65.4883
124.525	-65.465
124.55	-65.4474
124.575	-65.4224
124.6	-65.4036
124.625	-65.3793
124.65	-65.3546
124.675	-65.3295
124.7	-65.3211
124.725	-65.3108
124.75	-65.2883
124.775	-65.262
124.8	-65.2388
124.825	-65.2157
124.85	-65.1928
124.875	-65.4837
124.9	-65.453
124.925	-65.4277
124.95	-65.4025
124.975	-65.3808
125	-65.4829
125.025	-65.533
125.05	-65.496
125.075	-65.4795
125.1	-65.4549
125.125	-65.0726
125.15	-65.0527
125.175	-65.0339
125.2	-65.0215
125.225	-65.0023
125.25	-64.9822
125.275	-64.9762
125.3	-64.969
125.325	-64.9669
125.35	-64.9528
125.375	-64.9331
125.4	-64.9279
125.425	-64.9123
125.45	-64.8941
125.475	-64.9107
125.5	-64.8939
125.525	-64.874
125.55	-64.8536
125.575	-64.8338
125.6	-64.812
125.625	-64.8074
125.65	-64.7877
125.675	-64.7812
125.7	-64.764
125.725	-64.7442
125.75	-64.7305
125.775	-64.733
125.8	-64.713
125.825	-64.7072
125.85	-64.6882
125.875	-64.6693
125.9	-64.6534
125.925	-64.6362
125.95	-64.6161
125.975	-64.5866
126	-64.5818
126.025	-64.5569
126.05	-64.5591
126.075	-64.5372
126.1	-64.5238
126.125	-64.5038
126.15	-64.4943
126.175	-64.4787
126.2	-64.4588
126.225	-64.4599
126.25	-64.4403
126.275	-64.4233
126.3	-64.4212
126.325	-64.4042
126.35	-64.4006
126.375	-64.3827
126.4	-64.3595
126.425	-64.3433
126.45	-64.305
126.475	-64.2896
126.5	-64.2743
126.525	-64.2511
126.55	-64.2378
126.575	-64.2229
126.6	-64.2055
126.625	-64.1909
126.65	-64.1736
126.675	-64.1615
126.7	-64.1536
126.725	-64.1507
126.75	-64.1543
126.775	-64.14
126.8	-64.1259
126.825	-64.1228
126.85	-64.1113
126.875	-64.095
126.9	-64.0691
126.925	-64.0418
126.95	-64.022
126.975	-64.0446
127	-64.0274
127.025	-64.0196
127.05	-64.0044
127.075	-63.9899
127.1	-63.9766
127.125	-63.9652
127.15	-63.7123
127.175	-63.7076
127.2	-63.7203
127.225	-63.7103
127.25	-63.714
127.275	-63.7123
127.3	-63.7067
127.325	-63.7021
127.35	-63.7098
127.375	-63.7121
127.4	-63.705
127.425	-63.7238
127.45	-63.7379
127.475	-63.7358
127.5	-63.718
127.525	-63.7078
127.55	-63.6978
127.575	-63.6877
127.6	-63.6859
127.625	-63.6761
127.65	-63.6665
127.675	-63.6612
127.7	-63.6519
127.725	-63.6453
127.75	-63.6502
127.775	-63.6465
127.8	-63.6377
127.825	-63.6291
127.85	-63.625
127.875	-63.6199
127.9	-63.6117
127.925	-63.6037
127.95	-63.5961
127.975	-63.5887
128	-63.5866
128.025	-63.5796
128.05	-63.5748
128.075	-63.5681
128.1	-63.5648
128.125	-63.5584
128.15	-63.5522
128.175	-63.5462
128.2	-63.5393
128.225	-63.5751
128.25	-63.5735
128.275	-63.5677
128.3	-63.5632
128.325	-63.5579
128.35	-63.5557
128.375	-63.5544
128.4	-63.5489
128.425	-63.5445
128.45	-63.5403
128.475	-63.5325
128.5	-63.5287
128.525	-63.5264
128.55	-63.523
128.575	-63.5199
128.6	-63.529
128.625	-63.5257
128.65	-63.5244
128.675	-63.5233
128.7	-63.5209
128.725	-63.5188
128.75	-63.5168
128.775	-63.5157
128.8	-63.5147
128.825	-63.5133
128.85	-63.5122
128.875	-63.5111
128.9	-63.5103
128.925	-63.5097
128.95	-63.5093
128.975	-63.5091
129	-63.5091
129.025	-63.5093
129.05	-63.5091
129.075	-63.5088
129.1	-63.5085
129.125	-63.5094
129.15	-63.5108
129.175	-63.5121
129.2	-63.5126
129.225	-63.514
129.25	-63.5119
129.275	-63.514
129.3	-63.5135
129.325	-63.5177
129.35	-63.5161
129.375	-63.5132
129.4	-63.5123
129.425	-63.5096
129.45	-63.5094
129.475	-63.5131
129.5	-63.5173
129.525	-63.5213
129.55	-63.5215
129.575	-63.5258
129.6	-63.5302
129.625	-63.5348
129.65	-63.5395
129.675	-63.551
129.7	-63.5505
129.725	-63.5374
129.75	-63.543
129.775	-63.5466
129.8	-63.5468
129.825	-63.5465
129.85	-63.5526
129.875	-63.5548
129.9	-63.5527
129.925	-63.5596
129.95	-63.5661
129.975	-63.5732
130	-63.5804
130.025	-63.5876
130.05	-63.595
130.075	-63.6031
130.1	-63.6103
130.125	-63.6024
130.15	-63.6271
130.175	-63.6353
130.2	-63.6025
130.225	-63.6116
130.25	-63.6206
130.275	-63.625
130.3	-63.6342
130.325	-63.6326
130.35	-63.6178
130.375	-63.6279
130.4	-63.641
130.425	-63.651
130.45	-63.6481
130.475	-63.6464
130.5	-63.6571
130.525	-63.659
130.55	-63.6765
130.575	-63.6898
130.6	-63.7006
130.625	-63.7204
130.65	-63.7204
130.675	-63.7243
130.7	-63.736
130.725	-63.7402
130.75	-63.7519
130.775	-63.7592
130.8	-63.7716
130.825	-63.7836
130.85	-63.7957
130.875	-63.8079
130.9	-63.8085
130.925	-63.8156
130.95	-63.836
130.975	-63.8201
131	-63.8274
131.025	-63.8377
131.05	-63.8511
131.075	-63.8645
131.1	-63.9185
131.125	-63.888
131.15	-63.8891
131.175	-63.8917
131.2	-63.8978
131.225	-63.8853
131.25	-63.8999
131.275	-63.9176
131.3	-63.9349
131.325	-63.9507
131.35	-63.9652
131.375	-63.9641
131.4	-63.98
131.425	-63.9949
131.45	-64.0096
131.475	-64.0166
131.5	-64.03
131.525	-64.0346
131.55	-64.03
131.575	-64.0428
131.6	-64.0584
131.625	-64.074
131.65	-64.0868
131.675	-64.1029
131.7	-64.1184
131.725	-64.1057
131.75	-64.1215
131.775	-64.1394
131.8	-64.1411
131.825	-64.157
131.85	-64.1618
131.875	-64.1772
131.9	-64.192
131.925	-64.2098
131.95	-64.2124
131.975	-64.2284
132	-64.2126
132.025	-64.2214
132.05	-64.238
132.075	-64.2544
132.1	-64.2712
132.125	-64.2894
132.15	-64.2904
132.175	-64.3066
132.2	-64.3229
132.225	-64.3239
132.25	-64.3532
132.275	-64.3694
132.3	-64.4069
132.325	-64.4087
132.35	-64.4239
132.375	-64.4398
132.4	-64.4573
132.425	-64.4518
132.45	-64.4658
132.475	-64.4818
132.5	-64.502
132.525	-64.5179
132.55	-64.5338
132.575	-64.5339
132.6	-64.5476
132.625	-64.5548
132.65	-64.5527
132.675	-64.5671
132.7	-64.5831
132.725	-64.5991
132.75	-64.6149
132.775	-64.6091
132.8	-64.6246
132.825	-64.6405
132.85	-64.6568
132.875	-64.6644
132.9	-64.678
132.925	-64.6861
132.95	-64.7039
132.975	-64.7022
133	-64.7178
133.025	-64.7334
133.05	-64.7519
133.075	-64.7388
133.1	-64.7482
133.125	-64.7637
133.15	-64.7963
133.175	-64.8167
133.2	-64.8391
133.225	-64.8536
133.25	-64.8679
133.275	-64.8671
133.3	-64.8784
133.325	-64.893
133.35	-64.9088
133.375	-64.9323
133.4	-64.9466
133.425	-64.965
133.45	-64.9734
133.475	-64.9919
133.5	-65.0061
133.525	-65.0324
133.55	-65.3168
133.575	-65.3255
133.6	-65.3276
133.625	-65.3359
133.65	-65.3427
133.675	-65.3711
133.7	-65.4234
133.725	-65.4316
133.75	-65.4405
133.775	-65.4494
133.8	-65.3859
133.825	-65.4006
133.85	-65.402
133.875	-65.412
133.9	-65.4222
133.925	-65.4292
133.95	-65.4373
133.975	-65.4133
134	-65.4218
134.025	-65.4346
134.05	-65.414
134.075	-65.4242
134.1	-65.4352
134.125	-65.445
134.15	-65.4544
134.175	-65.3974
134.2	-65.4084
134.225	-65.4187
134.25	-65.4282
134.275	-65.4312
134.3	-65.4403
134.325	-65.4421
134.35	-65.4408
134.375	-65.4499
134.4	-65.4529
134.425	-65.4645
134.45	-65.4601
134.475	-65.4689
134.5	-65.4777
134.525	-65.4863
134.55	-65.4948
134.575	-65.5031
134.6	-65.5031
134.625	-65.5049
134.65	-65.5122
134.675	-65.5198
134.7	-65.5274
134.725	-65.5387
134.75	-65.539
134.775	-65.5481
134.8	-65.5525
134.825	-65.5649
134.85	-65.57
134.875	-65.5694
134.9	-65.5698
134.925	-65.5694
134.95	-65.5758
134.975	-65.5819
135	-65.582
135.025	-65.5884
135.05	-65.5878
135.075	-65.5969
135.1	-65.6021
135.125	-65.6078
135.15	-65.6151
135.175	-65.6207
135.2	-65.6263
135.225	-65.6317
135.25	-65.6302
135.275	-65.6353
135.3	-65.6387
135.325	-65.6381
135.35	-65.6485
135.375	-65.6537
135.4	-65.6584
135.425	-65.663
135.45	-65.6675
135.475	-65.6798
135.5	-65.684
135.525	-65.688
135.55	-65.6875
135.575	-65.6913
135.6	-65.6952
135.625	-65.6993
135.65	-65.6999
135.675	-65.7027
135.7	-65.7061
135.725	-65.7069
135.75	-65.7102
135.775	-65.7119
135.8	-65.7162
135.825	-65.7164
135.85	-65.7151
135.875	-65.7151
135.9	-65.718
135.925	-65.7093
135.95	-65.7151
135.975	-65.7124
136	-65.7097
136.025	-65.7084
136.05	-65.7075
136.075	-65.7076
136.1	-65.7026
136.125	-65.7025
136.15	-65.7016
136.175	-65.7011
136.2	-65.7022
136.225	-65.7256
136.25	-65.7201
136.275	-65.7162
136.3	-65.7164
136.325	-65.7147
136.35	-65.7115
136.375	-65.7166
136.4	-65.7164
136.425	-65.7164
136.45	-65.7168
136.475	-65.7174
136.5	-65.7181
136.525	-65.7188
136.55	-65.7188
136.575	-65.7191
136.6	-65.7199
136.625	-65.7206
136.65	-65.7177
136.675	-65.7184
136.7	-65.7191
136.725	-65.7188
136.75	-65.7192
136.775	-65.7196
136.8	-65.7187
136.825	-65.719
136.85	-65.7193
136.875	-65.7192
136.9	-65.7193
136.925	-65.7186
136.95	-65.7187
136.975	-65.7187
137	-65.7186
137.025	-65.7187
137.05	-65.7179
137.075	-65.7176
137.1	-65.7172
137.125	-65.7169
137.15	-65.7169
137.175	-65.715
137.2	-65.7144
137.225	-65.7058
137.25	-65.7053
137.275	-65.7041
137.3	-65.7035
137.325	-65.7023
137.35	-65.7013
137.375	-65.7005
137.4	-65.6994
137.425	-65.6994
137.45	-65.6984
137.475	-65.6974
137.5	-65.6963
137.525	-65.6952
137.55	-65.6941
137.575	-65.6929
137.6	-65.6904
137.625	-65.6891
137.65	-65.6878
137.675	-65.6857
137.7	-65.6844
137.725	-65.6829
137.75	-65.6835
137.775	-65.6816
137.8	-65.6771
137.825	-65.6778
137.85	-65.6761
137.875	-65.6743
137.9	-65.6745
137.925	-65.6727
137.95	-65.6716
137.975	-65.6699
138	-65.6702
138.025	-65.6692
138.05	-65.6671
138.075	-65.6648
138.1	-65.6627
138.125	-65.6607
138.15	-65.6585
138.175	-65.6567
138.2	-65.6544
138.225	-65.6512
138.25	-65.6489
138.275	-65.6466
138.3	-65.6426
138.325	-65.6356
138.35	-65.633
138.375	-65.6312
138.4	-65.6328
138.425	-65.6303
138.45	-65.6277
138.475	-65.8039
138.5	-65.8011
138.525	-65.7986
138.55	-65.7992
138.575	-65.7965
138.6	-65.7915
138.625	-65.7866
138.65	-65.7818
138.675	-65.7745
138.7	-65.7732
138.725	-65.7685
138.75	-65.7639
138.775	-65.7599
138.8	-65.733
138.825	-65.7285
138.85	-65.7244
138.875	-65.7203
138.9	-65.7161
138.925	-65.7121
138.95	-65.699
138.975	-65.696
139	-65.692
139.025	-65.6879
139.05	-65.6841
139.075	-65.6726
139.1	-65.6686
139.125	-65.6668
139.15	-65.6627
139.175	-65.6586
139.2	-65.6552
139.225	-65.651
139.25	-65.6441
139.275	-65.6401
139.3	-65.6361
139.325	-65.6347
139.35	-65.6351
139.375	-65.6307
139.4	-65.6266
139.425	-65.6196
139.45	-65.602
139.475	-65.598
139.5	-65.5964
139.525	-65.5994
139.55	-65.6022
139.575	-65.5988
139.6	-65.5945
139.625	-65.5855
139.65	-65.583
139.675	-65.5814
139.7	-65.5771
139.725	-65.5755
139.75	-65.5765
139.775	-65.5726
139.8	-65.568
139.825	-65.565
139.85	-65.5632
139.875	-65.5778
139.9	-65.573
139.925	-65.5686
139.95	-65.5638
139.975	-65.5591
140	-65.5552
140.025	-65.5505
140.05	-65.5517
140.075	-65.5476
140.1	-65.546
140.125	-65.5412
140.15	-65.5365
140.175	-65.5251
140.2	-65.5338
140.225	-65.5326
140.25	-65.5278
140.275	-65.5255
140.3	-65.5221
140.325	-65.5194
140.35	-65.5093
140.375	-65.5066
140.4	-65.5019
140.425	-65.5023
140.45	-65.5
140.475	-65.5057
140.5	-65.4998
140.525	-65.4949
140.55	-65.4899
140.575	-65.4851
140.6	-65.4534
140.625	-65.4497
140.65	-65.4507
140.675	-65.4492
140.7	-65.4447
140.725	-65.4457
140.75	-65.4437
140.775	-65.4388
140.8	-65.4347
140.825	-65.4302
140.85	-65.4258
140.875	-65.4214
140.9	-65.4169
140.925	-65.4123
140.95	-65.4063
140.975	-65.4205
141	-65.4152
141.025	-65.4126
141.05	-65.4097
141.075	-65.4068
141.1	-65.4012
141.125	-65.3971
141.15	-65.3923
141.175	-65.3877
141.2	-65.3834
141.225	-65.381
141.25	-65.3765
141.275	-65.372
141.3	-65.3943
141.325	-65.3894
141.35	-65.3843
141.375	-65.3765
141.4	-65.3863
141.425	-65.3841
141.45	-65.379
141.475	-65.3742
141.5	-65.371
141.525	-65.3698
141.55	-65.368
141.575	-65.3669
141.6	-65.3622
141.625	-65.3574
141.65	-65.3528
141.675	-65.3507
141.7	-67.8849
141.725	-67.8417
141.75	-67.8039
141.775	-67.9017
141.8	-67.863
141.825	-67.8481
141.85	-67.8381
141.875	-67.8029
141.9	-67.749
141.925	-67.72
141.95	-67.7344
141.975	-67.7033
142	-67.6754
142.025	-67.6443
142.05	-67.6133
142.075	-67.5691
142.1	-67.5495
142.125	-67.4567
142.15	-67.4448
142.175	-67.4482
142.2	-67.4446
142.225	-67.43
142.25	-67.4031
142.275	-67.3999
142.3	-67.3729
142.325	-67.3458
142.35	-67.332
142.375	-67.3056
142.4	-67.2967
142.425	-67.3126
142.45	-67.2961
142.475	-67.2847
142.5	-67.3658
142.525	-67.3367
142.55	-67.1111
142.575	-67.081
142.6	-67.0569
142.625	-67.0359
142.65	-67.0088
142.675	-67.012
142.7	-66.9881
142.725	-66.9643
142.75	-66.5764
142.775	-66.5612
142.8	-66.543
142.825	-66.5242
142.85	-64.9473
142.875	-64.952
142.9	-65.7491
142.925	-65.7396
142.95	-65.7298
142.975	-65.7197
143	-65.7092
143.025	-65.7021
143.05	-65.6882
143.075	-65.685
143.1	-65.6942
143.125	-65.6824
143.15	-65.6687
143.175	-65.658
143.2	-65.6448
143.225	-65.6326
143.25	-65.6204
143.275	-65.6082
143.3	-65.596
143.325	-65.5821
143.35	-65.5703
143.375	-65.5627
143.4	-65.5468
143.425	-65.4324
143.45	-65.5202
143.475	-65.5034
143.5	-65.4942
143.525	-65.4909
143.55	-65.4761
143.575	-65.4723
143.6	-65.4668
143.625	-65.4813
143.65	-65.4681
143.675	-65.4528
143.7	-65.4402
143.725	-65.4283
143.75	-65.4247
143.775	-65.4126
143.8	-65.4006
143.825	-65.3032
143.85	-65.441
143.875	-65.5012
143.9	-65.487
143.925	-65.4625
143.95	-65.4358
143.975	-65.4165
144	-65.3989
144.025	-64.8451
144.05	-64.9254
144.075	-64.924
144.1	-64.9199
144.125	-64.9125
144.15	-64.905
144.175	-64.8956
144.2	-64.8884
144.225	-64.8811
144.25	-64.8798
144.275	-64.8725
144.3	-64.8608
144.325	-64.8489
144.35	-64.8532
144.375	-64.846
144.4	-64.8388
144.425	-64.8325
144.45	-64.8253
144.475	-64.8277
144.5	-64.8209
144.525	-64.8128
144.55	-64.8088
144.575	-64.8035
144.6	-64.7909
144.625	-64.7873
144.65	-64.7904
144.675	-64.7851
144.7	-64.7783
144.725	-64.7719
144.75	-64.7831
144.775	-64.7757
144.8	-64.7639
144.825	-64.7525
144.85	-64.7488
144.875	-64.7423
144.9	-64.736
144.925	-64.734
144.95	-64.7369
144.975	-64.7344
145	-64.7379
145.025	-64.7384
145.05	-64.7354
145.075	-64.7449
145.1	-64.7391
145.125	-64.7304
145.15	-64.7243
145.175	-64.5083
145.2	-64.5056
145.225	-64.5033
145.25	-64.5003
145.275	-64.4973
145.3	-64.496
145.325	-64.5026
145.35	-64.4994
145.375	-64.4848
145.4	-64.4721
145.425	-64.4591
145.45	-64.4509
145.475	-64.4762
145.5	-64.4697
145.525	-64.4527
145.55	-64.4382
145.575	-64.427
145.6	-65.0315
145.625	-65.0147
145.65	-65.0022
145.675	-64.9898
145.7	-65.0117
145.725	-65.0316
145.75	-65.0237
145.775	-65.0142
145.8	-65.0113
145.825	-65.0027
145.85	-64.9941
145.875	-64.9865
145.9	-64.9823
145.925	-64.977
145.95	-64.9776
145.975	-64.9712
146	-64.965
146.025	-65.0478
146.05	-65.0414
146.075	-65.0346
146.1	-65.0317
146.125	-65.028
146.15	-65.026
146.175	-65.0148
146.2	-65.0092
146.225	-65.0038
146.25	-64.9983
146.275	-64.9945
146.3	-64.9918
146.325	-64.9849
146.35	-64.9811
146.375	-64.9762
146.4	-64.9742
146.425	-64.9695
146.45	-64.9652
146.475	-64.9777
146.5	-64.9739
146.525	-64.1017
146.55	-64.0944
146.575	-64.0992
146.6	-64.1046
146.625	-64.1114
146.65	-64.1045
146.675	-64.1048
146.7	-64.106
146.725	-64.1103
146.75	-64.1142
146.775	-64.1178
146.8	-64.121
146.825	-64.1239
146.85	-64.1231
146.875	-64.1254
146.9	-64.1251
146.925	-64.1249
146.95	-64.1266
146.975	-64.1279
147	-64.1298
147.025	-64.132
147.05	-64.13
147.075	-64.1314
147.1	-64.1332
147.125	-64.1351
147.15	-64.1365
147.175	-64.1369
147.2	-64.1363
147.225	-64.1341
147.25	-64.1351
147.275	-64.1372
147.3	-64.1365
147.325	-64.1374
147.35	-64.138
147.375	-64.1403
147.4	-64.1401
147.425	-64.1423
147.45	-64.1417
147.475	-64.1441
147.5	-64.1612
147.525	-64.1635
147.55	-64.1639
147.575	-64.1636
147.6	-64.1653
147.625	-64.1654
147.65	-64.1683
147.675	-64.171
147.7	-64.1707
147.725	-64.1738
147.75	-64.177
147.775	-64.1804
147.8	-64.18
147.825	-64.1836
147.85	-64.1841
147.875	-64.1869
147.9	-64.1863
147.925	-64.1894
147.95	-64.1886
147.975	-64.1926
148	-64.1967
148.025	-64.2003
148.05	-64.2005
148.075	-64.2
148.1	-64.2006
148.125	-64.2348
148.15	-64.2363
148.175	-64.235
148.2	-64.2393
148.225	-64.2437
148.25	-64.245
148.275	-64.2479
148.3	-64.2506
148.325	-64.2553
148.35	-64.2614
148.375	-64.2662
148.4	-64.271
148.425	-64.2759
148.45	-64.282
148.475	-64.2859
148.5	-64.2917
148.525	-64.2967
148.55	-64.3018
148.575	-64.307
148.6	-64.3147
148.625	-64.3146
148.65	-64.3199
148.675	-64.3248
148.7	-64.3293
148.725	-64.3289
148.75	-64.3321
148.775	-64.3377
148.8	-64.3434
148.825	-64.349
148.85	-64.3547
148.875	-64.3605
148.9	-64.3614
148.925	-64.3658
148.95	-64.3716
148.975	-64.3717
149	-64.3774
149.025	-64.3891
149.05	-64.3999
149.075	-64.3996
149.1	-64.4056
149.125	-64.4073
149.15	-64.4067
149.175	-64.4119
149.2	-64.4183
149.225	-64.426
149.25	-64.4456
149.275	-64.4514
149.3	-64.4577
149.325	-64.4638
149.35	-64.4843
149.375	-64.4841
149.4	-64.4835
149.425	-64.4972
149.45	-64.4988
149.475	-64.5049
149.5	-64.5043
149.525	-64.5106
149.55	-64.5163
149.575	-64.5189
149.6	-64.5191
149.625	-64.517
149.65	-64.5236
149.675	-64.5298
149.7	-64.5173
149.725	-64.5254
149.75	-64.5321
149.775	-64.5389
149.8	-64.5456
149.825	-64.5523
149.85	-64.5589
149.875	-64.5652
149.9	-64.5719
149.925	-64.57
149.95	-64.5767
149.975	-64.5711
150	-64.5716
150.025	-64.5699
150.05	-64.5701
150.075	-64.57
150.1	-64.573
150.125	-64.5687
150.15	-64.573
150.175	-64.5812
150.2	-64.584
150.225	-64.5855
150.25	-64.5917
150.275	-64.5981
150.3	-64.5837
150.325	-64.5832
150.35	-64.6027
150.375	-64.6096
150.4	-64.6164
150.425	-64.6105
150.45	-64.6172
150.475	-64.6299
150.5	-64.6383
150.525	-64.6415
150.55	-64.6479
150.575	-64.6496
150.6	-64.6503
150.625	-64.6504
150.65	-64.6574
150.675	-64.6586
150.7	-64.6562
150.725	-64.6555
150.75	-64.6055
150.775	-64.6136
150.8	-64.6187
150.825	-64.6176
150.85	-64.616
150.875	-64.6238
150.9	-64.5998
150.925	-64.5799
150.95	-64.5789
150.975	-64.5809
151	-64.6024
151.025	-64.626
151.05	-64.6336
151.075	-64.643
151.1	-64.6547
151.125	-64.6586
151.15	-64.6658
151.175	-64.6653
151.2	-64.6443
151.225	-64.652
151.25	-64.6595
151.275	-64.658
151.3	-64.666
151.325	-64.6735
151.35	-64.68
151.375	-64.6898
151.4	-64.697
151.425	-64.6979
151.45	-64.7083
151.475	-64.7155
151.5	-64.7225
151.525	-64.7295
151.55	-64.7351
151.575	-64.7429
151.6	-64.7497
151.625	-64.7581
151.65	-64.7648
151.675	-64.7715
151.7	-64.7714
151.725	-64.7721
151.75	-64.7838
151.775	-64.7846
151.8	-64.7913
151.825	-64.7914
151.85	-64.7976
151.875	-64.7969
151.9	-64.8076
151.925	-64.8157
151.95	-64.8269
151.975	-64.8331
152	-64.8368
152.025	-64.8349
152.05	-64.8345
152.075	-64.8409
152.1	-64.8473
152.125	-64.8479
152.15	-64.849
152.175	-64.8554
152.2	-64.8503
152.225	-64.8491
152.25	-64.8487
152.275	-64.8479
152.3	-64.8503
152.325	-64.8536
152.35	-64.8576
152.375	-64.862
152.4	-64.8669
152.425	-64.8723
152.45	-64.8705
152.475	-64.8761
152.5	-64.8756
152.525	-64.8814
152.55	-64.8889
152.575	-64.8947
152.6	-64.9031
152.625	-64.9134
152.65	-64.9187
152.675	-64.9243
152.7	-64.9301
152.725	-64.9356
152.75	-64.9411
152.775	-64.9467
152.8	-64.9532
152.825	-64.9586
152.85	-64.9588
152.875	-64.9641
152.9	-64.9694
152.925	-64.9688
152.95	-64.8973
152.975	-64.9043
153	-64.9126
153.025	-64.9123
153.05	-64.9157
153.075	-64.9156
153.1	-64.9135
153.125	-64.9195
153.15	-64.9181
153.175	-64.9161
153.2	-64.9152
153.225	-64.9157
153.25	-64.9196
153.275	-64.9205
153.3	-64.9238
153.325	-64.9169
153.35	-64.9197
153.375	-64.9243
153.4	-64.9272
153.425	-64.9321
153.45	-64.9333
153.475	-64.9383
153.5	-64.9322
153.525	-64.9343
153.55	-64.9204
153.575	-64.9146
153.6	-64.9227
153.625	-64.9137
153.65	-64.9079
153.675	-64.9042
153.7	-64.9031
153.725	-64.9027
153.75	-64.9372
153.775	-64.9302
153.8	-64.9259
153.825	-64.9239
153.85	-64.9235
153.875	-64.9235
153.9	-64.9248
153.925	-64.9274
153.95	-64.9306
153.975	-64.9349
154	-64.9388
154.025	-64.9426
154.05	-64.9469
154.075	-64.9513
154.1	-64.9537
154.125	-64.9532
154.15	-64.9891
154.175	-64.9932
154.2	-64.993
154.225	-64.9928
154.25	-64.9924
154.275	-64.9968
154.3	-65.0022
154.325	-65.0032
154.35	-65.0072
154.375	-64.9886
154.4	-64.9849
154.425	-64.9836
154.45	-64.9826
154.475	-64.9831
154.5	-64.997
154.525	-64.9963
154.55	-64.9987
154.575	-65.0052
154.6	-65.0019
154.625	-65.0005
154.65	-64.9971
154.675	-64.9956
154.7	-64.9952
154.725	-64.9948
154.75	-64.9964
154.775	-64.9986
154.8	-65.0009
154.825	-65.0039
154.85	-65.0056
154.875	-65.0083
154.9	-65.0091
154.925	-65.013
154.95	-65.0167
154.975	-65.4024
155	-65.3999
155.025	-65.3984
155.05	-65.3964
155.075	-65.3949
155.1	-65.3938
155.125	-65.3928
155.15	-65.3917
155.175	-65.3911
155.2	-65.3906
155.225	-65.3901
155.25	-65.3893
155.275	-65.3885
155.3	-65.3876
155.325	-65.3872
155.35	-65.3876
155.375	-65.3869
155.4	-65.386
155.425	-65.386
155.45	-65.3859
155.475	-65.3859
155.5	-65.3858
155.525	-65.3866
155.55	-65.3866
155.575	-65.3865
155.6	-65.3864
155.625	-65.3858
155.65	-65.3856
155.675	-65.3847
155.7	-65.3844
155.725	-65.3805
155.75	-65.3386
155.775	-65.3391
155.8	-65.3399
155.825	-65.3356
155.85	-65.3361
155.875	-65.3338
155.9	-65.3321
155.925	-65.3341
155.95	-65.3278
155.975	-65.3226
156	-65.3187
156.025	-65.3156
156.05	-65.3142
156.075	-65.3128
156.1	-65.3111
156.125	-65.3099
156.15	-65.309
156.175	-65.3082
156.2	-65.3074
156.225	-65.3068
156.25	-65.3069
156.275	-65.3063
156.3	-65.3054
156.325	-65.3048
156.35	-65.3043
156.375	-65.3037
156.4	-65.3031
156.425	-65.3025
156.45	-65.3019
156.475	-65.3009
156.5	-65.3
156.525	-65.2993
156.55	-65.2986
156.575	-65.2976
156.6	-65.2977
156.625	-65.2968
156.65	-65.2959
156.675	-65.296
156.7	-65.2951
156.725	-65.2941
156.75	-65.2932
156.775	-65.2922
156.8	-65.2923
156.825	-65.2909
156.85	-65.2899
156.875	-65.2888
156.9	-65.2877
156.925	-65.2866
156.95	-65.2854
156.975	-65.2843
157	-65.2831
157.025	-65.2821
157.05	-65.2808
157.075	-65.2796
157.1	-65.2652
157.125	-65.256
157.15	-65.2538
157.175	-65.2473
157.2	-65.2422
157.225	-65.2366
157.25	-65.2344
157.275	-65.2427
157.3	-65.2415
157.325	-65.2389
157.35	-65.2402
157.375	-65.238
157.4	-65.2368
157.425	-65.2356
157.45	-65.2344
157.475	-65.2333
157.5	-65.2318
157.525	-65.2321
157.55	-65.2324
157.575	-65.2109
157.6	-65.2068
157.625	-65.2051
157.65	-65.2039
157.675	-65.2044
157.7	-65.2092
157.725	-65.2079
157.75	-65.2066
157.775	-65.2053
157.8	-65.2036
157.825	-65.2023
157.85	-65.2051
157.875	-65.2053
157.9	-65.2039
157.925	-65.2076
157.95	-65.2056
157.975	-65.2045
158	-65.203
158.025	-65.202
158.05	-65.2024
158.075	-65.2008
158.1	-65.199
158.125	-65.197
158.15	-65.1954
158.175	-65.1938
158.2	-65.1922
158.225	-65.1909
158.25	-65.1898
158.275	-65.186
158.3	-65.1844
158.325	-65.1828
158.35	-65.1813
158.375	-65.1794
158.4	-65.1782
158.425	-65.176
158.45	-65.1739
158.475	-65.1723
158.5	-65.1699
158.525	-65.1684
158.55	-65.1689
158.575	-65.1754
158.6	-65.1735
158.625	-65.1717
158.65	-65.17
158.675	-65.1682
158.7	-65.1669
158.725	-65.165
158.75	-65.1633
158.775	-65.1634
158.8	-65.162
158.825	-65.161
158.85	-65.1599
158.875	-65.1588
158.9	-65.157
158.925	-65.1552
158.95	-65.1537
158.975	-65.1515
159	-65.1501
159.025	-65.1483
159.05	-65.1472
159.075	-65.1447
159.1	-65.1461
159.125	-65.1419
159.15	-65.1403
159.175	-65.1386
159.2	-65.1364
159.225	-65.1347
159.25	-65.1355
159.275	-65.1371
159.3	-65.1354
159.325	-65.1342
159.35	-65.1322
159.375	-65.1325
159.4	-65.1342
159.425	-65.1325
159.45	-65.1311
159.475	-65.1293
159.5	-65.1296
159.525	-65.1276
159.55	-65.1258
159.575	-65.124
159.6	-65.1228
159.625	-65.1237
159.65	-65.1239
159.675	-65.1218
159.7	-65.122
159.725	-65.1202
159.75	-65.1184
159.775	-65.1165
159.8	-65.1147
159.825	-65.1129
159.85	-65.1111
159.875	-65.1093
159.9	-65.1122
159.925	-65.111
159.95	-65.1
159.975	-65.0902
160	-65.0818
