8	21	27	59	93	111	117	131	132	145	147	148	163	169	176	179	185	188	190	190	191	208	236	253	264	281	327	345	348	352	355	357	368	397	398	
2	3	4	7	9	16	41	55	61	81	105	106	112	130	131	137	148	174	210	218	222	233	240	257	264	272	283	306	327	333	346	349	363	382	
12	13	14	17	19	51	54	58	60	87	109	110	124	128	142	145	146	157	168	170	179	194	202	216	224	225	229	253	269	279	281	300	340	342	346	352	354	361	366	367	380	385	387	388	
19	34	94	100	102	103	103	109	130	133	140	146	185	195	214	224	273	286	321	326	326	336	342	344	347	350	353	361	
12	36	47	54	69	72	76	99	118	120	123	124	133	137	146	165	169	170	172	172	186	188	200	218	222	238	250	254	294	299	302	309	325	326	349	360	372	381	381	
3	10	25	27	46	50	88	95	100	105	109	113	126	130	137	145	152	160	161	164	164	174	175	176	181	181	188	188	245	323	332	371	372	380	384	385	395	
16	16	24	41	45	49	59	61	78	80	86	113	123	136	141	149	152	161	167	173	193	203	204	206	215	237	248	261	267	267	282	291	314	321	322	328	335	341	341	345	357	357	358	373	381	397	
10	19	23	24	48	65	89	90	90	91	95	110	129	130	131	132	136	140	143	163	178	188	200	204	221	231	262	263	270	276	276	279	315	318	334	335	342	356	362	367	370	377	379	381	
1	6	32	33	35	58	86	119	122	138	140	141	146	148	153	154	155	159	163	167	172	182	182	186	189	193	197	199	202	217	217	229	230	232	262	291	301	323	326	331	332	344	347	352	354	354	362	367	372	379	
15	39	72	91	100	101	109	110	113	115	117	125	131	132	136	140	141	155	168	199	205	225	226	236	239	246	249	252	262	273	279	285	295	297	300	302	312	312	319	346	348	369	375	380	394	
9	21	21	29	29	30	62	63	69	70	80	121	178	189	197	198	200	206	214	226	235	239	246	262	269	314	323	346	349	371	373	381	386	393	395	397	
1	2	5	6	16	25	35	40	47	48	53	65	121	124	143	168	170	180	197	218	245	245	247	251	261	268	285	285	289	300	312	315	318	323	328	337	340	341	345	349	353	363	370	371	
6	9	20	23	27	59	63	82	98	104	112	169	175	185	186	210	212	215	216	226	232	238	264	266	283	296	298	298	320	320	328	348	350	361	363	384	391	
7	33	34	34	36	52	52	58	65	71	74	91	96	101	102	103	110	117	126	145	147	147	154	155	157	160	161	164	171	189	191	205	224	224	229	239	265	268	271	275	278	301	303	312	313	317	318	325	338	340	342	358	358	373	375	
13	17	20	25	33	53	57	73	74	74	80	94	98	121	134	137	142	145	164	178	179	189	193	201	206	207	213	231	244	251	256	260	262	274	276	286	290	296	298	300	303	327	327	335	342	349	352	362	386	394	399	
1	4	13	18	22	43	59	81	82	90	95	99	100	102	108	118	118	126	133	166	174	183	190	194	195	205	214	227	229	237	240	248	253	254	254	256	259	265	274	275	282	288	308	311	326	334	344	344	348	356	381	399	
10	15	18	20	32	39	43	47	48	58	63	85	97	106	107	116	118	120	121	134	146	149	165	188	196	211	219	223	233	298	299	304	305	314	320	323	330	342	357	358	360	366	374	384	388	
11	15	18	27	31	47	55	60	99	108	116	119	126	140	146	147	153	169	175	180	181	185	214	218	220	230	241	241	245	256	264	295	298	299	324	336	356	360	364	365	368	379	391	398	
13	27	28	36	36	41	46	59	65	69	115	120	136	151	155	177	178	199	206	211	224	234	235	247	251	252	256	258	275	294	306	311	338	348	367	384	386	390	
10	15	35	38	48	52	63	65	66	68	94	100	118	124	144	182	221	225	249	251	253	263	319	330	333	338	342	373	391	
2	44	60	64	66	71	72	74	79	85	87	87	90	106	107	118	132	135	136	147	152	162	168	169	187	196	247	249	252	267	268	278	287	288	303	303	309	311	319	338	345	345	365	365	368	375	
9	23	29	38	45	69	71	98	112	155	164	175	187	197	203	203	203	207	234	247	272	275	303	303	312	319	339	377	378	382	383	384	385	389	390	390	
20	32	36	52	56	57	58	162	170	174	176	183	185	195	204	209	215	246	262	268	280	282	290	309	319	331	336	336	341	387	387	392	393	394	398	
5	9	16	25	31	63	73	74	79	81	87	95	119	126	129	144	148	153	202	204	239	239	253	263	268	273	278	280	280	283	287	289	292	293	305	311	320	336	337	339	348	358	395	397	
3	20	25	30	30	36	57	57	61	63	70	70	74	83	89	94	102	107	122	123	128	129	136	145	150	177	178	182	205	207	240	257	266	266	268	270	278	280	284	286	288	295	329	347	365	376	393	
9	11	17	24	59	89	92	109	109	110	125	128	168	176	180	212	238	241	258	283	287	289	292	293	295	306	313	318	322	334	339	348	362	366	380	386	396	
10	48	55	60	73	73	78	111	116	124	137	163	173	179	246	254	297	301	308	312	318	332	336	349	352	365	397	
37	49	50	84	99	125	154	184	187	188	188	228	232	237	261	272	278	279	286	303	321	338	343	346	346	351	362	377	382	391	392	392	399	
4	9	13	38	48	55	73	86	102	103	135	140	151	160	192	206	228	244	254	266	273	296	317	322	322	324	331	333	335	336	339	341	349	350	359	359	365	367	368	370	371	374	395	
3	12	25	39	41	54	56	82	97	104	123	133	155	158	167	174	179	179	189	189	193	194	198	254	254	262	266	274	285	287	303	308	324	330	334	337	341	351	355	369	376	377	379	393	
16	21	28	35	44	54	84	111	117	143	160	175	183	186	197	212	218	256	266	272	283	288	307	313	315	316	328	341	341	344	348	350	359	360	365	367	372	375	390	394	399	399	
11	20	42	46	47	57	60	62	63	119	122	127	141	142	149	156	166	171	182	188	200	208	214	220	221	223	240	251	253	256	274	290	301	328	336	349	349	353	386	388	
14	22	45	52	73	79	91	135	136	139	140	161	181	182	193	199	205	210	222	231	237	250	260	260	263	302	306	322	326	328	336	339	350	350	353	380	
6	12	50	61	68	77	84	92	96	113	128	147	162	199	216	282	295	296	301	302	347	348	364	366	366	370	372	375	391	392	399	
8	14	19	21	50	71	74	76	76	94	103	107	110	114	120	121	126	143	148	159	186	206	212	216	229	239	260	266	275	279	281	305	322	329	331	332	342	343	356	360	362	365	369	378	390	394	394	395	
2	21	27	33	41	42	50	56	70	93	93	97	103	119	120	125	137	141	150	158	167	187	195	203	226	235	240	259	263	308	313	320	323	329	341	349	362	393	395	396	
4	12	16	21	27	34	42	74	76	95	97	115	117	118	123	131	132	132	138	154	161	162	166	184	196	201	202	211	215	218	222	229	230	230	262	285	291	296	297	309	310	319	320	343	360	376	398	
2	2	7	9	11	12	17	20	36	43	45	51	58	68	76	79	79	80	87	92	102	115	123	130	137	170	174	211	221	225	229	234	242	250	251	251	254	256	256	258	286	302	305	311	313	318	339	346	347	347	349	365	370	371	379	393	
12	27	37	45	46	50	56	89	92	109	146	146	149	150	184	193	196	202	213	215	220	221	222	240	247	250	277	278	279	284	297	301	311	314	321	324	348	351	371	377	390	391	
20	28	30	34	37	71	73	77	86	90	109	113	121	153	159	165	186	194	201	220	233	238	251	265	280	283	287	291	303	305	313	324	331	335	350	358	369	374	376	385	
0	6	24	30	30	31	35	35	63	91	102	144	146	150	154	154	165	181	190	199	203	203	214	220	221	223	235	236	259	259	266	285	295	299	303	316	320	332	339	345	347	361	378	381	387	389	392	397	
9	12	25	77	77	80	100	124	137	143	145	166	167	168	173	181	202	213	225	229	247	250	252	258	266	311	321	328	331	336	338	348	359	360	365	367	368	372	373	380	
16	20	38	47	48	75	93	96	99	113	154	161	164	171	209	217	220	224	226	239	258	259	260	271	283	286	310	320	341	341	358	368	373	376	
4	7	9	12	41	62	64	65	68	97	110	143	145	152	153	160	166	179	183	184	193	200	200	206	208	211	218	229	234	235	257	258	262	281	306	315	320	321	325	335	348	361	366	374	381	
5	18	42	51	55	70	79	85	97	104	107	114	123	137	154	164	173	200	212	220	221	223	273	277	297	302	305	320	321	323	326	332	351	369	375	395	
4	46	49	75	89	98	102	114	118	120	127	145	150	163	179	181	189	205	205	211	214	232	239	244	260	271	273	279	319	319	347	349	370	375	378	384	
9	17	28	29	34	57	71	75	80	86	119	134	153	160	173	184	195	204	212	215	247	248	251	256	259	262	274	275	281	284	300	301	302	310	310	332	332	345	348	351	355	356	377	388	
0	27	36	51	56	60	60	61	61	65	67	96	108	125	132	145	149	153	163	171	185	188	190	196	208	214	225	231	232	233	237	254	281	286	309	323	326	327	330	337	348	370	384	392	393	
10	18	42	66	73	92	129	173	179	187	188	198	200	209	214	219	227	228	237	244	273	279	296	297	297	298	299	306	310	321	323	330	339	343	372	393	393	
0	9	23	55	63	71	71	73	79	82	82	84	84	88	94	111	112	117	126	130	138	146	156	165	187	215	225	235	237	239	241	251	277	283	290	291	292	318	329	353	357	367	369	369	381	388	
2	4	12	14	21	32	66	89	95	98	100	101	106	108	112	113	113	114	117	125	147	170	199	204	210	211	234	238	246	254	258	263	263	277	321	332	333	340	345	345	346	351	351	353	367	368	369	381	
0	3	19	42	58	63	67	129	135	137	137	154	162	171	185	188	194	223	225	239	240	242	302	309	315	326	333	335	351	368	369	393	395	
6	9	23	29	48	51	62	75	85	87	94	101	106	108	118	122	128	128	137	149	153	190	199	203	203	227	236	261	272	276	281	283	285	290	298	325	329	342	351	353	363	364	373	380	383	384	386	397	398	
10	18	18	30	32	41	45	49	65	69	81	83	84	98	100	146	165	174	218	221	254	262	267	270	282	283	288	289	328	330	344	358	358	364	369	383	
6	11	17	25	36	44	59	69	70	80	90	95	114	133	139	139	151	160	160	171	177	193	200	206	214	223	234	243	257	265	268	270	286	288	292	294	298	306	315	317	335	335	352	356	360	368	375	383	392	397	
83	88	89	94	96	107	110	113	128	128	137	142	147	154	163	175	177	194	199	211	226	226	260	260	281	306	310	312	325	333	336	343	356	363	385	397	
4	4	12	26	35	35	36	51	62	69	70	77	93	96	97	101	106	106	112	126	132	143	160	163	175	176	214	218	234	241	246	246	256	264	299	341	349	356	358	364	365	369	372	373	382	387	395	396	
53	59	90	93	100	114	133	147	148	155	155	159	165	168	173	174	177	186	205	229	236	237	238	267	277	279	280	286	289	323	323	341	345	349	354	374	387	388	393	
7	13	19	36	38	41	42	42	57	67	70	78	106	108	108	116	116	117	125	139	139	152	165	167	170	171	202	205	205	210	248	254	255	255	257	262	263	271	275	304	310	314	320	331	332	340	355	359	364	373	379	392	396	
1	6	13	17	21	28	30	53	64	87	90	97	103	111	117	142	155	163	165	192	194	199	208	223	226	232	255	264	264	278	279	280	284	300	302	327	338	339	351	351	355	381	
5	13	16	24	40	49	58	66	75	96	96	111	124	128	134	138	152	156	177	180	182	196	236	241	244	251	288	306	321	326	336	339	339	348	352	355	362	371	377	382	
12	21	29	36	46	64	64	80	94	133	159	210	217	218	223	226	227	239	247	252	261	267	272	275	278	298	300	308	310	321	326	337	383	387	
10	11	28	29	36	39	45	53	68	77	79	80	112	115	135	141	148	160	163	170	198	198	200	215	217	221	232	272	277	277	278	284	300	311	314	319	324	324	332	332	335	348	351	354	367	371	376	378	385	388	392	396	
3	8	12	47	52	56	97	109	128	148	178	181	190	203	233	242	243	266	268	269	283	286	306	331	338	341	352	354	369	374	375	378	393	396	
5	10	15	25	35	40	48	52	53	60	67	72	86	91	109	115	125	137	144	145	150	151	184	189	189	193	203	215	228	246	248	285	303	314	316	321	334	338	354	363	366	368	373	374	376	390	394	
10	19	19	31	52	57	70	72	80	93	95	113	114	157	163	173	174	205	213	223	226	230	264	265	274	279	279	287	291	298	301	326	330	331	333	357	371	379	391	396	399	
2	18	18	24	37	48	49	52	59	79	88	97	98	122	127	142	143	149	152	159	161	174	180	181	182	199	201	217	221	228	264	274	300	307	327	330	347	350	359	360	366	372	375	375	397	
0	5	7	14	14	18	51	55	57	63	66	69	77	90	124	131	150	151	152	159	167	169	174	186	192	193	204	218	224	231	233	234	238	248	265	276	284	290	292	298	302	309	313	315	329	342	348	361	363	371	379	384	
3	15	31	31	58	64	79	95	111	132	133	136	138	144	160	165	169	173	182	185	193	197	217	246	250	268	270	272	275	293	297	306	308	309	310	313	329	336	338	353	353	356	369	370	381	
0	5	18	27	29	31	35	44	57	89	93	97	104	115	116	133	138	143	145	149	157	162	187	208	224	226	228	236	240	241	244	250	286	293	295	296	296	340	349	350	353	354	359	374	388	390	399	
31	33	59	69	93	99	105	117	125	129	136	147	165	181	186	201	215	228	232	236	270	300	302	325	340	355	360	363	372	380	382	385	389	
4	31	39	44	47	50	51	57	60	62	91	108	109	119	136	138	142	149	152	165	167	185	192	196	210	215	220	225	232	242	246	247	261	272	279	320	325	327	331	332	334	337	338	341	345	352	354	356	360	365	370	372	376	378	379	386	390	
16	16	18	28	35	54	67	68	73	79	106	112	122	130	136	136	140	148	167	217	231	248	254	269	275	280	284	289	292	304	313	323	337	340	343	343	349	354	355	357	385	388	390	393	396	
23	33	34	37	46	66	71	76	93	108	112	115	115	122	127	137	159	188	190	194	197	208	217	221	222	241	251	256	269	279	284	293	293	295	323	324	330	357	363	372	375	395	
5	5	7	23	24	24	26	34	47	49	54	91	96	97	102	104	105	109	114	116	128	142	144	147	166	172	172	183	185	186	187	195	242	253	259	264	274	275	288	315	316	322	322	324	327	337	344	347	355	366	371	373	373	378	387	387	388	
2	6	8	18	19	27	35	49	62	62	92	106	114	137	143	145	146	168	172	182	189	192	195	196	198	198	207	228	239	251	258	273	289	289	290	307	325	329	331	332	334	334	339	340	342	343	344	348	354	360	361	371	373	377	381	390	396	398	
23	38	44	55	64	65	78	80	91	98	103	106	132	159	165	168	177	184	193	226	236	236	237	250	252	252	260	261	265	285	286	290	291	306	320	321	328	350	353	361	368	377	377	383	388	394	
0	15	32	38	46	115	120	136	139	159	161	168	180	182	183	188	190	204	213	223	230	233	239	241	245	256	258	261	276	280	287	305	307	318	320	328	352	358	360	361	367	370	376	384	387	388	
1	32	37	49	58	83	83	84	85	89	103	121	124	124	127	145	170	177	193	196	218	231	243	245	252	254	259	273	274	286	305	320	344	362	364	366	381	382	
1	6	33	68	77	90	115	120	147	149	150	159	160	188	190	197	198	210	216	218	242	273	284	288	296	298	320	328	331	332	332	334	358	370	379	383	398	
8	25	26	58	66	103	147	155	181	195	217	249	252	263	264	287	290	306	308	328	336	344	347	370	379	384	395	
10	15	20	25	40	48	55	57	61	78	91	93	98	100	134	159	161	164	193	208	209	212	225	234	237	238	315	317	317	329	350	355	379	386	396	
6	7	9	10	15	18	19	35	36	39	57	72	72	80	115	122	131	139	142	148	152	158	159	159	161	169	176	182	196	203	206	212	219	227	228	230	231	240	244	254	256	265	267	267	279	310	316	316	318	318	329	330	344	349	352	362	370	375	382	
5	9	18	31	34	52	58	71	77	79	80	91	92	102	102	105	119	142	152	162	168	168	171	173	188	202	212	216	218	223	244	254	258	260	267	270	278	279	284	289	298	330	335	338	349	359	361	367	386	388	393	
7	11	25	54	58	59	70	100	109	130	169	174	178	182	203	212	219	222	270	272	279	287	288	323	326	342	348	350	353	353	356	360	362	375	377	
5	7	8	16	23	23	26	41	42	46	50	53	77	89	110	134	135	142	166	172	173	192	201	206	217	223	224	232	240	241	249	255	268	282	301	303	314	319	327	328	357	358	362	364	370	380	381	397	
2	11	20	32	46	51	60	69	71	72	80	87	93	99	99	100	105	109	116	143	148	157	159	175	178	185	220	226	263	268	283	293	320	322	331	338	339	340	345	350	356	359	371	396	398	399	
12	16	19	33	90	117	146	153	159	174	192	205	217	231	236	262	277	277	278	279	290	302	308	313	318	337	345	351	359	367	386	394	
1	4	12	28	37	44	75	86	112	119	130	133	143	151	155	168	171	187	191	204	213	220	231	237	242	243	248	248	261	273	276	285	290	302	302	309	315	326	327	338	338	356	364	366	371	
3	10	29	36	43	98	116	122	127	134	139	151	165	192	235	242	245	253	264	270	272	273	290	321	327	328	331	336	351	365	367	369	372	383	384	385	389	394	394	398	
8	38	40	47	54	62	80	81	89	92	95	95	97	115	116	122	123	131	139	145	147	162	195	204	209	213	213	251	252	266	267	273	273	284	285	300	302	303	304	312	330	334	334	336	343	353	362	366	383	385	389	396	
5	18	20	34	35	74	75	96	108	131	154	156	162	162	170	184	211	211	216	218	223	227	232	235	265	271	303	305	307	310	330	336	337	348	360	381	383	385	397	397	
28	49	60	64	71	73	73	82	100	115	127	133	140	140	150	161	164	166	179	195	200	211	213	219	222	268	273	309	324	327	333	358	368	381	382	398	
1	33	44	46	47	63	68	86	95	101	109	157	157	161	164	167	175	189	199	202	203	210	214	227	249	266	278	283	293	301	321	323	349	357	384	391	392	
3	7	15	21	32	33	42	69	72	79	82	86	145	159	166	167	178	192	207	212	252	252	253	254	264	276	278	279	289	324	325	329	331	333	349	351	359	361	365	366	388	
8	17	30	45	48	58	59	64	64	83	102	106	117	123	136	140	146	158	166	179	188	189	199	204	221	228	230	250	253	256	257	257	261	266	278	293	300	314	319	321	325	334	345	346	351	354	385	394	395	396	
18	29	44	53	54	66	69	70	78	82	85	90	106	111	142	170	175	184	190	204	207	208	213	227	233	238	251	254	263	266	305	312	316	323	326	334	340	341	359	379	381	392	393	393	395	
9	27	30	40	51	56	56	66	73	95	95	99	101	104	118	120	123	141	155	175	197	207	215	231	243	253	256	264	265	269	282	293	294	300	317	325	331	340	342	358	365	366	387	399	
3	26	37	47	48	60	64	72	72	73	92	96	96	99	105	120	139	141	156	177	182	183	184	219	229	234	268	275	285	288	296	304	305	316	324	332	332	338	338	340	342	345	350	351	355	364	364	367	380	382	383	384	
1	28	34	43	47	58	72	73	74	81	100	107	122	131	146	154	155	163	165	189	196	198	207	214	219	220	227	230	239	240	242	246	271	273	274	277	290	301	303	317	320	325	333	337	346	368	382	389	390	393	
8	22	25	25	27	40	53	71	78	83	87	90	117	120	123	125	126	127	130	147	147	152	166	166	198	204	218	233	244	245	263	274	276	287	296	296	300	317	318	318	326	352	370	375	387	389	
7	15	29	51	55	56	66	66	73	93	117	122	126	137	152	182	203	209	216	224	231	247	249	250	266	272	272	280	282	291	293	312	312	318	323	323	326	333	337	357	358	360	367	367	372	375	381	390	392	392	
7	11	22	30	51	54	59	61	107	115	118	133	153	155	164	219	220	223	232	240	243	247	288	298	301	346	346	356	368	370	389	393	394	396	
0	25	26	36	55	79	93	98	100	114	128	136	151	158	158	169	176	180	181	187	196	197	217	231	238	238	240	241	262	267	270	275	283	293	303	305	315	318	332	333	361	368	378	381	
75	90	102	135	136	147	148	151	152	171	221	227	232	232	238	243	249	256	283	299	311	332	333	338	355	363	379	380	382	388	397	
1	4	45	53	77	85	88	97	112	119	124	127	136	148	153	161	164	177	186	195	198	217	224	227	232	238	255	264	284	299	300	323	337	339	359	365	379	380	389	
1	4	5	5	37	46	47	53	54	63	70	72	73	77	82	84	88	89	93	96	101	104	111	127	131	147	156	163	165	180	181	187	191	195	202	210	219	225	231	233	236	237	237	238	239	243	243	259	263	267	276	278	280	302	305	323	332	341	368	372	392	
0	13	23	27	32	42	47	75	89	99	100	112	121	134	137	138	147	159	160	174	178	178	201	219	220	236	240	242	244	250	257	267	295	295	296	309	310	322	331	333	344	345	347	350	358	360	362	377	378	386	391	
0	1	14	20	22	24	50	64	70	90	107	162	177	193	198	199	207	213	217	242	270	278	282	296	312	350	359	360	364	374	377	390	
3	22	49	54	81	90	104	112	115	117	118	129	163	166	170	171	175	179	188	207	232	236	243	247	248	250	253	274	299	299	300	304	316	323	327	349	356	361	363	363	374	391	393	
17	20	43	47	48	57	69	100	104	108	116	119	124	171	172	189	199	202	205	225	231	254	261	286	287	287	293	307	319	323	336	337	339	343	367	368	374	376	382	
18	25	26	31	41	47	49	50	54	59	75	83	87	149	177	185	188	188	207	221	228	235	237	249	293	298	311	321	324	352	352	364	364	365	370	387	396	
23	26	30	32	35	48	74	74	100	120	120	130	132	161	170	180	186	203	209	212	217	222	223	232	242	247	253	261	264	264	272	282	283	304	305	307	309	321	322	322	326	349	360	374	388	390	
2	13	31	62	63	70	82	85	95	96	97	129	155	158	162	171	175	177	185	188	194	198	209	209	211	239	242	242	251	256	259	281	286	288	289	293	307	311	323	326	328	335	342	345	357	358	360	361	363	364	374	398	
5	11	55	76	85	95	101	111	111	143	147	159	176	181	185	186	188	191	194	198	226	230	237	275	294	310	330	335	347	388	395	399	
21	33	35	39	43	52	54	56	58	70	79	96	98	121	128	130	131	131	140	147	150	151	190	191	203	221	225	234	235	260	269	276	276	278	284	291	298	325	337	340	351	352	354	362	375	379	383	398	
3	19	21	39	41	54	60	60	63	76	88	92	92	118	123	123	146	160	161	183	213	228	232	235	236	236	244	264	272	276	280	288	300	310	315	345	351	352	354	356	376	384	385	
12	13	23	24	24	34	41	43	43	48	65	78	104	104	115	127	140	154	159	184	185	195	214	242	251	253	256	265	268	281	292	298	317	342	343	359	362	366	369	371	373	380	397	399	
2	17	18	38	47	58	62	69	96	107	119	121	129	134	141	141	158	180	196	198	216	222	223	242	246	263	263	267	283	297	299	307	329	344	346	348	353	360	376	
31	32	47	49	53	61	74	76	88	92	101	101	112	114	123	131	143	159	209	221	248	249	255	261	261	281	292	293	294	314	317	324	339	343	346	355	359	364	371	375	376	378	384	
31	43	43	107	132	136	148	155	158	159	160	165	181	188	188	207	216	222	225	225	228	229	251	252	254	255	260	269	270	283	285	285	303	306	329	330	342	354	374	376	377	381	383	391	398	
0	1	3	18	27	27	36	38	38	41	48	54	58	66	67	68	68	82	82	108	111	125	128	132	135	137	150	155	157	161	174	179	182	188	196	219	228	245	251	259	268	271	275	276	309	318	318	332	334	346	361	369	373	376	397	
9	32	44	49	50	53	64	67	69	71	108	108	114	117	128	131	138	141	144	149	156	189	192	198	220	220	233	235	248	260	261	271	286	329	330	336	337	341	342	343	350	360	364	368	368	369	381	381	394	
19	36	40	61	72	83	85	88	112	112	137	220	220	230	231	238	248	257	258	260	287	291	300	316	320	330	332	344	353	371	387	
6	14	24	26	32	45	50	64	73	82	99	119	156	161	173	178	183	189	193	204	214	225	243	257	264	269	270	272	276	301	318	351	362	363	365	370	375	397	
0	6	20	28	33	45	62	90	118	144	145	162	180	190	196	206	219	222	235	239	248	250	259	263	268	271	292	327	343	349	354	357	361	364	367	370	376	381	389	389	396	
8	12	26	33	35	35	51	54	57	65	67	71	74	83	85	92	100	103	105	123	130	139	146	151	151	152	169	184	192	197	199	204	222	239	247	256	296	297	304	315	318	323	333	336	337	345	345	375	377	385	386	392	
0	66	83	83	90	106	110	121	135	140	141	144	149	172	174	178	184	195	197	207	211	215	223	240	262	308	310	312	315	324	337	345	354	363	366	380	385	387	389	393	
17	32	62	100	110	125	127	132	133	151	159	162	209	219	224	235	254	264	269	273	274	284	292	295	299	302	304	318	331	348	367	370	374	382	395	397	
8	20	26	42	80	81	120	132	152	186	186	193	199	200	200	210	213	216	221	227	232	245	264	272	280	297	300	311	311	315	324	338	340	344	344	359	371	375	377	378	379	383	387	392	396	
6	20	30	49	70	72	87	90	92	103	105	120	145	169	174	180	182	195	201	212	236	239	251	253	259	259	270	292	307	309	309	314	322	330	334	334	351	380	387	395	
19	24	27	28	46	47	67	82	83	88	98	108	115	117	126	144	155	162	163	166	166	167	170	186	198	210	235	240	251	291	291	303	309	313	317	325	326	373	377	377	387	391	394	
24	25	37	41	52	54	62	64	68	73	95	98	101	101	129	131	134	138	147	147	150	152	153	158	181	182	239	257	262	271	295	296	298	319	323	324	345	347	350	352	353	353	373	384	396	398	
4	9	12	12	18	23	25	30	71	83	85	108	117	125	144	150	158	165	166	174	183	196	206	209	211	226	228	241	270	279	281	290	292	300	309	341	350	353	354	361	361	364	369	376	376	382	383	383	392	393	
2	24	37	71	73	74	77	91	100	117	145	154	190	203	230	231	240	243	249	249	255	256	263	274	282	299	315	334	341	353	358	372	376	379	381	382	392	
0	0	8	9	13	14	16	21	22	38	41	43	50	94	99	138	141	142	151	155	169	169	170	170	178	217	258	268	272	273	281	283	300	300	321	326	328	340	347	355	355	360	366	375	380	391	392	395	397	
1	17	72	96	108	108	110	117	131	140	155	166	167	176	191	195	215	274	276	291	295	309	313	326	335	340	343	343	354	356	365	
5	13	14	19	24	29	31	35	36	42	46	174	211	233	238	251	252	257	268	289	305	307	308	314	316	328	332	338	347	355	361	372	380	382	389	392	395	
9	21	27	50	55	55	66	78	86	112	120	127	142	146	178	186	187	190	190	209	232	252	256	257	265	267	269	279	280	286	298	322	372	374	381	383	391	
11	12	15	21	40	49	49	52	59	66	83	85	95	117	130	134	134	134	149	155	158	159	178	184	203	206	230	234	253	263	267	280	291	305	317	332	334	344	344	369	372	373	376	378	392	
3	10	11	20	22	32	34	40	44	45	50	89	92	95	116	118	119	137	168	173	173	174	181	194	195	205	210	276	283	287	291	301	303	314	329	340	341	346	351	360	363	366	385	
3	5	10	14	24	33	42	80	82	83	115	133	184	192	226	261	266	271	278	286	308	312	313	318	338	347	350	352	354	368	390	392	394	398	
14	67	68	80	91	102	117	134	138	140	146	146	153	158	198	205	238	239	257	257	260	276	291	294	319	347	369	392	395	396	
2	7	8	12	44	49	65	67	74	75	88	133	138	144	149	160	163	168	169	202	212	218	237	243	248	253	265	270	278	280	321	324	325	333	335	351	371	380	398	399	
3	8	15	27	56	57	81	86	94	101	135	147	154	165	186	188	192	213	213	258	296	305	308	311	316	331	340	342	352	353	354	361	374	376	379	385	388	391	395	399	
23	55	67	78	111	126	132	144	150	162	165	173	174	176	187	192	195	202	209	226	227	232	263	265	268	268	270	278	290	291	294	306	324	328	330	332	339	345	353	363	371	373	374	375	377	377	381	382	384	386	392	398	
23	32	49	82	88	91	92	109	111	122	126	126	127	147	148	156	159	174	175	234	241	261	268	278	284	303	303	312	321	325	326	351	353	378	381	385	389	395	396	
12	26	45	56	56	66	66	78	88	94	103	103	110	133	183	203	210	235	248	248	249	274	283	288	294	294	296	297	321	342	354	361	362	369	370	380	381	382	383	386	387	393	395	
7	13	30	30	32	43	45	53	53	61	67	71	75	80	103	112	121	138	156	156	161	172	177	181	186	207	207	218	218	236	245	246	249	251	259	264	271	287	298	312	312	341	342	343	372	372	373	376	378	390	394	
19	21	39	41	50	76	77	78	84	107	112	127	142	146	150	172	192	201	204	212	219	231	247	264	265	321	327	330	335	343	367	368	377	393	393	
5	23	31	34	49	63	63	69	75	81	81	81	100	105	121	121	139	158	166	168	215	225	228	247	250	256	258	259	260	280	294	297	313	317	321	323	337	338	339	351	359	359	361	362	381	383	393	
7	21	25	33	33	37	39	40	42	45	47	50	64	73	96	107	124	126	135	138	141	152	157	157	189	192	215	217	226	227	262	270	271	274	280	297	303	307	309	317	320	330	335	354	356	358	361	366	379	380	382	384	387	
23	36	48	92	97	121	131	134	134	140	149	158	164	164	165	195	206	210	216	224	224	228	235	238	245	257	282	300	302	313	326	353	361	380	392	
28	30	35	38	42	49	52	67	76	77	78	83	96	115	139	151	190	193	197	198	219	229	230	238	271	319	323	327	336	338	339	340	341	342	350	354	365	380	387	
3	20	42	66	75	81	83	83	96	100	123	133	135	162	173	181	197	202	211	211	226	228	230	242	243	253	255	285	297	315	317	318	347	351	353	363	366	397	
18	32	36	41	56	73	88	108	111	113	113	121	126	133	148	149	158	170	175	185	201	204	205	209	233	241	255	266	266	273	274	288	305	330	336	340	343	377	387	390	391	398	
13	19	39	56	58	62	63	67	77	77	81	91	94	95	107	110	151	157	171	172	177	205	238	240	248	269	270	275	278	292	293	295	299	322	322	325	332	344	347	370	371	374	379	382	390	
5	22	23	52	72	74	77	103	128	131	135	143	168	172	175	200	202	210	211	219	230	233	236	240	251	251	283	294	298	317	340	344	346	358	367	377	383	387	391	394	399	
0	7	16	26	46	53	54	58	60	72	85	89	93	94	97	102	106	129	133	136	150	160	189	190	216	224	227	232	257	267	268	270	274	275	284	287	298	335	344	344	344	354	369	372	373	385	387	388	390	392	399	
11	28	41	42	57	63	66	71	74	77	77	79	84	86	86	97	106	126	128	141	149	169	173	187	219	241	249	279	280	287	299	308	310	312	321	324	330	330	343	347	352	367	369	373	383	
0	19	29	29	40	41	50	79	84	89	97	104	123	125	133	137	146	157	165	233	238	239	241	245	292	299	322	333	333	335	339	354	357	378	383	389	
3	33	33	53	71	73	87	89	93	130	133	146	166	166	176	179	202	218	226	235	256	286	287	288	316	331	356	357	362	367	387	399	
3	11	14	17	45	46	49	90	106	111	114	116	127	138	147	163	171	174	181	197	198	217	251	275	280	281	284	296	304	308	308	312	317	328	333	351	354	366	367	371	392	
2	2	3	17	33	56	76	88	109	112	113	114	117	122	123	129	130	133	142	144	156	157	165	165	166	176	176	178	184	189	197	214	214	215	223	223	225	271	271	276	295	295	302	320	322	324	338	345	357	362	363	364	375	377	398	
11	13	14	38	61	69	78	86	132	134	135	136	145	147	154	158	175	226	243	244	250	253	268	271	289	290	290	321	326	352	368	369	375	376	376	378	384	386	388	392	393	397	
3	22	28	31	42	57	79	79	91	94	113	118	129	144	153	155	158	169	175	176	177	177	212	214	236	246	261	264	265	288	319	325	331	341	346	358	364	365	366	399	399	
5	10	30	41	48	49	72	142	153	154	161	163	164	178	194	211	222	244	259	261	269	294	296	297	299	301	306	327	328	337	345	346	355	360	362	366	370	371	377	384	385	388	
17	20	36	38	40	59	75	77	77	82	94	98	98	111	125	126	129	166	173	180	185	206	208	216	218	220	238	255	274	275	287	306	307	314	327	331	334	335	347	355	379	394	395	
4	6	6	12	13	24	33	37	46	69	74	99	104	105	109	118	118	136	140	143	149	172	187	200	202	204	221	224	242	258	260	261	266	282	295	310	321	323	325	326	329	331	340	352	353	360	364	365	373	373	389	394	
0	3	5	33	56	58	63	67	88	89	103	114	122	125	139	153	158	178	190	204	208	210	214	214	216	222	223	225	225	250	257	260	272	281	291	316	328	340	358	359	371	375	384	395	
1	2	6	8	8	13	20	27	38	44	52	55	84	85	117	120	121	138	140	153	162	200	212	214	218	226	230	242	250	252	258	260	290	318	321	323	360	378	381	384	394	
1	12	13	14	40	41	44	53	63	78	83	85	86	99	111	161	168	191	226	252	255	260	292	313	316	320	322	322	328	334	337	361	362	391	
22	27	62	66	68	73	75	91	121	141	141	145	149	155	156	168	179	193	196	212	225	234	239	253	254	260	270	278	287	296	306	325	334	347	365	380	
41	51	58	61	69	85	89	96	104	120	132	134	172	172	176	179	191	196	199	219	247	274	284	306	328	330	337	346	374	379	392	
4	9	73	83	104	139	159	164	207	207	216	232	244	249	252	255	256	264	271	275	281	284	286	314	319	332	343	346	356	362	363	367	368	377	387	396	
6	7	21	28	32	41	71	79	81	87	90	90	91	99	123	131	142	143	150	154	162	167	172	192	195	228	230	236	238	250	252	253	267	271	275	276	287	288	293	295	323	329	331	339	342	343	357	363	366	372	373	380	383	385	396	397	
0	1	48	70	75	76	83	85	88	94	99	105	111	132	134	135	155	161	170	185	208	217	221	226	234	234	244	270	295	296	302	304	305	315	318	322	322	336	350	351	353	354	354	375	392	
4	36	44	51	52	60	73	99	127	127	132	152	157	182	184	188	198	211	217	221	231	233	244	251	257	257	258	262	279	282	294	297	315	337	340	344	346	380	397	
16	20	35	46	46	49	60	62	70	71	76	85	97	116	119	161	183	187	194	199	199	199	206	218	257	268	275	301	314	330	339	348	349	353	356	359	362	368	383	384	390	395	
35	44	46	47	56	62	87	94	107	115	120	124	124	167	169	184	192	194	198	206	206	214	245	249	250	285	296	314	321	325	327	346	348	388	394	394	
13	18	22	25	27	46	48	82	91	91	120	121	122	155	167	167	172	176	179	185	185	200	233	265	265	283	289	294	310	326	348	352	355	355	356	384	388	
3	5	15	16	28	49	61	61	62	66	68	76	117	145	171	178	241	243	247	256	260	272	282	283	311	331	334	369	394	398	
16	20	22	31	42	62	66	76	86	98	101	112	134	146	152	152	159	161	166	179	186	191	195	225	228	229	231	236	240	249	259	263	295	296	315	329	357	364	373	374	374	379	387	389	393	
15	44	64	67	99	103	113	116	125	144	153	159	163	173	208	244	253	265	276	277	283	289	292	294	295	316	329	332	333	338	344	350	367	376	384	389	397	
1	5	11	22	28	28	31	33	34	34	42	49	56	62	93	125	128	152	162	167	169	190	191	197	211	217	235	238	243	244	247	258	273	288	298	307	310	314	315	348	352	361	369	373	385	387	396	
1	42	45	53	55	58	59	69	74	77	78	78	85	89	96	101	103	108	114	125	149	169	177	195	203	212	228	228	229	248	255	268	271	272	280	288	305	312	315	343	348	357	360	373	383	384	385	386	399	
1	3	10	11	24	29	39	48	76	79	94	101	104	106	125	139	170	172	188	199	211	218	222	225	226	241	253	254	258	258	261	275	277	282	285	292	312	330	333	336	362	
1	10	17	23	27	74	83	94	99	117	118	119	119	128	135	137	139	140	142	150	152	169	174	217	233	247	252	260	289	297	319	324	347	352	357	363	374	378	380	383	
4	17	19	31	33	54	55	58	90	111	114	140	161	167	169	171	173	181	183	187	200	230	230	232	244	245	255	255	266	269	277	294	300	301	307	313	315	329	329	333	333	358	363	366	367	374	390	
9	12	26	44	62	65	68	74	90	97	116	116	133	135	135	141	157	179	183	186	193	200	208	217	224	232	233	240	248	252	255	257	261	269	273	283	293	306	311	314	327	337	343	348	351	367	377	382	383	393	394	398	398	
1	10	16	19	21	26	40	40	55	64	68	75	75	78	94	109	121	135	140	148	164	189	212	212	216	224	236	247	249	254	266	266	267	272	282	283	291	294	310	315	328	329	333	337	339	341	347	350	359	360	382	386	389	
21	30	45	51	54	65	68	73	93	95	100	118	122	128	134	135	138	143	144	153	153	157	169	172	187	194	196	203	223	231	246	247	271	301	302	304	307	326	330	337	386	386	399	
13	19	40	50	53	56	58	68	70	107	119	129	144	151	155	175	181	181	230	253	255	269	272	290	306	313	329	331	352	355	393	398	
18	19	24	30	37	39	47	55	60	64	67	74	87	89	92	93	95	101	105	116	118	129	143	148	173	240	247	249	253	264	274	282	293	297	300	301	320	322	324	334	338	379	384	390	
2	30	51	67	93	96	101	103	110	133	144	150	153	166	167	177	183	208	214	215	233	233	243	268	271	284	289	289	301	307	315	329	347	353	374	396	
2	22	22	37	44	57	64	66	88	102	102	105	114	114	119	148	179	200	201	201	202	204	210	211	229	280	282	298	305	306	308	310	334	361	377	384	388	399	
10	18	25	37	42	59	63	66	67	136	147	158	165	187	193	212	220	226	227	236	240	240	261	269	291	294	303	311	322	327	328	330	343	346	367	371	374	384	385	391	393	
0	1	4	47	48	55	71	76	78	81	97	98	105	117	127	168	178	192	199	200	204	232	281	286	289	293	304	307	314	322	323	333	340	341	355	369	370	377	381	391	394	397	
7	12	23	24	32	47	54	73	100	104	118	129	132	166	173	191	196	197	203	215	223	226	245	264	266	267	272	285	292	332	332	333	339	343	366	366	369	386	
19	25	78	90	93	111	113	116	121	144	144	144	145	150	180	194	194	207	207	209	209	211	217	220	225	227	232	245	256	264	266	293	296	301	316	320	324	325	347	379	382	383	389	392	397	
1	1	26	28	29	46	103	108	111	119	121	125	133	187	198	199	218	252	273	277	281	282	290	304	330	350	355	377	378	384	390	391	
15	35	40	52	53	67	78	80	86	89	103	106	112	138	142	155	175	178	213	227	230	234	239	250	255	264	271	283	283	291	319	335	343	363	366	368	373	374	379	381	389	393	
4	37	63	93	101	107	143	180	201	205	206	207	215	224	231	238	245	263	268	272	279	284	300	304	308	313	315	328	332	341	344	347	349	362	370	385	389	
8	11	40	45	66	80	82	87	94	97	108	112	130	135	161	161	186	190	204	207	212	227	228	244	277	279	301	321	324	333	338	339	351	354	357	358	380	389	
7	16	22	25	28	29	49	83	84	85	105	120	122	129	130	136	141	142	160	180	182	184	193	194	216	219	222	224	234	238	259	259	263	266	283	295	300	308	309	318	319	320	327	327	336	342	346	355	361	382	390	
30	30	38	40	44	61	64	71	79	90	104	106	108	109	125	170	172	173	174	199	204	220	241	283	299	301	311	328	328	329	335	339	347	356	357	365	374	375	381	397	
11	21	34	37	38	46	55	57	66	76	77	78	81	84	122	125	146	153	154	159	159	183	218	239	245	255	281	295	327	331	342	372	375	386	395	
8	9	10	14	29	36	38	39	40	41	69	78	96	102	107	113	121	126	126	132	133	178	193	206	217	228	238	243	254	260	275	281	314	318	327	336	339	341	343	353	365	370	381	388	395	
2	32	50	64	67	96	104	115	121	126	131	170	172	175	187	194	203	214	214	227	241	260	261	263	268	297	300	335	345	357	358	371	378	388	395	
3	6	14	20	33	49	50	51	68	116	123	138	152	156	159	161	163	179	183	187	188	201	208	210	220	228	235	256	276	277	281	301	309	312	326	331	340	358	366	367	367	367	372	385	385	
7	29	34	52	65	80	87	97	103	109	110	120	122	142	142	145	147	156	169	176	192	227	232	237	253	258	260	283	287	297	298	299	310	313	317	320	330	331	335	352	365	368	377	378	381	398	399	
28	29	44	45	46	74	75	80	84	91	101	108	116	124	135	141	143	152	159	163	178	185	188	192	196	219	231	232	236	237	248	249	260	282	283	321	326	329	340	342	343	344	357	362	399	
2	6	11	30	66	82	83	84	85	87	99	105	114	121	123	143	150	151	152	158	169	183	191	196	223	249	273	276	278	289	292	293	328	337	343	375	378	379	384	390	395	
7	17	42	44	57	57	92	95	102	115	124	128	129	132	139	151	157	158	164	164	183	183	184	184	190	194	211	212	215	223	230	255	262	268	271	275	280	297	305	312	337	341	345	348	356	359	371	385	394	
10	29	43	47	52	80	86	90	91	113	128	131	137	139	146	156	158	171	221	245	252	274	282	285	292	303	307	320	322	326	334	339	339	341	345	346	349	352	373	387	
2	4	4	22	24	25	29	31	60	65	80	82	93	128	162	163	169	172	198	210	211	234	261	270	270	274	283	285	302	303	305	308	325	386	395	398	
20	27	42	72	74	74	75	98	113	118	130	133	154	160	170	177	185	189	190	192	243	243	246	249	271	294	312	329	331	353	362	387	
2	15	19	24	29	46	60	68	80	104	106	106	118	127	141	154	158	174	178	187	208	213	234	239	243	263	269	287	293	313	319	329	330	330	337	342	344	368	382	385	387	
32	32	35	35	37	38	39	41	43	55	62	65	88	95	98	102	103	115	132	155	158	163	164	180	182	184	187	189	195	197	199	200	202	205	208	215	241	255	275	284	284	286	289	296	297	327	339	342	357	360	374	380	380	
17	25	25	25	29	35	38	43	46	56	57	60	67	84	103	120	128	142	143	144	156	162	187	194	196	200	230	233	234	243	246	248	260	273	281	301	307	310	326	342	357	365	379	382	394	
3	3	21	29	42	61	78	89	104	118	135	160	170	174	176	205	213	213	214	214	231	232	234	270	274	277	294	302	302	324	334	339	351	354	356	386	396	
5	16	27	48	54	65	67	89	114	142	147	151	160	162	162	169	186	193	196	244	249	250	279	301	327	340	342	346	362	362	372	377	382	383	384	385	392	
25	33	61	80	96	99	110	110	111	113	125	128	130	132	139	141	154	157	164	165	178	190	194	197	197	203	205	221	230	244	275	277	291	299	305	311	315	324	346	365	367	368	388	
5	21	43	65	68	82	83	87	91	94	139	141	147	157	172	176	180	181	192	199	210	212	218	227	230	239	272	274	274	287	301	323	329	336	357	365	386	391	
22	23	32	32	46	58	59	66	78	86	86	100	147	163	183	184	216	219	219	228	232	246	246	248	250	256	289	292	310	329	342	358	364	365	385	395	399	
7	12	19	26	31	43	48	54	57	69	78	82	94	94	101	102	107	108	110	114	123	133	135	140	151	172	179	185	186	213	243	246	250	255	262	278	289	292	298	303	313	327	329	335	336	339	347	348	359	360	371	371	376	396	
5	6	9	19	29	43	51	55	64	74	96	116	119	127	136	141	152	166	182	186	207	209	227	231	235	237	242	252	263	271	279	291	317	323	324	326	336	366	376	380	380	380	
0	7	34	45	53	54	58	66	75	77	81	88	109	111	113	127	129	136	138	148	158	175	205	209	211	222	264	277	281	282	289	295	304	320	337	343	359	368	369	371	376	382	384	386	390	390	395	
1	3	8	14	21	36	50	51	58	63	64	64	99	120	124	131	137	149	158	161	180	182	187	192	216	217	250	270	270	312	316	324	334	340	348	353	359	359	369	370	382	391	
0	50	53	74	87	89	93	95	99	115	137	152	162	176	189	204	208	210	216	221	250	278	304	309	320	322	335	338	350	354	362	372	389	397	
2	4	5	6	11	16	22	45	59	61	61	94	112	113	123	127	150	160	170	190	192	192	209	221	236	245	259	271	284	312	320	327	332	342	349	350	355	373	396	397	
16	29	39	60	61	81	85	89	92	107	110	123	136	155	156	164	170	184	191	194	199	207	220	233	234	238	252	253	273	289	289	297	314	322	323	324	334	352	361	361	369	
11	49	68	68	87	89	89	98	104	121	123	125	150	161	173	179	185	193	201	204	261	268	269	279	286	296	299	304	322	331	335	335	357	368	372	375	386	392	
17	20	23	32	32	38	42	82	86	91	100	112	115	122	137	148	154	168	177	190	191	192	227	229	248	254	258	269	274	275	281	313	327	334	341	346	347	351	354	355	364	365	375	395	
6	9	15	16	17	33	39	60	61	61	71	79	101	105	124	143	149	156	193	197	200	203	218	236	244	246	246	256	258	261	264	284	285	287	289	310	313	319	321	339	343	378	378	379	381	387	392	392	
22	66	70	75	81	82	98	112	119	129	145	145	151	166	168	170	177	179	180	193	203	205	208	213	216	224	229	253	257	260	270	273	300	302	303	305	336	338	339	341	376	380	391	397	
0	2	17	20	25	32	48	53	58	85	108	111	115	125	130	138	159	160	168	180	181	194	200	202	209	235	246	247	249	253	284	309	331	333	335	356	357	359	363	366	366	371	374	385	386	391	
7	12	12	16	16	18	25	26	35	48	54	65	72	76	119	138	140	153	156	169	180	189	190	192	202	211	212	219	227	228	258	272	277	280	291	316	316	318	325	344	348	355	356	367	370	388	391	396	
2	24	34	35	42	61	75	79	92	110	112	116	118	124	135	140	145	148	152	180	185	187	190	191	198	227	270	271	281	294	294	301	302	307	322	324	329	330	344	353	355	356	364	369	371	372	387	396	397	398	
5	14	19	21	29	36	41	53	57	64	74	77	77	78	80	88	101	102	115	129	173	178	191	194	201	214	214	217	221	226	242	247	268	333	344	358	363	364	386	389	398	
8	17	21	24	24	27	44	51	59	59	62	83	85	86	89	95	147	151	152	183	190	193	217	217	233	241	259	262	274	277	282	284	293	311	314	321	322	325	327	329	329	349	352	359	366	372	375	385	386	388	397	399	
33	35	36	38	44	118	127	144	176	180	206	208	217	221	226	249	252	257	286	289	302	320	325	330	333	333	335	354	370	374	379	386	389	394	
4	33	33	34	56	69	81	84	98	100	131	134	135	139	171	192	201	206	208	219	225	243	254	257	266	270	283	293	294	304	319	334	335	346	358	359	364	365	366	371	387	393	396	396	
3	8	28	51	52	63	72	75	83	88	95	98	120	130	139	143	178	184	193	222	235	245	248	249	262	276	293	301	303	308	311	322	325	325	368	370	372	380	385	391	
0	13	26	28	40	53	55	68	79	79	80	96	99	102	123	135	141	153	157	170	210	213	217	219	238	240	243	245	295	310	316	319	325	333	335	344	356	357	365	366	389	392	
8	21	33	36	37	51	51	59	72	82	98	105	107	110	115	116	130	132	133	141	157	170	173	189	191	205	206	218	220	221	235	240	247	250	263	267	272	287	304	306	308	317	325	345	346	372	373	386	391	399	
8	18	22	24	34	35	36	46	50	56	63	72	80	101	102	102	104	106	109	111	130	130	130	134	156	162	179	201	215	228	253	269	291	294	311	316	324	341	348	350	366	389	394	
39	52	55	67	87	92	103	104	110	113	124	126	127	127	142	155	156	162	171	191	194	195	197	209	212	222	223	226	227	239	246	269	288	292	294	337	353	361	383	390	
1	30	32	34	49	50	78	86	92	109	110	111	112	118	121	141	160	167	177	197	208	214	215	223	229	238	244	286	287	293	306	310	320	325	329	342	345	360	374	392	392	
2	4	5	5	12	15	17	20	25	26	29	39	65	65	67	77	103	117	117	140	160	168	184	186	204	207	219	233	234	243	251	255	266	267	314	319	319	349	355	368	375	378	385	386	391	399	
4	15	24	43	54	81	82	105	107	110	114	117	119	123	127	128	147	152	181	184	199	200	206	210	212	220	221	224	229	236	241	243	245	296	299	299	317	320	342	355	375	383	384	389	390	390	391	
15	26	36	53	55	64	74	75	81	86	96	104	109	126	130	132	134	134	139	142	143	156	160	167	171	174	177	197	212	216	220	239	260	299	301	304	306	314	326	328	335	335	338	352	374	378	388	399	
8	8	9	32	41	44	59	78	79	87	88	120	121	123	127	148	162	166	175	175	191	199	201	215	216	221	277	291	326	334	340	348	357	361	367	374	383	389	398	
12	22	47	57	61	73	84	115	119	124	126	144	151	156	158	166	169	173	176	192	194	225	244	246	260	265	299	322	334	346	355	356	361	369	371	389	396	
17	24	34	48	48	55	61	67	69	79	99	125	131	150	157	166	167	172	175	175	176	183	195	198	215	222	228	261	265	281	299	309	311	323	331	333	345	357	357	367	378	389	395	399	
12	24	26	30	33	45	54	72	79	83	86	87	91	107	112	114	118	140	143	153	163	163	176	180	184	191	207	212	216	221	225	234	249	251	256	264	282	284	307	310	331	350	359	359	363	365	384	391	396	398	
4	10	14	15	20	39	46	50	52	57	65	72	74	76	77	95	113	114	116	129	165	172	175	178	199	205	210	220	223	259	259	264	297	307	330	349	352	353	360	361	363	373	376	379	
15	17	21	27	28	29	35	48	61	65	66	75	87	90	93	93	113	137	150	153	156	166	168	174	186	191	202	203	207	209	241	242	247	255	270	295	299	303	316	338	343	370	372	394	
20	35	59	63	67	68	85	86	88	94	95	120	122	124	133	164	177	178	184	203	204	211	215	218	223	274	291	318	319	327	337	346	357	371	378	380	380	389	
62	80	87	89	105	105	111	113	121	121	122	141	141	143	162	162	164	165	168	173	177	191	207	218	231	232	248	254	277	296	298	307	322	328	335	342	344	346	356	363	366	368	379	386	399	
31	39	48	51	53	58	64	69	78	85	87	91	93	94	98	99	102	123	156	189	192	195	197	205	280	286	300	308	310	310	318	326	332	334	344	346	348	350	358	363	370	393	398	
2	6	22	35	50	52	61	79	82	109	120	129	136	146	169	177	181	207	236	244	268	276	281	298	302	304	311	312	313	313	327	343	365	367	368	393	
7	12	16	20	24	24	34	42	47	69	71	91	104	122	137	138	150	162	165	167	168	171	177	181	186	201	213	222	222	244	246	246	258	263	291	315	330	332	344	349	357	372	394	397	
14	41	57	65	75	110	137	165	168	173	183	189	199	236	237	240	256	269	283	296	298	302	310	320	328	328	336	339	363	367	376	387	388	391	
5	7	30	39	68	77	86	97	100	155	167	177	179	203	210	221	225	227	238	241	243	248	252	255	261	265	270	276	305	320	334	364	374	385	
5	8	56	66	74	90	97	112	119	124	125	128	131	145	157	157	160	168	189	225	233	242	255	259	287	289	302	306	325	352	359	370	371	388	390	394	
9	14	22	26	28	43	45	46	48	50	51	57	67	73	91	115	116	136	140	151	156	187	191	201	216	220	224	236	249	284	289	291	321	322	324	356	358	370	379	390	390	398	399	399	
7	28	31	35	40	47	88	114	129	137	164	189	189	201	282	288	297	298	312	323	329	338	342	346	352	352	356	357	358	364	369	370	384	
11	38	42	58	72	110	131	154	155	156	160	162	184	185	191	204	206	261	262	263	267	280	288	290	300	306	311	348	370	378	382	396	398	
3	28	41	54	59	64	72	75	85	92	128	145	147	149	200	202	205	209	223	231	233	247	249	251	264	287	288	299	308	337	356	360	364	368	373	378	383	
1	4	9	13	42	61	87	87	103	135	140	149	160	163	166	180	205	210	211	222	232	237	260	261	263	263	276	277	282	288	288	293	315	330	334	338	343	354	391	398	
3	19	48	54	55	56	59	63	63	63	81	84	86	86	89	90	98	113	113	135	162	167	172	174	183	184	187	204	219	220	227	229	233	233	246	269	307	311	313	313	328	329	333	342	347	347	349	358	359	373	385	385	390	
2	3	14	16	43	47	59	76	77	85	90	94	104	110	112	119	122	127	173	190	197	202	213	220	224	230	250	250	257	265	267	277	282	309	320	337	340	370	393	398	
0	30	39	46	56	57	67	69	85	91	115	118	126	131	152	154	156	166	167	207	213	229	266	281	287	297	305	325	341	345	349	354	355	363	368	372	381	382	386	398	
9	28	29	95	96	122	153	157	173	187	187	202	213	232	237	240	244	247	248	249	257	261	269	271	296	303	312	314	319	323	339	343	345	351	362	395	395	
17	23	32	38	58	62	63	70	83	98	126	134	161	167	168	172	197	210	236	248	276	279	287	292	334	337	337	338	397	
7	19	25	38	40	88	93	95	99	104	107	107	110	118	121	133	140	153	156	164	171	171	177	186	196	213	237	245	255	265	284	290	295	298	308	316	319	320	341	341	356	391	393	398	
1	1	11	42	59	59	60	62	104	104	125	160	166	172	177	192	213	229	229	229	232	255	262	266	267	271	271	272	275	289	292	306	309	312	313	315	318	320	326	360	364	376	377	377	382	
22	25	37	37	41	43	44	48	69	78	118	125	137	142	144	150	155	187	192	200	220	235	242	251	258	261	263	287	290	325	336	337	353	369	380	382	391	394	399	
12	23	27	41	47	64	76	91	92	113	124	136	138	143	157	186	190	203	203	222	222	242	247	250	273	280	282	312	342	346	372	386	393	
13	16	28	33	38	44	45	66	77	113	128	145	153	167	179	197	227	231	233	239	265	288	291	297	302	314	318	321	322	332	361	368	371	382	382	
10	10	29	46	53	53	59	101	110	148	149	153	166	171	179	201	218	261	277	282	300	304	311	320	359	369	373	379	379	383	383	385	
12	23	32	34	35	36	66	70	72	81	83	84	100	120	130	185	195	198	198	209	229	229	235	241	249	252	259	276	284	287	291	293	294	295	297	304	309	314	316	336	338	355	369	378	398	398	
11	40	47	47	51	61	70	84	111	112	116	124	134	153	175	175	177	186	190	204	224	228	237	240	245	291	309	309	322	332	345	345	351	356	363	374	380	393	397	
2	13	13	34	54	63	76	84	88	102	103	105	109	120	138	144	159	165	173	191	193	213	225	229	241	253	255	286	291	292	300	300	305	307	314	332	344	349	349	355	358	374	
8	10	13	17	49	80	99	108	125	153	154	168	175	178	186	190	197	198	219	229	237	250	292	299	319	325	340	350	355	357	383	390	391	
38	40	51	52	59	92	94	104	109	110	113	123	129	138	147	148	149	154	166	172	178	182	200	205	207	207	211	212	216	221	234	237	254	260	307	309	311	314	322	331	331	333	363	364	366	372	378	389	399	
7	19	22	34	34	36	45	59	64	79	80	93	103	106	107	107	118	119	142	143	148	151	151	164	184	204	211	212	217	230	241	284	305	317	324	327	335	343	346	350	360	360	361	365	373	387	394	396	396	
1	6	6	24	44	52	54	55	58	68	71	82	92	92	95	99	114	118	131	139	143	162	169	180	215	246	253	254	262	277	287	298	328	347	347	363	370	376	380	384	388	
18	32	37	37	59	82	85	105	109	123	151	172	172	174	179	179	180	190	202	211	218	226	228	228	235	239	240	241	267	278	287	299	305	305	339	356	356	357	359	363	376	383	396	
14	40	57	57	72	79	107	113	120	123	132	134	138	141	148	151	165	166	171	179	180	202	207	208	210	216	244	262	278	318	319	321	328	333	336	343	344	345	347	354	358	362	364	378	386	388	399	
4	23	27	29	43	43	75	85	86	88	89	90	112	113	132	137	138	144	144	144	151	151	152	154	192	193	213	248	250	273	283	288	295	324	327	333	336	352	362	363	376	395	397	
0	10	11	13	14	23	23	28	40	44	51	53	54	61	73	129	144	145	146	181	196	200	215	227	234	236	246	252	255	262	265	271	272	280	309	311	313	329	337	340	341	354	356	374	376	
0	12	16	23	39	50	60	72	75	82	83	84	92	109	114	145	157	158	166	169	180	182	204	217	221	229	229	237	238	245	254	255	258	265	265	283	286	291	294	295	316	316	320	344	344	348	389	
15	15	29	31	31	46	93	105	115	130	146	164	183	196	207	209	222	243	262	265	266	290	301	321	335	339	346	347	349	364	378	390	
6	15	38	40	45	65	86	98	124	143	154	188	211	223	245	251	262	271	276	285	286	290	324	327	331	335	337	343	358	363	374	377	378	379	383	387	389	399	
2	19	42	45	55	70	81	91	92	93	94	106	115	120	176	193	195	196	202	206	208	212	216	224	230	231	233	235	244	251	256	256	275	293	297	317	317	324	336	338	345	348	350	352	354	369	376	376	
7	26	30	33	33	40	56	60	68	90	99	108	119	126	130	132	137	145	154	169	180	208	209	235	240	244	253	267	305	326	340	340	347	349	355	355	357	365	366	367	369	379	388	389	
5	11	25	27	38	74	80	87	90	103	106	109	109	110	111	139	158	185	185	196	197	198	202	206	206	242	245	259	292	306	312	321	328	341	358	358	368	369	388	390	
4	13	18	18	41	42	43	59	67	69	74	75	76	108	109	126	139	148	155	174	177	205	222	240	242	275	278	286	300	302	317	329	336	346	360	364	398	399	
10	21	26	26	36	44	59	71	81	89	105	107	109	111	130	132	144	144	145	149	161	171	185	207	227	241	252	272	278	285	296	298	309	311	348	350	352	353	365	368	399	
2	3	13	23	28	40	41	47	77	84	91	95	120	144	161	164	188	199	201	208	222	228	235	235	259	273	293	296	321	331	333	334	344	377	390	396	398	
4	6	18	19	24	29	37	39	44	44	44	87	93	107	144	169	180	202	222	240	240	241	245	254	263	263	278	287	305	310	323	325	328	334	334	338	353	355	359	362	382	393	397	399	
5	11	13	45	52	72	83	96	97	119	169	170	170	173	182	186	192	197	201	219	223	237	244	255	277	288	292	306	330	340	347	350	351	359	364	368	372	375	387	
1	1	3	21	30	62	75	84	85	98	98	123	131	189	195	200	203	204	214	216	230	242	243	265	278	284	285	294	298	308	336	338	342	350	350	350	351	355	365	371	375	382	386	
28	40	58	60	62	63	70	73	81	87	107	107	121	127	131	134	140	154	173	176	180	181	209	213	232	259	271	276	290	292	303	308	312	328	351	355	375	377	387	388	394	
8	31	47	62	73	87	97	103	104	112	117	122	138	206	212	229	232	241	250	258	263	265	269	292	301	314	324	330	340	349	366	372	386	394	
5	6	6	10	11	16	28	31	38	49	65	85	89	97	101	110	114	116	128	128	140	144	147	154	157	163	163	167	195	199	215	219	230	258	265	287	337	341	359	381	
20	34	47	50	57	64	68	71	81	87	107	124	129	134	140	164	179	182	182	183	210	216	223	233	238	246	288	292	302	323	332	339	370	375	389	389	392	394	395	
4	11	19	30	37	41	43	56	60	65	66	71	80	84	86	93	95	96	97	114	117	118	127	132	134	137	144	168	170	173	176	201	208	235	243	254	257	257	269	276	281	285	289	296	297	333	349	352	354	361	376	378	391	
17	30	40	41	49	50	55	65	65	91	91	119	132	139	153	174	181	226	244	272	277	279	285	288	293	296	317	321	326	327	333	340	345	356	358	373	379	380	382	388	391	
3	3	5	24	31	34	68	70	85	96	108	109	121	122	127	129	135	139	145	148	163	175	180	206	211	229	234	256	306	324	332	342	353	362	383	393	397	
7	15	26	29	39	43	45	49	56	69	89	96	98	99	106	118	133	136	136	150	153	177	179	183	191	194	202	215	216	243	247	259	263	281	284	299	311	341	345	361	363	376	378	381	382	385	386	391	396	
13	23	37	45	52	61	69	69	71	95	116	118	121	125	136	140	205	216	220	225	233	242	254	255	282	299	323	324	327	328	362	371	371	375	379	
9	13	13	15	31	37	70	98	99	101	104	105	108	110	120	131	138	156	160	192	199	206	210	214	218	227	228	233	237	248	249	275	279	286	289	308	316	319	322	325	329	336	348	359	360	361	364	364	365	373	374	378	387	388	395	
9	18	22	22	29	30	39	44	97	137	161	174	188	208	213	235	242	247	249	262	264	277	282	308	317	325	336	347	351	384	392	397	
17	21	30	32	51	82	87	96	97	100	103	116	124	127	170	181	189	219	229	246	253	257	262	263	272	280	285	314	327	338	345	350	364	383	386	388	395	
5	13	16	43	60	61	66	71	79	93	102	120	126	136	140	158	187	189	201	208	219	231	258	262	262	290	290	293	314	315	318	322	325	335	338	343	349	357	362	363	384	389	396	
2	6	13	25	26	59	60	73	74	76	82	84	103	125	127	141	143	156	159	178	179	179	180	192	195	201	201	202	202	205	223	224	224	234	235	238	266	275	305	313	325	334	340	350	351	360	377	377	394	394	
7	9	14	20	26	39	47	79	95	98	101	102	104	105	108	122	122	130	143	164	172	177	182	186	191	193	200	204	234	239	241	274	280	285	292	296	299	317	326	331	331	335	339	351	352	353	361	362	370	372	373	377	378	390	391	397	
0	4	8	16	21	23	28	40	46	48	53	60	65	67	81	83	84	93	99	119	141	148	149	151	166	178	201	201	204	208	215	215	220	244	268	276	285	290	304	312	315	317	
14	26	56	65	86	91	94	101	106	119	134	156	158	181	188	193	220	225	243	269	285	294	295	
2	15	22	25	26	36	43	64	81	91	96	100	103	105	111	115	125	134	137	137	146	158	173	176	188	195	227	241	257	260	281	285	297	313	316	
6	9	9	9	42	56	109	116	126	141	147	158	160	191	205	219	228	248	258	258	259	264	265	306	308	309	318	
10	16	30	35	37	51	60	80	84	88	99	101	111	114	124	124	135	139	148	150	152	163	174	179	191	199	205	208	210	215	225	256	259	262	273	280	285	286	298	
8	40	55	71	73	85	89	93	97	110	119	145	161	164	191	194	196	208	209	216	225	231	231	234	241	269	276	278	280	281	288	293	297	300	304	304	305	318	
4	18	29	30	46	55	58	74	83	84	101	114	117	129	142	146	149	176	197	198	202	203	213	215	223	226	228	231	246	248	251	259	274	278	285	302	303	306	307	308	311	319	
0	3	8	15	20	61	69	70	78	95	101	101	125	148	182	186	238	269	273	275	297	304	307	312	
68	75	89	99	115	122	131	141	143	151	152	165	177	182	191	198	209	226	234	261	265	286	
11	19	20	28	35	37	52	60	73	75	77	96	104	106	125	135	139	176	194	211	220	230	230	231	235	238	250	252	262	288	291	304	314	
0	5	22	32	33	50	51	52	55	67	67	70	72	79	85	103	106	111	122	134	143	160	170	171	197	231	249	267	278	278	304	315	
0	1	1	25	28	29	39	65	69	99	108	108	113	113	135	148	157	182	196	231	235	243	259	263	270	281	301	301	306	309	315	316	
2	14	17	17	19	21	34	35	39	44	51	57	57	70	83	87	123	132	136	142	153	154	163	171	171	177	190	219	224	239	260	274	281	284	288	293	313	316	
23	43	46	53	62	95	106	109	115	117	121	161	197	202	206	213	217	239	295	305	316	316	
11	14	49	64	72	88	92	110	112	150	158	170	174	182	187	194	200	200	202	206	208	220	228	230	243	264	268	268	288	317	
11	19	50	51	63	65	72	85	92	102	103	105	115	124	125	136	147	152	165	201	205	209	209	242	253	270	271	292	306	
17	21	22	33	64	73	90	112	122	132	138	159	164	165	184	187	234	243	247	251	256	282	292	297	301	306	
13	15	20	20	31	37	43	48	52	54	83	96	101	105	151	151	155	169	169	173	176	184	194	200	206	208	209	222	223	223	235	245	247	269	271	317	318	
11	14	32	39	61	94	103	106	111	126	131	141	162	171	195	202	214	216	264	276	282	286	294	297	304	305	306	313	318	
24	44	49	81	120	121	156	163	178	194	209	232	239	255	270	292	316	
11	21	21	30	30	35	76	83	88	93	130	133	134	136	138	156	161	168	182	187	190	200	217	227	235	235	251	254	288	317	
3	6	11	17	18	21	23	24	27	56	60	84	91	93	95	98	105	110	115	123	128	129	157	158	186	206	213	216	229	241	245	246	262	263	
15	31	50	52	55	55	77	111	113	114	116	117	122	129	145	146	158	182	189	195	195	204	220	221	224	232	233	266	276	280	291	313	317	
0	8	15	24	38	45	47	52	59	81	96	123	128	131	145	167	171	175	176	183	213	214	224	245	248	254	264	275	281	290	303	308	314	315	
1	14	15	36	42	43	46	50	63	100	102	104	110	123	129	133	150	150	151	155	157	159	171	184	207	219	226	242	277	287	290	294	298	317	319	
10	34	41	43	50	60	70	81	94	121	142	151	160	175	181	189	190	196	207	208	242	278	295	298	302	302	310	
0	2	7	28	34	34	37	38	56	57	71	105	124	126	129	132	135	142	146	150	161	165	168	169	183	202	212	224	236	248	250	255	256	257	259	261	267	271	301	
2	6	7	12	18	19	19	40	45	62	89	90	126	126	148	162	191	198	204	207	220	226	248	265	286	290	290	313	
14	25	41	48	54	59	100	100	114	139	152	172	186	186	201	206	209	218	233	238	252	271	285	307	317	
1	14	33	39	40	58	61	63	68	70	84	90	102	108	128	132	160	165	172	178	182	191	207	222	236	267	281	288	294	296	310	312	312	319	
16	18	51	56	60	64	65	68	69	70	92	99	100	101	110	111	130	133	142	150	150	163	166	172	183	191	195	197	208	247	255	257	257	261	268	285	286	287	294	298	304	308	308	
17	31	47	56	57	60	64	76	76	76	86	88	90	91	92	100	101	106	116	124	179	198	199	251	253	254	255	297	312	317	
8	23	36	40	78	88	98	114	114	135	163	180	181	188	195	234	244	248	249	258	268	268	268	272	286	289	290	297	300	313	
0	10	16	31	34	67	69	76	78	90	99	107	124	131	136	176	190	193	228	242	245	260	269	274	280	307	315	319	
8	11	27	39	39	44	45	67	68	73	81	86	117	130	138	142	146	160	172	180	183	196	199	205	209	209	210	223	224	226	230	249	250	252	252	258	267	272	289	308	
7	14	38	45	83	97	105	126	134	141	141	149	163	170	171	181	189	191	192	194	219	221	221	239	244	253	265	277	294	318	
7	23	24	24	41	45	60	72	77	86	106	119	122	131	139	141	151	157	168	171	178	180	182	192	203	213	218	219	222	222	227	237	239	260	308	309	311	313	319	319	
4	10	12	13	18	33	43	49	52	74	76	108	125	127	130	133	146	146	161	178	182	200	215	220	229	231	236	240	262	304	308	
8	20	26	51	62	68	70	75	94	97	126	130	138	140	142	214	225	226	229	231	233	237	244	267	291	296	312	
1	36	37	80	82	87	105	116	126	144	146	148	154	155	164	175	178	209	225	234	242	245	280	307	307	316	317	
9	23	39	75	100	128	140	155	157	175	176	179	192	196	244	253	265	274	279	289	295	
0	6	11	20	21	28	37	49	56	65	71	73	149	153	183	191	201	204	212	216	223	225	229	238	292	313	317	
0	0	15	30	32	41	42	51	63	66	68	74	76	78	84	111	122	134	139	152	181	194	194	195	200	200	210	212	213	216	221	237	242	248	252	257	258	270	277	293	304	
4	10	18	26	52	63	86	116	131	138	164	173	190	193	197	214	247	257	300	300	301	303	
10	46	65	69	81	84	90	98	104	133	148	164	183	185	193	199	210	222	224	230	266	267	268	270	277	282	295	304	316	
3	10	37	54	55	57	65	76	77	113	118	120	123	129	130	131	135	137	139	149	156	172	181	198	214	216	224	227	265	266	270	286	299	
5	20	33	46	64	66	70	79	86	95	99	107	108	132	138	141	150	156	159	167	168	169	182	185	185	212	229	237	254	261	284	310	317	
14	18	21	31	34	44	62	63	75	87	92	93	102	106	125	160	162	175	188	193	198	203	205	236	240	252	269	273	277	281	290	293	303	314	316	318	
10	16	22	26	61	67	82	124	157	163	168	175	198	204	211	216	259	267	275	277	277	279	280	281	284	292	306	315	316	
8	9	55	59	68	78	87	103	107	113	117	128	134	139	144	154	164	167	175	179	194	196	224	237	241	251	258	267	276	
18	26	27	48	71	77	79	84	92	98	106	119	122	135	135	138	165	174	183	184	184	189	214	215	237	265	266	275	276	292	294	294	299	303	311	
12	26	37	61	81	92	106	110	130	132	135	154	161	167	168	170	184	196	203	204	224	228	239	242	246	257	259	266	285	289	294	295	298	302	310	314	
26	34	53	58	60	62	68	68	70	76	76	88	94	102	111	126	132	139	148	149	150	165	181	183	183	183	184	189	217	235	239	245	248	266	273	290	295	298	302	315	316	
8	22	31	54	70	78	88	94	102	112	119	120	123	125	127	127	138	142	146	148	152	187	194	196	218	254	273	277	301	
14	17	26	38	43	52	62	72	76	84	97	98	107	127	129	131	149	156	157	162	165	171	173	174	179	201	201	207	212	214	217	230	230	231	243	243	249	250	269	274	282	293	304	306	
0	10	27	30	31	37	40	43	44	54	82	86	96	111	128	133	139	143	168	171	185	189	203	203	260	272	290	309	309	309	
6	16	27	38	42	67	72	74	81	82	103	118	137	149	149	156	159	167	167	185	188	194	215	219	242	254	255	256	257	258	259	262	273	274	277	299	310	311	311	
26	36	36	37	38	52	57	70	85	105	109	114	130	145	148	153	163	170	171	176	177	209	221	241	252	262	279	284	304	307	308	
14	97	104	117	126	157	183	205	210	226	233	236	247	250	273	285	288	305	
14	23	29	54	67	75	88	91	94	106	116	118	147	149	156	158	158	160	171	175	210	238	247	267	279	281	299	316	319	
1	2	14	14	19	32	58	58	77	80	89	97	116	120	133	139	164	176	176	189	195	196	217	218	224	225	227	237	246	246	259	263	269	282	282	284	305	313	
12	17	27	37	45	61	65	69	84	88	97	101	102	107	117	124	135	136	140	148	176	191	198	203	219	225	226	234	250	263	282	283	295	296	297	303	304	307	309	310	314	
33	39	47	48	49	66	76	79	102	105	108	109	114	119	127	143	150	188	193	208	215	229	245	266	267	291	295	297	302	
5	7	7	13	32	83	88	104	120	128	134	153	162	167	212	213	222	228	236	244	245	245	251	257	265	275	279	280	280	299	307	310	314	318	
0	13	15	27	36	53	58	70	81	82	119	121	124	129	146	146	149	149	157	160	163	164	167	215	217	256	259	261	271	274	278	290	291	294	306	308	
6	22	23	39	51	73	76	77	78	81	84	94	98	119	122	143	144	154	160	163	172	175	178	187	197	201	209	223	237	238	246	252	253	257	266	269	314	
0	16	19	37	39	39	46	67	78	82	84	88	101	112	124	129	138	154	173	174	181	185	185	211	213	230	237	243	269	292	311	
4	39	49	53	57	62	64	69	88	89	105	107	116	116	157	162	167	186	195	198	210	221	222	222	224	240	260	274	276	279	303	311	
1	6	9	22	27	35	43	56	80	92	104	112	114	141	159	164	170	177	183	206	218	232	236	237	246	256	262	270	272	
22	25	25	45	45	50	68	100	108	117	136	140	153	167	169	170	174	187	199	201	201	237	242	247	258	258	266	272	274	278	283	301	301	307	310	319	
7	9	22	52	53	71	78	79	80	82	102	127	150	176	177	197	206	210	240	267	270	275	285	289	307	317	
8	11	11	15	17	31	38	41	60	107	112	113	124	136	142	150	157	168	206	219	224	234	239	240	249	250	252	255	269	284	286	289	293	303	304	305	312	
6	8	28	31	48	69	71	72	94	108	121	128	151	182	185	196	210	223	227	246	267	273	279	280	286	307	315	
4	10	15	27	34	38	50	63	71	72	91	121	133	142	176	190	193	200	202	207	227	233	234	242	245	247	249	251	252	261	269	269	273	304	311	
2	10	71	105	129	129	142	170	180	180	184	185	222	240	241	260	267	275	279	281	282	285	289	299	307	308	311	
4	8	9	22	43	51	54	56	56	65	92	114	145	154	154	158	191	205	206	218	220	231	244	272	285	290	300	
3	15	16	22	34	38	43	62	64	70	75	76	79	97	100	115	122	122	134	155	186	205	208	211	225	230	234	234	241	271	273	276	287	290	294	308	
4	26	31	40	50	50	51	53	62	86	87	102	106	109	123	139	151	187	188	198	208	214	221	222	233	258	272	277	288	291	295	299	302	303	315	
2	15	17	27	42	45	52	52	53	102	105	126	140	152	153	171	185	194	196	197	202	211	248	278	279	309	
6	17	42	44	53	55	56	61	62	74	85	92	101	106	113	116	128	143	155	157	161	191	201	250	253	264	273	280	296	
