197	331	293	361	103	273	362	327	320	51	160	229	135	176	244	169	125	362	107	77	330	346	353	343	292	121	69	108	40	227	386	236	158	67	384	49	127	135	375	47	
186	136	277	108	99	121	277	11	270	171	88	388	304	228	331	197	349	187	304	176	15	78	200	359	331	184	8	59	106	170	105	79	93	380	185	190	288	248	200	344	
20	75	332	322	301	50	118	37	236	208	212	249	284	11	394	215	380	1	272	86	170	163	163	261	143	346	238	217	194	37	347	398	296	66	318	195	113	35	230	134	
29	228	169	311	24	162	311	1	161	181	272	116	341	220	163	269	165	186	271	144	220	5	140	301	68	243	94	365	63	109	98	89	121	51	396	141	209	304	327	154	
270	197	56	395	15	215	50	363	397	105	291	1	106	215	299	357	242	177	320	302	71	202	387	188	249	168	326	56	256	250	393	309	230	45	88	28	43	133	174	36	
23	249	221	311	60	303	265	298	264	181	383	330	166	366	114	11	317	223	249	169	69	239	74	83	67	157	106	106	74	64	137	91	307	141	184	150	226	44	230	85	
8	209	11	168	170	307	361	82	125	392	33	376	226	288	54	288	40	341	388	295	399	307	168	302	230	347	234	52	385	59	318	175	261	323	124	212	12	79	75	130	
67	102	101	74	383	148	143	204	84	312	94	264	1	43	347	225	383	175	58	151	227	158	319	82	262	37	287	267	297	355	390	356	237	85	210	213	13	346	198	276	
252	285	135	246	320	75	252	85	243	90	228	63	240	327	325	95	144	392	354	34	129	126	170	358	203	373	352	395	100	143	265	343	207	391	369	306	245	0	170	80	
83	390	323	315	97	28	189	21	12	323	46	319	41	395	270	23	360	1	10	52	323	266	174	122	37	135	207	274	314	369	133	388	138	234	82	226	252	49	25	43	
363	62	353	394	48	214	7	186	393	196	16	307	53	368	207	81	281	5	345	187	365	256	166	281	82	26	285	324	65	300	357	19	140	89	190	364	292	375	141	64	
162	334	361	391	292	159	62	164	341	184	340	84	31	283	354	102	298	230	203	140	307	338	335	37	17	303	391	86	268	309	139	206	232	277	186	114	212	25	54	329	
198	171	2	4	43	133	282	117	139	262	33	36	189	357	61	381	249	41	56	293	126	371	88	347	237	50	237	225	63	279	143	37	38	133	29	255	253	87	147	168	
337	168	192	301	113	28	270	137	244	313	18	357	60	280	292	284	318	117	284	156	171	15	180	383	135	384	14	164	59	148	107	170	303	285	58	2	299	314	314	317	
2	319	263	50	374	142	108	67	34	379	209	378	380	164	349	290	135	137	228	367	272	321	124	162	380	355	338	266	256	239	171	32	332	207	67	292	334	348	344	141	
314	327	294	68	77	17	343	384	139	344	337	396	251	234	144	217	362	256	257	391	81	201	9	398	393	249	64	101	183	181	16	82	94	294	322	342	295	250	312	19	
181	23	1	204	30	317	6	376	158	36	353	11	221	135	182	386	368	231	72	324	396	72	178	262	350	85	190	230	320	87	234	272	280	6	60	293	307	237	42	237	
257	167	233	249	285	398	219	25	213	275	332	381	118	95	14	240	163	188	54	254	46	59	110	310	236	341	374	128	162	187	136	2	336	351	234	391	332	37	399	316	
83	315	69	370	180	66	193	326	237	17	350	53	246	44	133	66	155	91	363	299	48	82	72	367	15	289	341	118	96	111	16	347	196	67	299	357	302	75	53	121	
75	386	156	302	199	271	137	335	131	82	3	347	332	58	296	329	116	7	217	193	287	2	309	65	239	190	192	123	34	226	225	276	380	149	160	347	188	65	51	87	
129	37	16	42	262	81	140	358	256	337	319	125	108	209	170	327	167	130	31	182	337	24	39	86	154	366	14	110	12	233	178	308	249	361	329	91	22	236	216	258	
341	116	151	30	304	300	336	239	10	135	0	115	138	206	367	59	340	361	149	332	175	94	220	191	35	316	50	223	320	245	61	240	340	190	36	10	257	139	228	34	
253	395	315	157	368	261	195	287	389	322	385	330	182	184	100	195	266	315	396	165	140	224	172	246	180	373	235	15	278	230	215	109	390	108	32	336	135	204	388	102	
292	352	198	52	301	275	224	333	356	385	76	74	187	12	85	133	152	85	313	7	292	107	282	49	379	291	150	279	73	117	146	341	233	320	157	112	360	145	21	293	
108	262	132	60	40	193	356	168	254	246	339	311	117	198	124	74	66	250	117	302	131	240	7	341	137	141	217	74	262	215	343	134	240	238	356	255	6	288	186	25	
111	103	100	204	276	199	41	318	24	133	196	132	348	180	236	249	84	29	298	322	219	5	219	222	219	151	54	389	14	215	389	100	80	64	278	331	237	81	11	23	
190	370	318	300	312	129	124	371	319	397	56	300	377	249	98	358	374	126	322	363	103	74	225	158	112	266	251	111	321	237	297	85	368	189	147	255	80	244	200	372	
216	17	36	354	240	107	75	375	393	370	100	257	18	298	388	291	138	0	376	221	398	35	279	341	384	187	170	38	5	131	172	381	121	180	97	121	47	144	69	12	
88	329	243	266	200	392	131	99	153	267	292	125	62	331	39	18	92	181	30	257	72	361	211	165	301	280	46	320	184	274	305	244	175	307	269	346	59	159	204	184	
186	69	281	219	160	291	210	10	231	211	239	274	331	21	10	204	62	215	96	217	61	160	220	207	226	249	312	257	379	89	200	137	315	52	326	46	101	294	214	302	
264	24	148	166	205	316	340	24	102	194	212	133	112	191	310	309	10	193	324	148	40	95	255	326	304	340	130	375	205	315	248	40	97	153	362	59	39	273	53	297	
225	23	188	307	184	68	373	351	17	267	69	215	119	294	111	392	391	397	337	353	70	342	150	137	65	83	165	260	113	375	314	306	367	71	182	120	294	311	40	68	
148	78	252	22	128	119	383	275	86	77	198	124	175	316	16	208	155	338	224	236	282	107	112	218	146	50	94	8	330	289	233	233	122	53	224	218	140	362	248	380	
8	14	73	151	87	245	115	209	151	94	13	188	169	280	161	70	297	222	234	382	79	35	184	168	242	163	141	349	93	357	297	255	126	125	161	366	336	242	330	241	
91	99	184	13	345	311	238	396	287	39	346	332	227	284	254	36	13	150	140	73	74	3	83	353	282	210	287	372	206	184	367	262	248	117	242	346	393	46	308	246	
238	8	332	218	258	340	219	237	56	324	64	282	82	112	201	329	75	241	56	246	178	388	261	179	72	69	91	218	267	153	30	257	126	115	40	137	19	11	126	40	
89	155	287	322	18	241	4	245	47	24	56	377	377	282	121	13	103	177	384	123	82	167	344	359	246	137	61	18	300	152	22	352	58	62	239	228	54	207	37	251	
196	245	193	324	278	278	302	132	206	38	218	39	168	314	361	377	202	386	359	66	289	134	381	98	346	371	289	151	329	78	365	88	73	309	375	313	337	27	195	106	
28	377	295	346	42	219	286	393	355	396	21	207	280	153	268	376	275	307	90	167	135	205	218	170	77	343	233	164	121	391	19	298	118	276	206	121	58	241	76	374	
387	247	332	16	149	349	354	385	218	193	115	315	360	82	234	186	386	29	312	256	382	293	116	249	319	71	331	338	273	156	62	9	151	354	386	260	264	302	207	231	
244	283	295	352	325	90	100	60	267	160	276	397	201	140	207	81	171	286	167	192	190	190	349	301	292	297	123	305	347	290	97	151	320	139	64	205	375	310	11	203	
218	35	348	166	135	116	207	53	149	121	391	299	58	301	160	310	345	29	175	252	279	18	362	159	117	173	111	239	43	269	1	6	263	309	132	356	171	85	155	278	
165	107	137	182	154	44	238	58	31	159	268	58	323	376	362	398	296	220	196	85	48	344	51	270	399	141	185	129	184	299	153	94	151	35	233	262	36	216	277	213	
333	291	16	214	225	337	357	266	115	299	309	120	388	317	135	345	15	278	219	344	322	117	395	218	110	374	37	291	148	272	250	226	120	223	396	89	117	99	312	375	
143	179	241	88	240	332	177	399	354	140	300	20	213	252	195	280	183	189	315	288	205	122	71	69	302	211	302	375	54	171	96	339	93	292	170	76	367	302	30	278	
398	287	255	355	95	6	191	21	151	62	53	312	140	266	124	185	32	381	303	230	295	354	125	343	389	38	162	313	296	148	147	37	389	356	347	227	105	280	203	211	
85	211	266	366	31	344	106	206	281	364	178	131	61	45	217	5	38	333	273	77	224	162	256	168	73	158	137	320	180	294	86	219	246	93	326	18	178	386	179	200	
93	99	74	107	98	31	253	90	106	267	308	283	382	118	193	197	17	283	71	151	319	110	111	306	343	179	279	262	119	11	16	351	63	42	198	301	214	4	131	272	
225	392	110	348	64	42	98	221	278	121	112	337	370	176	197	266	95	28	81	166	180	237	257	382	19	7	236	186	152	320	11	117	52	260	16	254	254	66	26	271	
139	92	162	248	6	310	66	53	78	285	357	209	75	166	143	45	312	119	184	204	178	334	60	181	146	27	387	139	232	153	361	109	382	74	307	339	122	111	130	150	
135	38	310	160	342	192	344	393	261	266	335	389	151	345	308	34	111	33	124	293	138	35	140	71	248	397	149	108	246	229	209	330	5	256	228	85	397	122	27	208	
126	101	335	226	395	194	397	56	177	71	86	52	243	362	260	228	97	358	286	292	324	44	173	67	37	350	102	385	209	266	330	283	316	2	245	47	332	191	240	245	
398	63	247	377	374	243	342	19	337	177	261	210	357	170	13	343	256	64	65	201	66	132	32	330	83	13	115	363	153	303	157	286	313	139	398	22	329	288	390	214	
201	387	161	106	105	122	185	96	320	384	244	333	64	11	399	281	372	62	192	260	100	85	281	148	171	227	119	236	251	57	397	398	390	292	239	229	148	158	59	14	
90	250	84	288	395	29	116	102	225	255	96	271	74	111	365	191	72	30	373	269	221	106	2	158	132	188	121	227	292	126	375	115	109	4	348	237	379	198	284	337	
399	114	342	206	170	254	342	188	17	49	190	185	288	138	76	365	271	330	325	296	1	247	145	244	197	226	26	310	369	44	193	101	103	81	251	218	67	326	138	28	
321	273	346	341	144	155	38	147	29	309	388	163	101	265	351	242	35	323	97	350	312	22	395	147	47	192	97	246	63	179	219	115	184	297	399	271	395	169	361	156	
22	82	263	67	290	159	253	58	213	81	351	256	46	290	346	225	213	387	14	219	110	365	65	24	206	195	239	332	308	332	31	273	144	24	71	377	126	266	165	69	
78	60	268	68	80	158	22	236	275	380	185	115	288	380	83	224	118	51	99	156	326	260	372	13	227	173	121	84	169	228	95	188	16	305	384	37	192	349	2	8	
272	318	66	289	240	277	54	299	271	95	185	139	84	286	281	252	0	343	277	111	300	102	240	258	348	167	25	269	245	369	6	57	15	12	287	196	18	70	224	230	
293	350	98	317	177	320	297	305	391	116	356	20	158	324	219	234	31	372	231	217	71	178	2	26	318	17	351	277	215	116	47	47	193	86	92	309	345	329	341	64	
173	238	24	270	102	371	231	261	283	1	205	81	119	148	47	164	292	338	381	47	181	368	222	313	181	254	349	253	123	230	257	234	6	220	230	234	317	399	33	327	
128	179	347	372	52	333	75	71	397	182	56	304	90	218	156	396	10	43	189	259	399	172	31	132	118	387	305	374	113	277	240	178	181	125	275	358	184	75	367	306	
196	150	150	10	93	243	344	228	12	258	24	349	367	393	19	23	106	49	335	156	51	113	271	171	362	271	67	271	284	159	116	16	246	202	363	275	169	31	40	305	
228	190	193	132	308	336	92	350	322	151	43	98	387	251	205	287	59	396	95	68	279	334	20	61	260	108	61	366	76	226	208	239	351	124	95	195	183	122	269	228	
210	249	263	320	223	191	143	218	310	361	221	126	18	364	310	215	7	307	117	19	256	47	381	331	295	11	249	13	257	53	365	189	237	350	43	395	76	309	335	321	
206	280	382	159	366	227	96	309	257	147	50	235	317	154	101	147	101	73	282	80	60	182	203	20	67	181	138	265	212	195	121	139	196	224	19	97	172	48	127	362	
131	299	320	169	386	142	249	208	148	64	221	330	368	145	72	156	47	330	354	193	58	196	266	376	353	219	194	247	201	254	143	51	273	183	153	379	258	122	121	126	
121	62	389	209	328	181	297	308	43	372	33	223	288	19	132	362	358	258	142	93	232	217	264	37	121	350	349	311	192	190	369	244	372	79	172	232	191	189	72	354	
94	225	110	313	364	173	207	254	150	67	278	313	4	262	70	56	331	350	299	54	260	387	18	164	185	122	327	96	242	118	381	53	273	21	86	168	312	10	353	392	
10	350	24	345	330	24	332	192	305	349	178	96	54	314	377	358	366	235	384	327	283	296	311	275	35	115	373	65	56	44	176	396	113	130	58	372	84	108	282	106	
175	178	133	159	21	39	46	317	392	148	361	205	161	390	197	313	34	288	308	20	262	13	134	92	73	309	394	86	346	393	122	49	100	370	325	49	126	300	83	234	
166	374	157	255	293	282	98	256	99	334	393	290	64	243	98	65	82	20	268	356	130	106	123	158	4	376	136	246	392	335	9	86	237	94	269	245	303	82	216	330	
132	325	336	124	97	361	305	106	98	101	177	155	134	14	28	253	318	92	26	26	354	151	39	306	172	23	266	191	32	198	48	92	49	99	329	72	174	161	292	385	
189	185	256	36	126	211	216	159	229	357	112	298	34	265	318	134	216	299	251	362	23	13	168	399	226	24	187	326	112	193	239	14	91	20	376	143	157	119	14	99	
190	52	111	150	243	143	396	172	367	360	60	104	299	154	216	238	291	328	91	329	235	42	269	251	176	358	107	45	190	46	257	304	211	293	379	167	148	88	263	227	
374	36	256	385	116	396	149	119	37	351	372	197	318	353	372	206	237	4	176	351	163	357	181	299	362	272	178	34	284	365	186	182	114	153	279	340	73	351	382	34	
227	280	156	256	157	239	385	105	167	85	380	41	153	272	264	39	67	365	185	62	41	83	356	79	159	159	342	156	33	249	301	370	239	167	149	106	329	56	134	206	
252	225	171	327	207	145	76	197	220	185	369	185	190	248	373	58	117	26	138	260	385	149	153	147	239	224	362	278	390	206	6	164	352	100	201	81	353	199	386	96	
94	66	390	205	23	72	186	62	20	32	244	115	290	319	370	238	252	255	37	165	382	366	37	44	175	160	234	49	68	330	254	83	317	165	396	261	159	103	244	287	
244	10	324	54	37	215	214	210	390	359	83	82	246	41	46	129	309	388	287	86	239	61	90	76	148	6	259	14	217	211	222	380	141	65	142	285	201	62	203	298	
343	206	300	296	354	53	345	371	150	339	376	308	320	385	305	175	99	271	109	235	1	251	322	250	23	384	242	144	154	364	150	15	90	156	231	150	129	282	227	197	
141	124	212	167	215	223	261	233	12	288	386	121	245	15	289	375	318	49	225	390	121	293	113	316	368	49	384	203	250	131	106	96	359	235	180	92	376	146	29	94	
141	123	133	303	55	127	383	78	282	127	174	320	337	204	154	223	171	243	131	126	78	154	326	355	95	212	153	176	275	100	187	332	139	24	340	111	255	240	293	53	
284	385	78	326	106	149	253	381	309	301	211	304	159	242	364	170	370	33	49	349	49	341	386	293	282	30	320	53	374	318	212	362	219	206	204	27	271	160	324	283	
377	240	291	52	185	171	325	258	307	78	123	273	335	212	269	133	158	105	289	236	126	16	114	260	139	20	204	113	96	231	311	176	173	304	330	272	178	170	44	399	
351	271	375	201	397	159	248	258	366	240	8	6	171	224	182	224	159	88	251	356	233	264	46	321	271	291	295	363	164	255	64	28	39	354	144	138	214	93	309	94	
247	232	203	332	369	298	257	229	86	210	100	20	175	59	255	359	52	252	23	130	20	2	259	161	270	316	212	397	111	223	193	270	367	308	302	37	306	260	179	305	
383	379	239	258	352	195	131	105	147	66	334	267	169	106	340	351	123	252	49	146	387	155	116	55	163	119	5	381	291	284	386	373	176	324	143	227	218	372	243	276	
140	90	55	220	107	307	271	328	259	232	173	158	85	201	312	160	231	229	240	221	25	325	106	300	161	347	38	291	232	193	78	69	380	45	387	185	50	169	24	7	
100	109	265	96	7	87	353	336	15	291	67	351	127	271	162	199	130	298	188	59	189	364	39	79	108	125	175	257	205	297	175	214	104	349	7	20	347	57	54	272	
260	32	321	83	214	180	379	40	175	76	9	273	351	146	262	156	180	134	322	81	341	7	393	142	266	310	71	310	64	223	279	233	165	296	13	74	172	301	211	255	
288	130	37	335	371	395	399	247	38	231	238	75	334	140	126	296	146	293	116	119	25	90	48	286	83	370	269	351	367	388	116	350	213	248	193	279	152	288	33	98	
215	367	81	56	202	302	260	42	103	70	257	35	257	0	229	35	65	193	294	340	276	317	199	184	73	86	158	320	69	287	325	191	161	101	341	57	309	296	194	106	
61	358	49	225	52	372	167	24	260	156	272	230	379	165	321	147	158	385	373	135	179	392	19	34	187	55	186	190	258	286	203	225	338	345	144	296	223	3	14	176	
65	193	313	139	50	327	191	301	5	258	341	90	156	54	218	36	15	97	132	366	288	240	97	319	90	333	309	7	243	229	276	213	114	93	256	68	113	140	274	23	
303	309	207	151	55	329	91	375	118	316	33	98	60	222	322	244	60	136	343	208	56	311	113	74	98	274	47	115	106	13	42	312	226	153	154	185	173	337	251	194	
158	189	197	309	315	210	56	66	36	90	178	396	306	381	374	307	159	113	325	355	29	59	358	160	303	16	35	380	44	378	265	105	69	152	316	74	264	63	43	203	
245	312	103	53	197	167	50	45	182	66	304	115	216	352	364	21	271	89	304	218	370	260	12	131	314	232	295	81	385	242	374	132	243	167	275	341	235	14	76	319	
171	70	124	288	324	177	212	285	168	17	4	228	366	107	260	183	27	244	353	314	175	229	135	320	297	98	350	222	15	328	42	86	86	254	276	312	331	176	97	187	
282	191	316	150	198	264	233	126	9	86	128	84	3	351	92	389	350	344	112	53	360	242	41	348	396	5	348	15	81	134	103	50	224	107	99	110	57	19	322	154	
194	351	327	97	202	319	386	239	350	185	193	211	326	321	246	9	13	281	324	182	314	114	132	225	307	132	234	52	50	56	106	144	93	119	327	381	337	399	119	186	
83	398	83	95	218	15	3	317	195	13	397	195	213	28	319	207	246	239	158	382	381	349	24	373	367	37	40	390	335	246	74	104	142	244	284	45	344	372	260	225	
284	157	318	183	270	322	287	13	59	130	80	338	376	3	210	28	126	335	316	147	78	76	148	306	218	330	249	247	200	194	369	169	34	185	35	201	3	219	298	147	
246	277	383	306	364	277	232	174	109	44	217	272	205	262	74	319	276	220	251	160	97	117	12	29	198	344	314	286	247	110	329	388	69	208	378	117	168	106	186	173	
234	300	341	335	245	98	337	204	1	83	259	394	284	355	319	377	195	130	346	126	322	359	197	74	250	70	86	314	259	168	382	176	150	5	193	289	398	212	387	294	
379	330	371	158	367	186	217	56	397	58	76	1	312	356	370	56	321	351	52	75	201	329	333	246	16	20	217	96	127	287	72	399	298	338	50	159	205	162	296	95	
302	55	391	108	305	255	245	120	287	192	276	381	202	102	308	300	16	207	290	225	387	44	118	179	276	250	231	374	305	20	151	99	156	34	287	353	369	24	366	149	
297	136	211	392	319	200	185	15	299	155	133	366	91	331	225	47	73	136	314	58	236	357	50	285	71	17	131	121	122	389	349	311	205	52	382	203	331	58	110	122	
293	323	168	64	146	284	3	298	311	210	248	38	246	377	2	397	286	25	9	299	93	251	289	190	382	163	71	205	300	261	5	84	74	63	39	298	25	333	86	227	
222	13	344	147	281	238	34	245	341	334	222	325	263	2	194	136	55	156	231	247	307	314	9	272	268	127	248	371	350	225	276	250	128	298	286	85	25	210	7	43	
222	121	259	375	200	342	188	145	176	96	68	372	300	155	322	246	171	59	106	199	362	60	338	167	248	114	330	350	0	227	283	298	236	30	162	324	49	26	146	114	
12	291	163	201	123	373	123	182	109	306	56	148	255	283	203	391	72	21	230	149	138	1	336	49	107	386	50	233	88	272	235	388	238	73	265	248	334	62	105	119	
257	50	155	399	9	33	65	369	342	183	6	155	259	230	280	42	291	5	163	55	165	286	331	290	247	271	214	256	222	207	50	365	331	279	39	227	199	391	271	216	
250	352	45	395	256	212	324	221	103	162	163	342	122	169	307	255	326	195	185	34	288	309	74	293	75	188	195	348	65	352	50	388	377	382	57	119	267	54	225	44	
102	62	273	109	117	253	37	328	333	296	36	294	90	396	73	239	69	341	73	208	179	9	82	229	64	213	233	218	153	131	335	141	77	92	322	266	18	245	79	236	
26	189	16	189	69	162	313	211	387	58	90	238	140	245	351	89	342	256	379	380	58	199	193	209	363	399	359	266	316	110	387	226	183	74	86	323	307	283	17	178	
13	181	87	36	309	109	9	136	249	59	187	378	142	50	70	389	333	101	326	134	95	197	30	163	342	0	369	133	354	58	381	250	122	139	170	100	131	249	306	49	
193	376	312	4	309	52	276	313	36	273	116	15	140	217	248	365	288	287	168	125	15	220	45	19	241	97	191	255	16	379	187	278	238	168	165	216	102	109	198	20	
265	384	105	287	83	235	321	253	192	370	46	88	71	373	178	195	140	250	118	226	110	187	385	17	237	31	303	8	23	382	310	356	35	297	124	187	200	325	320	272	
365	35	243	317	77	301	180	97	219	179	204	210	34	258	296	339	170	79	228	261	130	18	98	45	383	290	112	252	284	100	4	129	16	314	112	373	282	173	138	380	
232	10	259	333	148	34	152	384	393	259	313	190	345	78	115	208	248	107	127	199	276	11	207	172	392	200	212	155	39	16	14	150	305	339	150	118	252	180	170	311	
319	362	169	330	319	163	204	233	336	210	311	90	99	396	328	370	262	206	191	180	101	272	396	72	89	24	258	8	82	306	385	66	146	31	274	342	259	356	52	73	
44	29	230	209	304	36	244	231	119	100	289	286	250	163	24	4	252	160	290	212	343	341	344	154	37	95	373	175	116	90	126	225	397	232	97	365	332	6	260	116	
384	26	67	110	253	368	179	381	4	346	258	11	351	78	41	265	238	78	316	19	234	105	308	295	2	283	324	211	353	60	391	213	151	335	386	279	179	228	324	247	
50	58	322	64	200	27	206	100	169	185	183	278	167	367	236	232	313	35	318	329	160	373	205	186	184	254	128	25	357	327	335	70	47	133	9	121	222	277	285	265	
338	131	207	167	372	317	273	347	15	253	151	49	100	17	297	346	146	299	247	378	101	56	323	23	251	207	208	347	359	155	275	358	159	355	398	5	146	145	13	34	
272	227	146	247	117	316	66	138	89	374	177	252	92	373	149	217	241	230	226	73	45	162	305	78	390	177	357	197	382	31	105	128	318	311	247	309	100	373	106	250	
222	157	375	187	2	184	63	115	74	349	250	392	383	215	343	33	52	360	103	307	265	269	307	55	52	214	24	213	60	191	122	341	219	369	399	280	25	121	55	159	
344	365	23	386	51	239	292	163	70	267	342	394	7	308	109	118	394	193	204	113	256	198	326	346	227	384	286	311	165	213	341	167	48	235	24	158	132	374	192	261	
300	5	126	365	371	294	354	236	358	216	7	84	72	204	88	357	246	245	139	282	115	350	319	222	243	1	251	246	246	100	377	203	163	161	37	3	112	49	297	340	
136	175	82	265	36	228	91	152	343	99	90	115	106	67	208	7	338	115	122	242	273	157	314	305	374	9	365	356	328	132	353	119	363	304	254	268	1	214	288	0	
371	36	173	346	372	36	222	366	20	0	76	349	213	47	310	56	112	145	68	309	332	291	297	164	251	207	300	120	290	245	177	128	336	218	129	176	121	7	9	198	
276	143	15	357	245	194	68	225	393	4	189	380	350	141	200	69	216	155	57	161	54	102	344	258	375	128	88	364	3	154	29	147	163	312	158	61	160	92	340	207	
152	396	242	369	191	308	305	60	330	16	275	251	173	85	164	14	81	118	246	139	139	142	152	355	107	176	283	321	322	89	182	340	139	290	362	383	251	132	309	46	
203	51	352	242	190	381	121	324	365	20	329	370	28	346	191	189	176	127	164	151	270	211	144	62	154	371	311	271	157	85	370	225	189	187	331	244	220	104	32	238	
391	227	261	71	226	103	312	266	95	340	68	231	204	77	158	9	313	120	332	335	70	168	24	312	6	7	20	279	164	104	381	18	196	105	353	72	72	317	389	32	
121	322	315	376	263	123	37	228	107	233	26	229	51	101	4	322	160	75	64	187	44	309	257	291	278	73	14	1	41	267	297	214	51	262	52	365	35	140	55	5	
237	132	286	151	284	340	122	306	279	49	143	373	8	262	314	336	386	191	201	290	107	148	366	209	60	69	36	358	71	142	227	170	135	162	370	68	363	354	236	291	
54	242	126	324	365	89	310	213	329	372	153	298	169	380	369	90	98	54	311	32	58	187	251	243	397	82	174	222	299	58	375	214	348	150	186	362	288	356	223	77	
190	237	238	7	266	255	358	225	170	317	117	276	152	17	168	9	360	389	92	307	308	115	381	305	313	28	127	249	32	398	188	270	95	72	136	8	187	142	92	3	
320	259	328	118	135	355	388	355	204	127	122	159	290	151	323	62	226	97	172	118	356	6	248	98	338	244	366	172	245	318	222	211	223	8	189	217	9	35	31	259	
210	201	278	358	210	247	66	82	391	96	59	393	149	166	350	345	55	175	163	346	138	31	204	221	85	251	83	354	332	373	71	187	219	394	2	74	287	326	14	135	
69	119	175	75	330	382	66	243	202	86	234	385	375	295	251	319	191	193	318	168	211	34	212	288	287	259	7	219	43	279	399	157	255	30	88	41	56	11	328	114	
143	19	145	163	359	253	125	194	302	300	219	369	192	74	301	122	191	165	385	278	300	241	291	199	127	23	284	40	292	68	199	291	131	199	309	133	307	291	183	64	
235	45	78	69	164	235	47	210	43	75	130	199	172	64	41	342	343	181	238	90	293	292	24	280	134	377	269	297	311	94	5	0	395	125	325	13	2	14	265	300	
346	38	142	160	357	38	357	342	261	49	75	8	384	354	142	161	373	53	99	138	3	359	182	40	126	149	95	384	17	2	326	4	294	322	206	292	214	16	87	116	
107	17	379	132	13	164	146	240	70	100	20	114	100	55	196	269	57	144	106	115	0	286	162	335	250	221	80	104	90	210	74	50	79	307	224	132	323	223	13	33	
364	287	190	105	195	238	227	104	23	373	72	63	299	86	252	1	347	372	359	290	34	286	381	155	233	57	327	8	320	193	82	324	331	311	281	377	0	146	120	62	
372	234	379	122	172	270	376	159	281	374	300	355	111	320	361	384	16	139	31	376	185	365	152	155	127	71	384	168	69	143	269	79	228	286	52	38	6	66	47	326	
79	199	132	230	158	344	64	24	121	346	38	344	350	40	350	115	149	372	133	257	366	254	187	45	390	278	334	35	382	232	212	312	67	194	391	262	175	92	324	145	
289	213	128	88	291	328	54	290	337	225	397	153	115	221	235	356	135	18	28	156	287	89	104	392	320	345	291	344	287	64	126	212	126	103	337	266	67	240	192	253	
101	226	43	66	83	126	58	67	182	335	71	104	60	212	132	229	5	273	209	328	373	184	177	348	324	362	250	240	238	291	129	187	151	20	100	82	182	6	398	211	
377	105	165	285	166	332	361	206	52	17	170	274	237	194	257	8	191	142	283	276	281	47	310	280	102	46	398	132	87	244	191	312	383	389	43	183	169	39	23	255	
91	40	164	175	268	55	217	305	44	134	27	359	216	371	273	166	51	117	144	386	395	369	332	13	206	222	42	8	295	99	297	233	385	307	40	286	395	291	36	285	
59	97	278	120	102	396	131	399	360	121	231	201	337	8	247	176	264	135	29	192	80	359	57	99	299	344	18	139	268	88	57	172	218	180	136	165	21	113	9	13	
268	273	247	49	314	339	257	210	106	318	246	31	122	148	163	266	124	214	251	237	146	340	253	209	365	234	219	231	379	260	276	91	376	366	172	321	148	60	374	98	
223	65	163	189	245	356	86	213	13	368	293	191	151	177	244	360	254	93	222	265	384	341	387	391	151	2	156	331	93	374	274	160	69	279	378	344	265	307	399	121	
118	323	155	113	342	29	103	227	152	169	334	379	139	164	214	321	196	213	95	132	217	212	322	317	120	142	103	228	293	133	379	253	298	165	395	82	35	341	150	218	
139	114	39	120	119	94	284	344	336	8	318	183	61	81	128	211	66	73	67	388	236	76	82	376	82	107	87	146	77	79	206	57	34	86	206	182	209	117	366	174	
367	314	385	56	236	354	107	330	268	204	158	345	120	270	349	43	5	277	30	323	384	265	221	46	379	54	68	28	13	62	230	220	216	54	116	79	248	251	249	143	
82	36	116	42	333	92	112	178	209	171	340	32	275	188	105	93	81	13	148	121	315	6	182	371	300	325	77	176	203	166	346	124	228	301	5	399	232	357	203	66	
154	170	125	268	383	69	387	91	108	374	51	262	219	259	259	145	22	175	347	252	367	131	215	221	271	246	247	128	229	288	33	221	83	184	113	91	90	338	20	36	
339	311	324	183	7	209	166	55	8	350	332	0	106	384	59	215	255	143	368	109	56	26	355	377	47	307	307	162	270	352	224	45	99	385	65	131	218	255	211	62	
231	380	301	174	388	384	13	267	364	218	213	44	81	5	259	152	336	190	152	42	166	213	325	102	222	14	258	276	105	92	363	359	308	287	369	319	294	5	21	93	
59	71	374	163	99	256	152	58	68	328	336	70	163	284	196	222	133	76	120	263	4	106	57	335	16	49	89	145	290	346	262	372	39	259	370	160	349	144	53	40	
95	226	133	94	131	163	150	100	74	293	198	100	235	277	270	273	161	194	254	286	161	350	92	36	43	85	31	15	252	320	290	182	167	257	109	131	41	281	253	136	
8	72	71	264	184	175	371	366	389	58	273	384	29	387	41	94	93	307	343	179	248	254	194	35	131	136	188	6	251	275	376	280	180	67	376	383	262	180	369	271	
259	76	88	309	83	150	236	9	77	11	20	157	285	235	25	249	391	233	275	263	340	83	375	140	171	371	143	265	172	346	368	262	41	75	2	356	57	257	197	366	
288	237	143	4	303	188	84	126	253	191	221	212	293	215	184	82	17	159	179	20	337	165	302	210	261	135	185	337	12	0	135	130	67	297	366	389	103	68	346	187	
91	186	230	2	231	245	316	78	22	112	330	377	109	62	205	388	216	220	155	58	50	309	208	135	37	4	355	371	303	131	176	11	334	235	244	394	96	389	303	135	
332	251	343	58	330	377	276	375	214	262	51	281	188	88	247	54	109	31	42	242	181	47	83	344	300	156	356	13	162	276	379	110	355	338	398	113	332	290	104	374	
168	173	85	186	277	348	256	215	208	127	286	4	191	385	365	319	157	149	349	148	254	156	275	225	110	289	354	271	8	74	74	4	75	175	205	180	350	289	223	173	
245	124	6	263	337	386	198	322	363	374	85	232	145	188	284	83	305	65	183	140	154	272	159	57	274	193	253	239	309	303	26	167	41	46	44	205	259	68	140	48	
57	53	107	29	67	5	127	386	84	324	140	66	22	315	137	310	334	217	162	257	133	15	251	1	289	121	220	374	205	187	37	87	65	370	130	146	389	271	145	299	
21	113	192	56	254	155	379	201	385	367	283	345	208	146	359	109	93	5	97	311	17	360	12	96	343	368	256	157	252	227	283	285	164	86	165	30	254	369	55	252	
161	163	22	381	322	393	103	241	223	25	163	253	210	0	173	377	380	254	360	56	305	255	165	82	353	343	337	220	136	5	296	309	180	329	114	326	145	229	390	380	
78	165	57	111	390	54	312	194	319	283	262	235	148	251	328	113	18	277	156	165	105	276	299	108	216	24	258	185	76	259	388	377	248	55	98	60	332	233	264	261	
127	349	107	286	211	258	222	239	357	201	14	285	86	135	217	124	169	84	320	256	166	318	243	24	197	163	94	138	7	181	10	356	139	339	63	359	18	107	207	385	
318	43	92	14	189	318	360	180	225	289	45	0	29	109	246	235	95	161	195	324	351	26	289	312	374	173	280	2	290	308	209	29	172	121	264	182	48	232	369	281	
130	236	290	167	354	356	223	270	125	25	202	297	60	311	218	255	305	318	77	204	235	106	241	228	237	112	17	293	352	394	394	302	238	103	289	11	66	118	288	199	
365	310	316	32	40	140	106	352	66	192	162	120	305	223	355	148	154	192	261	114	5	262	236	250	372	132	80	45	70	188	63	41	103	386	292	362	345	5	321	17	
204	303	357	327	132	130	82	293	328	349	226	340	218	68	8	8	19	308	60	308	101	342	356	24	334	66	392	286	77	319	121	98	228	84	31	177	32	331	75	366	
98	308	124	133	194	350	147	30	263	213	343	370	372	116	212	312	189	209	15	271	346	354	188	178	43	224	361	294	372	254	77	74	378	206	213	388	372	364	22	240	
394	371	27	370	91	243	98	96	268	117	372	218	76	163	213	336	204	177	46	179	249	127	258	231	337	287	224	126	255	250	370	64	36	213	38	344	271	139	43	141	
74	232	176	366	211	392	117	17	386	167	12	238	298	86	71	51	376	298	180	47	364	366	114	216	394	155	375	268	111	22	225	0	68	3	180	282	398	300	113	386	
283	129	39	396	30	112	262	8	226	257	57	4	225	387	34	221	144	12	303	70	249	129	285	319	348	67	203	348	182	131	148	279	74	189	276	105	114	138	327	341	
397	200	159	35	188	196	69	145	209	373	218	271	317	103	191	266	385	208	27	168	340	389	48	228	178	138	334	106	278	74	49	88	274	21	336	274	217	219	20	238	
5	51	109	322	367	113	0	352	321	27	120	73	16	382	301	7	120	47	114	211	121	376	111	209	397	48	295	27	79	315	77	83	177	186	5	144	111	4	95	31	
245	29	317	260	10	29	267	342	75	380	151	8	355	263	216	163	122	110	190	13	237	267	95	14	265	99	370	375	316	64	218	158	304	345	229	124	372	93	64	45	
285	216	52	238	289	79	213	222	0	0	233	47	77	138	272	340	237	240	125	363	115	153	332	230	96	158	353	279	63	15	134	345	40	184	393	138	73	203	169	283	
13	0	328	88	136	198	238	182	247	173	355	171	324	284	399	231	252	349	106	312	361	239	255	212	233	245	347	115	257	114	395	266	323	319	350	268	325	184	259	381	
355	211	149	87	303	144	314	151	89	230	59	260	277	122	67	318	175	223	242	28	145	233	291	278	360	237	141	94	230	210	71	179	228	216	75	126	356	197	85	253	
235	353	321	319	284	196	232	54	14	68	78	367	108	364	240	64	8	189	153	234	207	32	221	29	243	291	363	6	296	43	67	124	204	382	38	81	172	76	129	393	
140	15	355	55	373	2	113	376	398	73	204	199	312	231	222	362	329	179	362	219	29	236	337	39	213	369	114	191	253	51	178	199	59	339	247	239	334	166	208	325	
46	218	117	352	254	145	307	175	130	74	387	152	304	318	185	322	92	105	106	338	362	90	342	15	22	182	247	350	342	260	80	380	282	3	136	127	140	35	296	75	
103	276	221	212	398	211	125	296	121	36	38	75	118	373	82	345	360	133	99	294	198	172	78	71	380	20	191	325	47	292	392	354	371	16	369	173	219	298	60	331	
326	303	398	248	79	285	184	30	222	275	127	11	251	10	73	222	21	68	350	272	163	333	218	126	153	390	103	363	280	154	97	8	260	298	247	330	385	234	162	198	
99	282	200	153	282	75	177	105	347	118	367	100	254	387	29	397	368	122	162	238	79	62	48	142	351	285	62	326	108	215	113	10	298	114	365	381	179	131	75	328	
52	33	231	108	9	250	307	178	173	59	218	55	110	256	186	263	129	50	178	40	66	93	252	354	197	18	324	178	351	389	95	205	223	314	301	32	364	8	200	126	
269	219	170	180	62	157	31	393	195	197	234	250	92	286	4	278	292	129	44	43	319	340	236	129	54	337	362	7	334	362	334	189	168	304	357	218	48	188	10	43	
374	232	281	266	317	85	130	195	202	374	39	107	301	262	36	155	399	385	149	320	335	70	309	303	361	66	320	209	242	318	239	14	348	318	267	252	389	195	246	389	
157	272	83	257	333	318	398	318	290	346	36	23	2	143	312	161	195	218	168	236	334	393	237	269	110	302	106	298	296	338	274	38	8	154	93	326	58	289	41	145	
222	63	367	21	191	264	381	185	279	134	6	198	326	40	52	21	139	356	304	21	279	375	257	84	115	147	208	371	235	234	101	40	93	52	258	82	112	35	64	375	
368	268	371	90	293	7	95	229	347	195	46	23	155	100	304	67	232	96	22	50	126	320	287	205	168	342	271	77	361	319	249	124	169	203	197	258	6	88	283	149	
269	313	156	220	396	256	270	24	335	87	57	45	202	140	45	354	65	299	227	222	13	58	142	378	245	323	32	235	395	110	367	58	218	318	260	9	155	324	15	286	
207	268	314	391	390	341	139	250	34	348	54	242	388	178	14	28	296	241	245	85	333	6	125	133	306	179	337	43	298	334	311	298	395	18	82	179	152	202	10	167	
345	259	203	127	231	199	349	108	21	174	174	148	374	94	75	261	255	393	97	347	120	202	226	96	14	290	257	148	286	249	109	24	300	294	344	111	286	273	199	99	
241	167	229	194	242	96	248	290	69	325	217	169	320	235	59	315	317	296	43	183	337	345	0	218	31	324	309	297	176	301	189	396	47	397	382	81	73	209	350	334	
113	359	297	226	385	335	119	282	22	354	257	339	90	236	348	101	138	48	377	294	328	145	81	354	335	42	227	199	230	155	325	133	305	199	337	269	112	247	128	113	
392	364	244	61	390	169	140	106	195	308	378	314	32	250	58	157	270	264	147	290	209	50	1	93	229	129	152	131	354	71	223	324	12	256	362	379	215	79	275	387	
177	43	91	186	270	127	133	329	368	258	195	154	286	386	37	91	92	166	199	237	215	213	137	16	45	289	184	50	157	36	227	311	55	295	287	113	398	396	18	154	
44	190	286	306	366	112	185	34	255	361	247	46	362	172	251	196	250	12	223	383	237	25	83	81	296	346	170	82	130	165	213	149	143	287	30	84	374	190	94	203	
341	129	38	90	90	77	262	315	277	272	274	88	273	144	144	356	65	291	14	383	244	201	108	362	276	326	235	225	305	116	217	220	220	41	284	96	92	333	386	343	
179	47	220	239	165	338	169	17	15	370	374	45	358	56	194	208	169	3	220	48	93	10	54	99	239	124	170	117	31	343	248	397	363	40	208	314	163	163	304	365	
320	64	384	252	307	151	246	49	127	38	70	6	22	97	292	46	194	248	136	12	163	357	382	312	370	376	198	320	326	288	258	218	324	213	254	202	150	71	36	62	
83	79	255	290	361	118	308	341	338	229	325	286	158	91	169	313	252	152	204	362	12	34	365	120	33	190	296	368	235	304	2	101	167	228	174	312	129	266	224	251	
66	333	108	8	207	61	293	244	184	68	176	380	287	112	72	103	87	151	42	105	239	228	177	189	240	135	73	340	372	80	162	8	384	241	199	374	85	62	187	240	
314	148	4	170	43	259	56	100	380	281	388	1	79	348	161	289	53	17	11	395	67	143	186	234	167	356	178	223	200	148	245	83	78	30	36	91	258	61	373	206	
125	332	391	173	249	121	244	84	107	224	48	356	149	16	159	98	153	307	102	323	237	316	376	285	128	381	157	355	224	99	344	317	211	303	271	242	204	82	106	92	
88	123	17	205	321	357	272	42	44	342	334	250	38	278	102	347	39	40	271	231	320	395	329	313	266	167	122	251	31	196	123	86	99	107	71	199	245	122	209	256	
245	111	73	62	168	355	377	387	362	214	397	250	176	293	129	222	241	31	252	239	7	342	104	286	229	355	53	40	44	230	264	255	119	115	95	66	37	38	19	177	
32	383	394	387	243	302	387	262	299	204	279	84	112	349	337	120	270	356	126	92	364	356	125	262	38	186	294	254	4	279	397	1	227	169	166	247	36	118	73	301	
102	318	163	392	44	65	77	91	198	169	361	127	303	51	354	118	16	212	337	385	269	112	163	61	247	295	85	248	191	337	326	258	31	54	213	40	83	256	308	59	
202	235	364	69	250	283	152	42	272	266	391	318	342	332	343	152	190	204	365	158	105	67	380	101	85	371	318	346	3	189	369	168	387	296	13	13	354	128	18	2	
359	186	284	264	81	2	380	47	169	120	169	51	150	325	115	199	71	396	321	37	361	253	381	124	324	358	313	242	49	106	19	182	255	265	9	110	41	163	120	172	
59	65	186	171	164	76	145	198	247	241	10	170	55	354	69	154	86	344	358	310	12	151	55	42	378	239	114	381	176	9	328	196	35	289	141	161	326	61	133	347	
264	105	292	93	233	322	208	280	226	340	151	199	52	380	15	203	392	91	145	129	61	247	99	271	96	201	393	196	223	300	104	48	365	356	314	158	238	82	210	237	
383	323	209	207	75	185	371	27	237	289	116	70	95	175	301	152	150	66	121	334	326	185	154	64	314	28	182	111	283	353	120	224	48	289	203	82	246	133	69	254	
382	358	285	37	306	357	361	15	195	41	120	293	185	235	316	271	34	57	153	277	182	233	273	2	293	36	43	98	341	284	311	282	13	366	277	277	282	8	250	248	
8	329	99	364	334	374	192	139	201	304	374	154	307	17	114	157	223	329	213	123	170	296	175	354	219	222	188	272	188	396	77	153	95	134	287	386	65	36	82	36	
110	226	149	374	14	220	88	7	106	72	87	47	325	32	358	101	211	317	331	357	82	177	280	134	269	123	78	103	329	330	97	395	326	202	325	296	191	182	259	67	
211	116	71	305	104	197	174	85	70	274	210	109	8	47	12	45	339	259	105	224	145	158	388	27	129	270	91	277	220	306	112	199	189	138	59	62	104	188	102	342	
231	269	219	194	271	187	194	378	1	67	157	314	393	100	296	77	137	342	122	313	16	189	280	160	96	106	177	155	63	47	265	249	271	39	397	308	180	358	240	348	
381	352	217	328	219	67	172	311	176	249	391	359	204	37	286	255	98	18	176	115	231	396	318	56	201	81	319	336	393	325	50	139	43	220	21	215	54	146	292	396	
161	49	309	131	40	147	152	91	331	282	372	116	43	243	125	10	89	209	111	35	301	115	128	297	289	315	278	296	226	122	245	340	337	318	236	329	18	340	184	301	
175	109	182	383	116	261	346	157	234	9	357	87	76	250	148	130	116	378	190	107	266	388	211	367	70	0	60	40	292	196	106	230	69	52	165	349	76	275	57	263	
48	366	114	76	380	27	370	47	356	111	106	385	263	81	303	285	32	314	88	276	274	358	57	106	362	386	6	389	211	226	15	210	143	293	49	286	270	369	283	388	
244	152	137	57	184	202	104	379	67	142	204	103	264	25	160	175	361	329	327	123	106	105	96	12	348	308	248	167	39	293	318	231	207	4	50	153	156	103	81	385	
9	49	251	34	23	172	371	333	51	247	217	319	113	75	280	10	332	289	339	132	130	206	126	99	372	125	201	77	391	45	223	160	42	23	142	13	356	61	106	355	
69	274	35	131	297	263	302	390	99	189	283	391	156	357	38	289	31	1	127	182	394	299	103	196	82	193	157	387	15	24	102	244	245	85	134	302	107	196	51	367	
146	282	306	250	186	103	85	377	264	159	319	17	218	369	160	60	322	77	394	284	49	257	287	240	289	181	302	155	325	300	69	17	341	133	25	73	396	56	208	205	
376	74	170	353	389	89	359	257	113	112	299	108	315	344	107	362	71	168	63	154	226	79	117	113	371	88	345	313	304	99	278	37	118	393	335	265	239	51	279	298	
109	336	164	181	225	217	88	54	331	97	154	102	334	216	374	250	63	264	321	312	309	143	106	184	294	386	207	78	194	244	134	249	124	242	374	106	216	219	104	304	
262	203	164	352	177	82	358	184	290	222	253	355	310	303	297	360	45	261	383	183	48	274	188	116	60	320	166	221	83	28	69	100	174	176	395	107	14	296	234	248	
276	243	359	341	89	11	244	77	214	383	17	206	199	148	78	202	11	188	179	250	372	5	293	302	337	230	353	295	283	343	298	100	129	198	383	160	152	382	393	121	
308	165	271	262	68	292	219	22	234	341	26	148	288	262	392	380	247	99	216	71	385	56	326	56	9	64	371	316	388	118	380	50	224	191	253	234	236	225	10	224	
109	378	315	150	393	61	71	181	101	41	193	239	38	274	236	389	279	149	245	20	21	379	11	187	112	18	363	102	184	126	269	46	257	336	350	190	337	173	312	191	
156	259	372	347	72	362	88	291	264	275	64	224	6	15	352	58	185	67	314	123	346	122	109	143	398	211	274	88	326	125	219	233	323	343	119	147	243	147	189	46	
174	193	211	119	148	315	330	85	134	182	147	19	243	9	101	393	159	314	20	236	190	391	221	266	274	93	352	269	179	80	255	104	212	216	374	111	282	241	134	354	
175	221	125	169	381	164	101	291	229	272	279	170	201	38	374	225	69	76	32	399	95	37	41	245	4	354	107	224	346	179	329	272	150	391	378	68	306	228	109	285	
39	326	393	177	113	117	340	120	130	121	269	162	96	60	157	37	351	14	11	46	131	278	255	31	18	383	249	73	148	296	295	336	157	37	49	19	90	137	75	369	
9	94	282	41	90	187	226	189	138	174	171	18	200	175	385	367	94	170	377	391	214	20	264	120	393	61	76	231	348	300	137	292	329	354	80	354	76	241	78	362	
164	399	316	112	109	236	15	351	154	139	89	117	94	288	172	23	97	183	2	192	231	74	19	95	175	246	385	0	235	210	297	335	143	360	193	186	130	355	284	31	
29	309	83	58	343	190	15	186	120	351	313	286	172	78	128	94	259	47	28	29	4	72	110	82	366	50	15	242	340	233	207	302	288	37	293	376	373	53	96	26	
339	155	59	257	167	120	284	171	313	58	346	249	276	201	265	174	185	213	350	58	192	303	293	225	85	119	134	391	105	376	351	188	277	154	189	188	206	218	292	264	
209	384	46	17	117	56	336	234	14	30	224	138	77	263	296	95	126	174	18	376	296	113	97	104	199	31	37	150	181	73	346	134	388	324	82	37	311	161	15	255	
123	385	138	132	178	177	158	235	95	107	142	322	152	383	169	95	346	137	177	58	142	54	124	274	309	350	241	363	43	1	362	309	316	242	371	24	350	272	189	376	
123	75	41	18	389	354	43	77	233	150	278	306	135	144	323	186	25	307	293	210	237	184	262	83	170	376	37	50	177	369	168	42	186	352	389	317	234	362	323	397	
42	130	46	106	204	298	35	371	346	256	323	113	182	326	125	282	230	305	74	150	15	384	121	130	265	40	376	240	331	40	380	301	312	166	148	256	204	324	368	78	
322	32	120	32	286	387	55	45	219	270	123	375	181	172	34	187	353	150	168	211	332	76	253	171	170	142	356	115	394	251	122	55	210	169	14	235	83	208	207	42	
6	71	346	328	384	119	254	264	196	350	215	268	166	208	366	76	278	61	119	11	52	168	393	189	77	146	165	88	95	112	270	27	110	141	281	232	186	274	234	122	
151	377	317	243	324	22	58	127	9	103	277	388	10	8	316	14	294	7	240	315	46	36	268	295	317	288	53	29	87	213	290	376	329	132	357	177	292	341	43	225	
182	58	139	118	204	381	270	23	125	35	262	96	208	268	316	50	80	106	217	306	245	32	19	312	302	302	226	118	380	7	270	86	202	145	341	331	50	134	278	100	
94	65	334	227	256	174	201	74	17	343	116	399	112	59	234	338	97	198	193	1	129	199	12	255	269	89	323	56	148	124	80	165	112	149	128	105	59	66	315	0	
145	355	323	180	149	294	254	383	15	183	307	280	306	54	272	97	67	117	76	138	165	292	39	13	365	304	253	347	293	91	82	360	180	328	276	65	143	264	370	293	
371	12	95	198	389	101	30	190	141	29	63	41	242	24	188	342	249	365	24	277	190	28	372	294	90	382	93	155	168	385	370	273	318	199	204	40	34	155	364	96	
106	349	272	83	107	382	158	90	268	103	289	379	53	394	6	277	297	20	354	198	138	57	392	190	390	330	364	346	6	249	175	245	118	368	61	358	82	139	369	82	
164	178	194	350	92	334	146	121	86	232	239	145	23	364	68	145	213	352	11	352	334	320	117	185	20	98	63	22	158	352	24	54	261	137	135	85	202	13	125	208	
166	97	274	321	380	73	385	325	156	128	196	10	367	232	327	306	63	309	246	353	393	2	138	386	271	192	391	393	337	247	120	233	263	124	72	374	115	188	217	189	
235	145	331	120	108	388	156	89	215	133	172	339	53	228	242	54	151	364	365	7	130	215	158	124	257	362	228	103	68	176	24	220	238	84	70	264	390	143	83	335	
194	174	191	164	132	163	348	201	45	230	125	305	175	13	346	163	292	91	396	277	185	337	226	153	151	213	335	58	274	148	122	384	238	42	277	99	121	141	216	295	
101	71	116	192	1	190	84	21	198	397	27	112	62	169	181	129	300	245	316	89	310	354	202	277	124	395	292	375	52	237	185	68	223	30	389	352	135	388	101	61	
301	44	89	279	128	399	135	155	372	367	373	9	48	90	200	88	212	219	378	393	184	291	376	324	235	92	3	99	396	231	75	23	189	79	28	45	392	78	327	90	
360	214	14	134	31	128	136	158	74	240	65	173	258	167	223	220	387	353	233	109	99	223	46	15	29	389	374	147	193	215	151	66	155	78	326	100	332	376	384	319	
343	175	218	327	68	167	61	368	34	207	390	46	156	162	186	98	277	74	158	383	15	222	174	296	213	13	121	58	114	18	103	370	318	233	21	299	314	394	178	72	
115	295	243	183	369	342	7	370	140	77	264	67	212	163	275	338	88	309	121	115	52	136	209	282	94	142	305	320	261	396	116	100	14	270	7	106	124	325	387	175	
315	376	368	38	50	367	99	49	186	344	288	362	203	220	368	209	87	183	252	259	303	281	270	227	62	188	57	310	237	355	397	62	240	87	222	200	364	44	373	272	
300	384	146	13	115	24	345	325	330	108	94	143	299	87	93	83	398	61	304	145	326	23	330	290	20	62	212	106	229	95	289	38	389	156	172	225	302	27	59	141	
45	275	7	65	84	9	57	203	379	82	71	27	226	310	38	368	94	159	383	232	377	394	392	87	59	73	34	83	221	2	133	387	398	48	360	202	177	138	314	65	
342	106	213	77	325	159	353	139	39	57	279	324	359	392	319	138	185	260	129	316	383	383	23	101	151	292	24	237	150	59	23	399	72	143	195	116	22	268	162	368	
233	162	200	312	273	238	169	367	219	206	2	322	309	332	331	368	343	261	325	0	227	254	119	207	117	34	43	46	209	113	133	349	394	52	379	174	197	55	47	135	
381	168	364	195	6	200	281	255	181	112	374	315	85	211	240	108	152	190	272	267	22	313	336	134	270	33	214	186	394	380	227	279	53	97	193	177	15	380	338	101	
211	30	135	201	147	93	215	204	1	205	189	140	23	242	180	12	181	112	103	293	210	49	291	381	263	389	63	183	86	118	190	201	53	42	120	104	39	52	25	157	
162	332	202	90	79	287	218	377	304	38	173	230	391	368	115	158	73	83	59	276	105	366	194	62	312	218	282	67	174	24	128	240	72	234	46	266	236	380	146	255	
322	36	390	29	120	9	90	309	395	52	88	215	321	186	394	348	120	179	319	11	320	350	154	295	300	316	64	40	11	326	198	234	76	304	378	98	214	371	310	324	
138	113	42	174	14	338	24	37	232	57	350	54	122	218	63	324	248	241	78	161	69	392	110	47	197	391	260	314	76	284	352	328	299	295	3	27	347	141	365	293	
100	29	248	123	148	25	161	110	167	140	172	350	245	396	110	344	288	84	158	77	269	223	307	282	20	23	210	80	65	289	273	278	217	234	302	265	159	175	275	39	
30	161	102	175	269	325	20	270	310	291	247	79	15	54	74	147	378	397	340	155	185	113	334	303	60	349	280	332	24	268	270	165	329	84	53	98	308	184	267	116	
187	227	309	314	394	94	360	83	391	11	137	75	23	371	277	194	218	57	25	354	225	194	231	265	390	183	75	197	266	241	212	352	180	231	164	72	224	234	53	113	
145	89	87	278	170	75	372	99	31	295	164	367	200	294	343	88	375	317	396	352	268	320	14	347	49	76	317	384	22	80	395	276	67	192	52	347	164	133	344	305	
139	6	382	49	196	222	246	280	36	140	342	201	169	252	258	115	226	284	397	358	262	101	131	39	190	293	282	65	136	123	266	384	237	145	329	142	76	283	131	8	
133	370	319	198	119	285	23	54	67	128	308	225	125	335	160	25	336	339	386	368	171	361	247	305	214	284	156	186	277	183	303	306	49	117	212	275	298	130	224	72	
367	240	193	199	282	248	119	113	296	212	189	362	69	332	374	391	325	25	73	97	317	270	110	73	95	217	243	101	242	175	68	103	310	156	197	86	111	23	93	301	
344	177	157	119	216	238	4	247	370	371	238	180	349	242	147	338	355	97	145	304	166	321	114	370	183	18	350	188	147	150	196	384	220	246	396	142	190	293	282	54	
371	227	128	25	364	382	69	24	372	107	33	244	321	40	107	397	163	163	291	204	206	381	293	132	333	183	168	17	182	156	176	257	276	9	175	345	282	136	73	360	
349	399	310	162	144	309	263	12	176	259	108	274	132	107	300	358	182	172	79	69	33	147	218	14	48	98	250	36	126	28	100	179	319	301	232	166	100	199	69	381	
352	282	147	187	280	150	36	166	26	218	126	351	256	48	68	9	38	210	336	267	129	327	338	151	118	273	208	322	177	382	193	231	154	44	309	325	296	48	381	213	
157	210	267	117	148	225	16	288	138	54	259	371	83	300	12	304	276	324	115	344	195	12	65	52	158	263	79	345	14	350	48	61	261	17	67	111	132	184	102	372	
128	251	232	313	40	134	105	205	159	109	250	56	222	17	397	269	383	365	104	285	16	253	48	166	160	4	379	394	289	370	254	118	109	376	319	250	210	312	156	257	
123	109	202	46	14	299	204	284	152	9	59	268	363	395	135	11	100	2	105	90	260	61	97	70	325	116	208	235	129	66	193	352	62	95	284	363	281	188	135	133	
85	294	102	336	389	124	46	188	13	251	166	373	199	363	331	223	178	238	346	194	191	26	33	140	8	205	203	389	93	38	221	65	31	209	99	306	219	243	193	331	
382	59	191	67	308	220	176	372	345	220	265	235	345	397	261	238	88	163	326	280	87	33	44	4	128	241	9	46	371	88	263	51	32	152	215	37	70	90	106	299	
196	257	21	27	140	381	363	326	29	387	91	214	305	20	103	131	146	397	274	215	370	235	151	99	85	64	21	40	39	13	225	120	367	343	243	391	20	90	14	146	
362	202	245	364	320	232	191	162	327	350	261	393	282	109	377	251	58	281	176	381	391	98	197	242	325	325	330	229	112	227	72	357	126	200	16	329	128	90	374	338	
137	333	215	302	325	287	37	78	264	96	155	139	289	235	77	98	44	289	23	39	213	378	91	222	273	391	34	284	176	103	106	195	318	16	380	338	185	112	297	144	
303	336	166	76	54	338	268	192	323	173	326	18	245	298	335	1	384	63	167	43	48	368	120	248	265	195	68	145	189	60	172	374	277	32	331	25	251	80	311	55	
348	118	167	286	110	383	381	188	327	30	112	255	91	326	197	238	214	359	77	284	113	130	353	271	256	377	390	389	151	394	137	191	392	184	359	194	259	219	75	66	
343	68	15	315	87	305	245	394	357	202	159	350	26	204	314	162	61	396	243	304	269	260	377	354	137	215	29	276	127	384	35	350	144	141	356	323	326	80	195	162	
375	47	204	92	130	398	133	283	272	68	67	22	20	323	254	36	229	375	4	236	51	130	277	286	151	112	88	356	283	375	209	136	300	292	107	121	381	331	282	131	
91	42	244	389	55	190	116	376	255	210	302	184	219	58	349	248	260	127	82	234	381	383	61	159	366	46	371	224	68	345	46	36	263	168	114	195	48	107	260	180	
196	41	243	292	376	281	18	326	286	189	37	144	261	376	393	104	111	240	205	268	62	129	394	15	387	386	300	312	370	38	181	254	356	113	23	20	271	129	222	246	
9	349	267	146	13	349	127	213	277	21	358	216	26	228	320	101	90	96	101	148	11	159	279	55	148	391	351	108	209	261	230	305	298	185	327	186	9	141	274	162	
39	322	67	152	25	261	342	202	233	318	225	332	352	192	261	188	271	87	171	356	37	277	136	210	338	150	271	35	380	234	72	292	30	13	131	141	361	347	217	68	
140	130	274	178	197	10	240	343	184	286	385	95	38	207	179	62	231	137	371	85	58	317	64	174	16	282	189	251	316	280	6	329	284	367	381	167	249	306	383	119	
67	54	88	190	134	353	126	51	176	182	222	320	185	372	368	74	127	30	11	317	184	103	331	154	343	397	194	277	177	262	270	116	188	43	392	7	81	202	330	129	
257	237	322	314	82	161	74	293	276	169	82	333	144	98	171	359	367	237	109	228	372	64	30	244	379	293	123	332	368	137	333	96	246	339	282	199	183	40	364	331	
81	131	348	97	100	390	139	150	310	119	250	366	54	151	81	117	315	287	320	154	296	337	334	226	359	299	296	13	210	344	28	162	157	245	342	340	319	351	361	99	
154	82	337	290	103	100	277	101	258	280	338	25	87	141	121	128	124	100	11	204	126	121	49	367	237	260	176	26	82	7	207	317	170	13	77	355	383	37	325	323	
187	132	217	356	356	20	353	349	201	45	234	9	36	153	244	142	95	290	249	258	379	326	45	19	21	204	242	85	110	249	276	165	62	174	389	285	274	22	314	344	
227	163	210	248	44	250	40	123	241	77	12	277	151	204	16	35	264	58	42	230	276	229	263	199	78	79	23	86	71	193	281	171	36	43	99	272	293	12	76	214	
89	280	44	112	164	60	147	301	310	61	211	266	290	27	146	240	298	41	6	50	234	159	93	143	203	64	95	48	76	43	135	38	3	179	150	168	111	170	149	294	
231	232	112	74	259	130	314	238	171	193	160	86	32	253	229	107	317	196	28	266	240	163	176	243	214	6	283	197	176	112	171	280	25	156	34	156	286	28	74	138	
93	106	96	126	231	197	105	101	73	5	47	313	168	223	109	254	101	72	132	150	57	175	110	274	11	16	302	170	44	57	308	10	35	84	8	267	153	113	48	226	
119	287	92	159	62	73	94	163	17	98	313	266	145	295	220	29	311	203	199	228	132	187	238	39	143	246	306	296	231	226	74	222	193	38	62	127	111	28	291	129	
318	156	75	143	4	168	172	315	243	243	95	55	302	13	94	317	131	273	165	43	179	240	265	245	278	199	52	70	99	215	71	97	244	146	241	248	314	285	115	237	
209	211	164	191	96	131	61	100	84	226	15	135	146	152	60	297	32	113	47	3	8	310	101	252	136	214	180	3	51	168	112	260	251	277	4	219	88	65	319	44	
291	14	179	310	167	240	287	71	225	206	74	233	196	47	166	204	261	218	207	313	258	0	125	189	149	1	89	109	66	88	153	230	295	204	92	14	316	59	85	221	
137	31	135	205	79	173	89	212	263	169	205	202	41	11	263	190	12	32	171	271	313	196	53	288	80	145	302	77	76	259	298	85	162	305	290	113	30	251	6	166	
292	211	240	205	94	183	267	299	216	118	122	81	314	175	49	75	192	223	24	140	34	194	225	68	52	67	182	82	190	188	248	35	271	168	240	238	224	188	217	120	
178	19	73	173	66	122	120	130	217	16	270	123	210	47	191	262	306	53	217	48	241	145	83	65	186	196	303	90	256	200	82	114	91	155	159	29	149	151	159	238	
167	301	41	58	28	232	192	206	286	89	254	79	107	210	144	165	86	319	255	22	71	209	8	34	236	168	63	65	319	94	175	39	75	216	97	295	128	161	181	286	
123	308	46	230	198	62	75	156	62	202	50	5	283	58	40	71	98	103	8	98	198	183	137	145	79	106	121	79	139	174	46	262	34	284	44	104	26	311	260	280	
65	310	286	28	241	198	99	19	301	107	309	51	162	126	197	241	104	190	1	244	236	239	186	271	203	103	55	101	94	188	254	160	50	92	188	291	290	160	183	143	
139	172	195	302	171	264	95	275	134	96	71	242	15	130	193	90	233	121	64	7	181	318	167	231	90	228	75	252	260	130	75	79	302	270	253	25	214	29	301	220	
317	244	143	205	54	208	295	287	201	39	167	62	229	14	294	319	114	241	251	54	51	7	6	225	149	259	251	236	160	232	136	158	28	151	43	83	232	210	242	113	
122	89	176	31	296	22	223	90	263	26	17	186	225	23	91	55	282	22	291	315	126	299	153	155	3	68	110	235	278	32	28	80	314	204	304	290	226	207	60	41	
105	269	227	11	292	191	258	127	213	101	122	212	272	275	47	275	23	29	190	173	61	91	126	247	295	110	217	74	189	150	307	166	99	87	177	72	278	115	71	171	
88	193	63	41	20	302	316	235	203	59	88	137	150	86	64	317	68	282	71	257	304	251	104	83	18	153	27	296	141	98	19	229	163	275	270	183	129	267	98	13	
198	59	150	28	145	214	25	214	48	289	23	32	220	319	308	110	153	207	86	294	178	105	75	21	60	218	205	190	37	175	203	235	234	225	263	60	119	160	274	40	
129	297	72	221	297	252	11	2	140	97	168	318	75	115	211	135	13	96	197	50	144	272	285	58	177	228	310	169	69	136	209	70	306	153	292	155	86	303	157	98	
273	197	96	28	312	307	35	6	276	233	56	292	57	214	30	235	122	213	276	63	29	165	134	207	190	298	42	148	153	71	246	106	140	22	6	133	202	42	11	30	
147	259	2	204	153	224	311	148	117	267	211	19	304	217	98	175	67	13	3	221	84	250	7	97	144	14	230	218	248	113	120	75	52	122	279	206	219	271	34	16	
90	117	227	75	207	198	122	274	211	317	175	295	119	55	72	136	261	174	34	189	159	155	136	212	149	287	290	48	110	196	257	201	185	36	148	72	234	270	27	125	
139	74	293	259	129	237	75	262	284	301	3	123	8	139	15	30	107	177	78	217	53	15	290	239	244	118	183	158	260	82	156	80	157	129	211	158	238	158	293	202	
11	296	6	20	116	213	50	95	71	0	312	316	208	283	107	132	273	163	290	214	245	126	166	274	127	57	113	46	87	86	248	98	254	126	310	50	20	40	145	283	
233	10	279	121	165	259	253	118	102	95	204	27	222	50	174	221	299	287	267	258	245	196	37	179	2	27	102	214	260	119	177	173	1	9	294	166	140	99	157	242	
194	233	141	288	156	315	190	135	154	137	74	271	205	303	3	80	202	297	294	142	288	24	187	290	225	33	8	45	132	37	159	199	271	172	167	107	40	37	114	66	
47	60	18	252	43	213	12	246	62	179	260	30	75	128	0	300	33	9	25	38	46	184	237	189	228	84	296	268	314	91	15	41	23	225	293	67	118	178	185	180	
37	317	82	112	125	83	284	31	284	309	69	202	45	306	72	273	262	240	94	256	11	109	297	35	14	271	294	4	1	31	56	230	28	10	214	26	93	178	57	249	
39	318	132	84	304	76	229	246	316	3	183	200	304	32	107	190	303	81	66	176	304	122	86	12	133	300	230	98	30	287	28	69	285	32	153	141	108	255	260	296	
130	315	176	115	27	283	305	203	44	52	59	220	46	146	233	51	318	143	150	29	303	50	98	140	274	124	154	62	59	94	38	189	89	87	304	116	50	162	319	95	
214	251	187	132	77	100	184	267	116	14	296	291	256	267	111	210	71	265	144	2	231	54	63	0	141	240	309	192	82	180	159	168	111	26	300	60	319	164	8	115	
50	176	278	178	123	69	68	194	207	84	68	118	11	132	311	152	52	300	216	134	32	247	302	144	146	154	76	145	319	84	132	49	133	90	228	256	31	168	3	238	
125	71	229	136	75	220	160	127	72	57	133	296	176	115	120	2	270	69	147	141	153	151	62	158	241	162	95	273	203	290	63	8	233	292	144	309	64	176	116	8	
233	250	305	282	237	297	284	59	46	304	200	72	135	135	230	249	297	197	74	180	167	137	60	81	302	204	70	238	253	58	119	166	180	104	0	98	273	285	29	192	
269	102	136	276	237	46	205	86	116	151	267	283	161	7	236	15	84	178	253	17	109	244	55	289	220	56	259	174	213	289	238	34	71	54	310	180	292	68	266	88	
219	85	244	252	285	160	267	49	211	73	258	0	317	185	161	218	113	101	72	6	262	182	232	205	236	223	65	208	163	203	297	254	289	93	187	254	125	6	175	16	
79	113	208	77	298	242	295	284	23	239	290	157	101	203	42	209	298	107	97	13	310	266	267	151	39	6	85	165	13	260	53	92	53	134	169	224	56	16	188	271	
255	30	108	228	105	150	117	83	129	87	96	119	225	236	271	265	242	228	302	255	169	227	28	94	41	69	190	289	86	58	240	213	281	28	314	66	178	303	150	307	
70	118	299	168	34	122	113	277	30	287	84	71	66	112	166	108	54	36	77	140	287	190	225	248	218	91	314	269	75	16	256	17	135	107	185	41	101	170	318	4	
137	83	75	76	67	113	184	121	150	133	133	309	3	231	109	94	2	103	43	77	312	171	287	319	151	152	40	252	195	231	256	204	314	12	280	253	125	144	247	147	
150	60	8	25	291	117	311	166	221	34	115	85	78	82	84	229	107	124	161	302	35	290	186	221	174	147	27	171	163	274	319	313	14	7	211	178	317	202	216	90	
109	11	175	187	286	259	288	73	255	1	55	163	291	113	256	145	260	283	317	104	109	188	289	124	67	52	174	64	127	70	154	236	273	201	295	239	12	263	312	140	
264	239	303	108	33	111	125	165	267	314	269	56	182	111	52	122	163	98	58	290	168	85	78	314	286	53	233	299	316	98	119	133	17	294	113	242	277	238	88	224	
233	37	153	287	20	205	89	56	304	20	26	24	105	297	210	71	30	124	242	219	222	41	224	111	207	17	34	165	255	314	261	168	223	94	136	244	172	97	300	28	
117	198	244	94	175	135	166	78	259	88	297	33	2	201	16	209	90	242	246	25	236	188	66	140	154	74	64	198	43	236	226	33	306	151	127	162	286	165	240	97	
254	89	2	128	162	18	209	252	261	8	149	49	196	87	189	222	161	125	101	77	41	7	110	28	30	237	62	188	83	174	157	209	263	159	209	297	50	98	101	183	
106	122	232	174	210	102	269	51	99	50	0	141	249	110	41	280	28	103	20	303	149	178	64	92	17	273	261	259	243	42	122	222	164	227	76	54	201	217	298	300	
267	298	121	197	281	34	29	181	9	49	164	158	227	228	122	117	53	63	56	296	297	51	198	142	278	147	68	159	44	238	139	184	89	133	253	50	39	282	231	49	
11	267	207	111	47	202	228	100	265	156	268	243	79	147	257	37	166	197	68	82	308	80	266	77	85	71	319	124	33	102	45	237	241	125	28	288	7	128	260	272	
156	208	67	236	227	196	145	265	74	86	28	62	38	166	11	123	238	10	119	143	304	37	60	225	162	280	65	169	88	5	313	117	213	253	225	313	129	242	258	75	
8	286	137	238	5	148	41	243	30	33	66	206	70	319	303	232	279	48	273	240	245	138	229	139	71	134	4	73	56	262	148	257	101	158	175	106	306	89	221	209	
314	159	287	64	158	271	168	310	319	121	230	245	131	139	256	75	145	132	148	201	74	168	10	175	6	58	281	185	19	182	74	13	214	41	269	52	184	117	42	56	
110	144	173	113	283	109	188	108	241	16	182	187	57	64	43	63	314	196	248	205	251	194	218	145	236	39	69	292	156	112	28	138	128	201	252	284	182	120	264	295	
9	126	163	66	63	206	129	249	82	250	135	13	124	33	30	232	73	100	205	101	84	233	240	212	115	44	176	169	164	313	145	45	119	308	303	54	66	305	304	20	
235	119	226	39	24	256	144	289	36	29	71	312	134	183	77	121	227	125	291	263	118	116	309	110	296	292	164	42	277	148	62	64	139	288	296	164	225	120	133	133	
149	76	318	155	131	75	277	38	200	120	174	319	108	163	301	84	7	145	318	157	166	60	221	305	29	197	21	126	189	27	131	210	295	129	46	107	76	195	145	277	
187	319	148	295	34	129	251	234	146	249	71	312	309	164	170	210	234	63	208	103	282	212	314	258	21	40	45	290	107	62	119	294	254	139	269	160	268	200	74	286	
129	17	151	310	182	193	201	96	256	281	199	219	173	65	29	67	105	266	37	212	8	156	58	134	295	7	167	115	79	241	81	80	259	104	71	313	297	144	281	234	
105	32	5	151	98	226	218	203	172	127	288	52	283	218	187	130	226	226	117	177	147	70	258	278	175	9	143	152	25	104	258	2	137	135	153	235	41	243	310	85	
50	150	138	205	49	197	207	147	103	4	4	122	75	134	273	122	15	96	146	40	201	85	43	210	92	68	125	6	312	307	91	234	10	101	120	59	170	7	78	145	
204	82	268	151	217	221	273	104	189	99	145	70	56	60	280	21	128	277	27	312	137	310	227	147	92	219	78	134	98	156	280	302	110	228	133	199	1	278	304	190	
250	129	133	178	61	285	199	189	115	98	54	252	89	281	79	53	52	157	187	150	185	147	133	295	247	138	175	120	289	159	311	91	160	316	269	221	281	21	90	76	
119	16	200	80	169	151	5	221	180	193	52	45	212	185	21	12	195	196	132	164	227	315	255	67	183	77	288	145	98	250	93	89	267	166	170	116	317	47	18	178	
240	70	95	5	127	116	209	2	184	21	39	91	209	166	158	72	243	126	89	213	249	55	175	196	221	217	312	90	264	202	140	185	144	236	62	271	224	271	146	281	
164	185	52	245	223	83	190	147	81	279	232	10	14	87	206	107	304	71	198	249	145	18	306	290	126	240	241	31	191	259	312	227	316	236	25	220	191	215	239	273	
174	151	155	61	111	234	40	287	305	238	216	130	129	74	100	127	314	214	158	57	153	22	157	22	131	182	242	2	77	161	147	123	184	303	56	295	217	97	263	74	
207	31	76	208	298	49	16	164	263	46	222	288	69	251	310	72	305	104	74	62	265	94	57	2	77	114	297	166	83	112	240	290	144	316	179	314	237	195	158	180	
241	252	21	182	183	203	254	168	308	201	102	125	295	160	127	244	146	297	90	229	89	202	199	105	70	250	99	308	317	258	40	239	190	253	293	246	137	100	286	125	
301	69	250	148	101	250	72	247	227	34	156	188	108	227	294	178	158	265	38	155	75	271	266	266	204	112	64	21	212	30	18	193	99	141	21	200	71	285	319	298	
319	155	38	107	255	12	157	285	278	196	312	33	19	131	171	223	243	235	245	135	138	263	200	237	276	93	310	27	250	309	197	249	17	236	228	144	120	65	109	270	
133	101	176	152	232	27	248	27	135	173	162	145	308	234	62	137	199	244	164	129	106	234	58	315	22	158	139	142	96	248	93	101	221	141	126	134	40	54	33	47	
99	196	192	279	302	127	96	182	51	133	311	29	47	242	24	261	272	35	83	48	283	48	150	57	189	276	63	102	10	96	149	109	164	22	260	147	149	37	201	72	
170	64	102	89	306	318	30	131	34	305	179	189	34	9	246	95	157	181	197	167	278	219	148	122	241	89	141	262	318	22	14	168	87	308	257	265	179	287	76	213	
144	128	274	178	137	73	146	167	254	215	206	212	114	35	207	227	316	28	169	314	51	56	34	10	44	291	147	95	130	96	308	274	224	135	5	233	208	23	80	142	
238	287	35	225	194	242	132	62	142	174	56	65	230	90	75	146	253	95	242	255	63	102	81	287	237	86	72	125	301	25	268	220	184	175	317	58	289	129	312	111	
175	240	177	85	10	124	104	135	91	26	262	154	0	23	121	238	302	66	235	283	91	183	55	275	230	52	205	199	54	197	311	229	117	40	315	319	164	291	6	128	
189	268	282	189	163	276	299	145	22	215	301	113	270	36	260	181	89	17	252	143	86	115	52	75	155	239	266	192	210	272	0	79	92	282	141	255	238	120	273	132	
15	254	117	158	290	249	211	251	266	143	266	224	259	191	299	286	302	245	30	65	69	30	144	33	185	157	161	295	278	114	300	165	240	97	195	210	27	86	14	165	
