21	39	46	47	51	69	85	97	101	106	113	114	135	137	151	168	169	170	182	247	264	303	314	316	327	329	334	342	396	398	398	399	
6	7	13	23	33	35	37	40	57	78	83	91	92	96	123	126	131	138	145	184	185	200	207	208	221	234	251	257	262	266	274	279	300	320	337	339	361	367	380	381	
1	11	16	32	35	36	41	48	86	88	113	115	143	171	172	182	183	204	209	220	224	244	246	246	251	251	255	278	280	286	288	296	300	300	311	319	334	352	359	370	
18	39	40	40	43	46	59	88	99	108	124	126	159	161	161	163	167	190	205	209	210	223	232	263	268	276	281	288	305	310	319	325	328	329	342	348	357	371	375	375	379	384	393	394	
10	15	17	27	33	49	56	70	102	118	127	129	133	138	160	161	197	205	219	223	225	248	263	286	293	306	317	330	334	336	340	344	350	386	392	
14	17	18	24	33	35	56	91	95	123	124	127	129	130	148	150	192	193	197	225	239	242	246	259	281	289	323	324	328	334	335	341	343	351	358	367	379	388	392	
19	20	20	56	58	60	60	86	88	102	105	113	123	126	153	209	227	232	254	260	277	282	286	288	296	305	306	309	333	338	344	346	347	349	351	358	358	362	364	367	380	381	
20	21	22	37	43	67	77	90	112	128	137	141	145	156	160	166	167	168	181	194	195	217	223	240	242	258	271	271	280	280	282	285	288	301	312	318	319	322	326	327	337	343	356	359	363	364	366	373	
5	9	9	10	16	17	39	43	44	77	88	122	123	142	146	147	148	176	177	203	210	218	221	224	257	273	274	278	280	296	297	298	300	308	318	318	320	326	332	335	343	345	346	346	350	351	358	383	383	388	395	395	397	
22	42	52	60	76	87	89	91	93	100	103	107	107	109	117	137	150	156	157	161	167	175	189	230	271	288	316	321	367	368	372	381	381	
5	11	11	18	53	58	65	69	76	115	115	122	145	146	147	151	151	162	166	169	178	208	212	224	231	233	262	263	265	268	272	284	286	291	301	315	319	328	332	339	348	359	363	366	376	376	391	395	397	
4	25	26	34	42	49	67	70	74	75	103	130	131	135	146	148	150	153	187	202	239	247	250	257	258	264	265	269	269	271	286	308	315	319	328	338	339	370	376	378	
22	23	25	25	34	38	38	46	53	53	56	57	58	58	68	74	87	88	106	130	156	172	177	190	211	214	217	220	221	224	250	252	258	280	283	301	315	336	342	346	347	366	370	376	383	389	395	395	
1	7	20	22	33	36	36	47	53	86	100	112	127	145	154	156	167	179	189	199	206	218	223	234	238	240	260	261	262	271	276	291	307	307	309	314	320	320	323	330	332	342	346	349	351	353	366	373	378	381	382	389	
1	17	53	55	56	56	89	119	142	148	152	154	179	179	183	186	190	198	198	202	204	227	228	234	241	243	245	259	271	276	293	299	307	316	317	322	327	332	338	349	349	358	364	369	375	396	
7	14	16	28	40	55	68	75	77	77	93	112	138	146	150	172	176	201	203	219	229	256	272	274	285	299	302	305	306	312	343	350	361	386	396	399	
5	14	34	39	63	73	87	89	91	94	100	102	108	122	127	140	145	148	150	159	173	179	179	180	196	205	210	219	221	222	239	248	261	274	283	311	323	341	343	355	370	378	381	386	393	398	
3	11	27	38	38	39	41	42	50	92	104	104	106	131	136	144	145	158	176	182	196	214	224	241	250	255	265	283	302	323	331	331	332	352	366	367	375	387	387	388	392	
6	7	30	36	67	70	73	76	94	101	108	116	126	127	134	135	148	153	158	167	169	176	197	209	222	226	231	234	249	251	269	273	288	297	297	303	306	310	318	324	340	345	355	359	374	380	388	
2	15	24	25	33	43	58	79	89	93	93	124	148	149	157	168	170	173	184	198	200	204	205	205	231	235	242	248	249	253	255	257	259	265	288	305	307	322	336	337	367	370	385	388	
0	3	13	17	21	53	56	56	61	66	71	98	122	127	134	135	145	154	173	173	178	190	204	204	245	255	256	288	293	302	308	309	315	321	322	326	328	331	341	367	374	387	
2	2	39	51	59	66	69	81	86	95	98	103	110	112	132	133	139	190	192	195	215	216	225	226	240	245	263	278	278	288	295	303	309	314	321	323	338	341	354	357	359	
7	31	50	57	64	68	69	77	82	106	128	142	142	144	144	145	161	169	169	173	191	196	207	208	249	253	253	264	269	278	284	289	302	309	311	313	315	329	355	357	372	376	377	383	385	395	398	398	
0	3	10	16	29	40	45	53	62	80	103	105	106	124	126	131	134	153	160	166	191	203	204	207	213	225	226	227	238	254	272	274	277	281	289	313	316	319	320	331	333	341	345	348	372	379	385	
25	33	49	55	55	66	67	72	82	93	125	133	140	142	145	157	163	173	208	219	229	269	279	284	287	287	290	293	302	323	324	325	344	347	348	350	359	366	371	378	386	390	394	
1	4	18	31	36	44	46	88	99	103	104	109	126	135	140	152	165	169	173	207	221	222	224	228	256	266	271	278	278	284	354	362	373	375	375	377	383	385	393	397	
2	12	12	23	25	29	34	44	70	72	84	87	92	100	110	112	129	131	136	141	143	159	165	172	190	190	212	213	220	252	255	278	284	289	292	316	322	322	335	349	352	356	361	363	379	396	
0	1	2	6	9	39	49	52	54	56	87	92	96	96	99	107	108	116	131	134	153	154	155	193	212	216	219	220	237	252	253	320	337	337	353	355	375	382	389	391	398	
12	19	29	34	38	38	54	57	62	62	63	68	76	79	80	88	109	146	151	152	155	173	175	183	208	212	215	216	217	218	221	222	241	257	286	293	308	309	311	328	338	344	346	350	355	366	389	
17	21	36	86	87	99	106	110	145	146	176	177	179	184	215	221	223	231	253	254	275	285	287	288	295	324	340	341	356	368	374	376	387	388	396	
7	18	19	26	27	32	33	35	38	40	45	48	49	76	91	103	110	115	133	173	185	209	212	213	213	214	220	241	246	256	262	263	268	304	314	335	338	350	355	369	383	386	388	395	398	
11	34	40	60	74	77	89	106	117	132	136	152	152	158	158	159	184	188	192	200	203	212	225	227	246	254	258	261	267	291	307	320	323	337	341	342	345	348	351	357	370	372	374	
12	17	33	36	39	48	52	77	83	84	89	89	103	115	121	122	125	125	127	136	138	142	162	172	173	192	206	210	217	228	241	241	255	256	259	263	267	287	293	298	300	304	318	321	332	333	340	346	348	361	363	370	378	378	384	392	
59	63	64	80	83	94	112	118	128	128	131	133	134	140	154	184	213	218	224	228	232	244	245	245	248	258	270	283	294	294	299	317	321	322	324	338	338	343	348	350	363	367	371	372	373	376	393	396	
22	31	38	39	50	58	82	105	142	143	146	150	160	161	161	166	181	188	199	232	245	266	273	299	319	333	342	342	344	358	360	361	362	378	381	382	385	390	
0	11	48	63	75	80	81	83	88	89	90	91	103	130	137	158	168	178	223	247	251	256	268	294	313	317	326	333	338	338	343	350	353	363	363	364	369	390	
11	13	15	49	67	74	96	98	98	116	152	153	211	280	290	318	319	321	324	340	348	348	358	358	365	366	372	376	394	
1	5	51	86	106	113	136	147	149	155	159	164	168	188	227	233	239	243	245	255	261	268	283	295	307	320	327	332	335	342	346	347	355	358	365	368	379	392	396	
10	18	19	22	23	45	46	59	65	71	83	113	128	155	158	161	192	206	213	218	222	222	225	258	281	284	293	302	302	314	326	333	336	337	341	371	378	379	
4	6	24	35	79	94	98	108	114	122	122	125	134	135	136	150	158	171	200	236	239	247	279	287	323	324	324	327	328	335	340	349	385	386	388	389	390	
1	4	26	43	44	54	65	71	79	101	111	118	121	129	130	140	149	153	154	176	185	189	191	213	231	233	262	262	262	283	285	295	295	302	313	314	326	332	343	352	358	369	380	
3	10	16	19	20	27	27	46	49	54	66	74	92	93	101	115	138	171	176	179	188	196	201	226	230	238	248	276	289	290	307	312	315	330	330	356	356	362	366	367	379	391	
8	9	40	46	65	67	76	83	94	103	105	112	113	128	131	147	151	160	164	165	173	174	189	193	202	211	218	238	240	245	259	260	268	269	279	286	302	309	332	339	359	381	384	391	391	391	
0	14	16	21	22	23	47	51	59	59	62	66	70	75	84	95	115	122	149	162	174	188	192	200	201	211	218	230	231	233	244	252	261	262	281	287	294	314	318	320	327	339	340	341	346	357	363	370	370	373	
10	15	29	34	58	59	69	75	76	81	82	83	92	101	131	144	149	165	185	195	204	205	213	219	229	230	268	275	286	287	300	301	305	318	322	325	336	341	342	353	356	362	364	379	388	390	391	393	394	394	397	
1	14	42	43	44	47	91	95	100	104	108	130	134	165	201	216	235	239	244	253	274	276	289	296	302	306	329	330	338	341	350	352	353	371	378	383	397	
11	24	29	71	72	78	93	94	97	100	106	118	118	122	122	138	154	161	172	207	213	235	249	272	282	285	285	289	290	299	309	320	320	325	327	330	331	331	335	336	338	356	363	382	392	398	
3	36	44	53	64	73	78	85	120	121	156	163	173	173	175	177	179	183	191	207	219	235	240	242	245	246	270	273	274	275	276	298	298	329	332	334	349	355	368	375	393	399	
2	3	16	24	26	31	47	52	54	64	72	95	123	134	147	150	158	160	161	165	188	196	198	205	210	217	219	233	244	246	248	249	279	279	292	292	301	316	321	329	343	363	367	380	384	388	396	
7	7	10	12	14	17	24	37	55	58	58	65	67	87	111	117	124	140	145	148	152	183	184	185	200	200	221	223	227	228	230	231	237	248	274	274	277	292	332	338	339	350	354	362	369	379	381	385	
8	8	15	15	23	30	35	41	74	105	107	111	113	117	127	133	161	170	176	179	203	211	220	220	236	243	245	262	263	264	274	284	288	296	312	329	332	336	336	348	349	357	362	364	364	364	367	369	370	374	377	380	387	393	396	
8	20	57	90	96	110	115	119	129	138	140	169	172	172	173	180	187	187	188	192	199	204	213	217	218	219	233	235	242	243	244	246	248	249	254	263	265	267	269	293	294	296	297	309	312	320	330	333	344	
18	19	31	43	45	87	93	108	120	126	127	133	151	157	187	188	196	206	208	216	231	232	243	252	266	269	272	279	284	293	307	313	324	326	337	343	346	365	376	379	385	390	395	396	396	397	398	
4	10	13	15	18	42	43	62	68	70	78	82	95	104	107	110	118	122	126	144	144	170	182	184	194	197	202	209	211	230	234	244	257	263	285	291	293	295	310	323	329	330	336	352	372	394	
6	8	45	47	48	53	58	102	105	128	128	136	137	142	166	167	216	223	256	264	264	271	297	305	319	338	345	366	373	381	381	
1	32	36	38	46	49	68	78	90	92	103	111	112	135	164	165	174	195	201	220	226	243	264	269	270	270	272	293	317	343	358	361	374	374	375	377	388	393	
14	19	21	22	26	28	40	43	51	58	63	65	75	98	123	159	173	176	178	219	227	227	248	249	259	262	277	296	297	300	325	327	335	338	343	346	348	361	365	368	380	384	391	394	395	
1	7	15	27	37	38	50	74	79	80	94	98	98	101	119	131	135	156	188	189	193	202	212	232	236	237	241	244	256	260	277	289	319	324	329	332	344	361	362	377	380	387	
0	4	5	13	47	50	63	68	72	78	83	101	106	109	133	155	167	171	171	174	197	222	223	240	250	251	271	273	286	289	294	299	300	330	344	365	366	370	381	382	391	397	397	398	
5	9	17	20	36	80	89	106	106	110	116	116	139	154	155	155	160	185	188	192	204	223	236	242	253	267	269	272	303	304	307	311	321	322	328	329	344	359	368	383	387	387	389	
12	34	59	91	117	117	127	160	160	169	211	230	231	233	250	256	271	318	321	322	360	371	371	392	393	
6	19	20	41	54	67	80	105	119	120	145	168	181	183	191	208	214	217	219	223	223	228	258	286	301	303	326	330	330	331	337	338	338	345	347	367	369	376	378	395	
15	22	40	66	78	80	86	92	99	107	107	122	131	133	147	161	166	169	182	185	200	206	206	210	248	254	256	260	261	273	274	275	295	298	307	313	323	339	344	344	360	363	365	372	395	396	
4	26	26	29	38	55	98	105	111	123	125	129	132	137	151	153	156	167	168	178	224	225	228	231	241	257	257	273	288	292	297	297	335	352	355	364	364	372	379	383	394	396	397	
3	8	15	17	38	39	55	80	97	101	105	110	125	138	144	163	179	187	189	197	203	219	222	226	241	247	280	280	283	290	292	302	309	320	324	348	365	366	367	388	389	392	
8	12	15	17	28	28	35	43	53	53	76	84	102	105	106	124	131	141	166	172	175	189	196	203	205	269	269	270	297	316	323	326	341	344	347	363	385	386	
5	11	12	31	43	46	47	79	81	100	118	137	141	154	163	166	176	179	184	185	189	191	191	195	207	233	253	261	265	269	277	288	307	308	315	321	324	341	345	355	356	362	362	384	397	
14	14	19	21	28	38	44	50	53	53	83	90	100	107	112	119	119	120	147	152	156	159	167	188	204	214	230	232	243	250	260	272	295	303	305	305	307	308	315	333	340	340	349	356	368	371	384	
6	19	23	29	30	60	67	75	87	90	108	114	120	134	136	165	181	184	213	220	226	240	250	318	329	329	351	354	371	373	387	392	
16	25	36	45	46	57	64	72	90	96	98	109	110	115	138	176	178	195	201	212	226	228	233	235	244	258	263	279	286	312	313	317	325	348	349	368	368	381	382	383	
19	49	52	61	65	75	81	82	90	91	117	131	140	147	177	206	224	225	243	244	254	256	282	283	287	327	335	356	364	371	372	387	390	394	
2	7	16	29	77	81	98	99	102	102	106	111	114	116	140	144	162	167	183	193	201	202	205	219	233	246	250	251	260	274	278	312	316	329	329	330	336	350	358	358	372	377	378	380	390	
0	5	8	20	23	33	45	45	50	57	61	78	80	87	90	122	132	135	150	161	162	187	191	210	210	212	223	238	239	258	264	273	275	280	283	285	293	298	315	347	365	370	392	396	
0	1	22	26	34	44	44	47	54	56	61	66	67	74	84	89	89	89	96	130	137	137	156	163	173	176	198	212	219	228	267	270	270	274	284	327	329	337	337	361	364	365	380	388	
12	23	27	73	94	106	113	121	140	143	158	170	183	192	197	214	219	226	235	246	267	290	296	298	312	317	322	327	333	337	339	352	356	382	
30	51	97	110	121	136	138	152	165	181	183	190	203	216	218	222	226	239	246	265	269	296	300	305	312	328	331	341	345	351	381	384	384	385	389	389	395	
1	3	6	35	36	68	81	94	99	122	128	148	155	163	170	171	174	180	182	187	201	203	215	221	230	233	239	240	250	259	294	311	315	317	335	344	355	385	385	391	394	
1	11	17	21	30	58	82	95	101	109	110	127	141	146	151	157	166	186	191	199	210	216	217	224	233	244	273	277	286	287	296	297	298	318	319	333	337	358	377	391	399	
23	24	25	27	63	66	73	93	103	109	114	124	135	137	141	159	168	172	184	193	201	215	218	221	230	257	304	321	340	346	356	357	369	381	383	390	391	392	397	
0	6	16	20	22	45	48	48	70	72	81	94	108	109	117	122	132	151	157	160	174	174	193	202	252	259	260	263	267	273	273	282	315	317	320	332	337	339	347	349	
1	3	12	18	32	37	65	73	82	84	86	109	114	119	128	155	160	173	174	175	199	222	232	240	246	264	268	278	304	308	315	318	326	331	335	338	339	352	353	358	363	386	
3	4	9	14	31	42	48	48	58	61	70	82	88	93	98	129	143	146	150	166	176	179	207	208	213	234	243	247	250	255	270	281	287	290	298	316	343	343	353	362	371	379	389	
31	37	50	54	59	75	76	89	89	97	101	107	113	116	124	130	144	145	147	151	152	153	157	162	177	184	193	198	199	209	226	228	231	231	286	296	308	321	366	376	
15	24	28	53	57	87	88	95	101	116	125	128	158	162	163	242	242	246	255	257	263	273	278	282	288	288	289	297	299	301	305	309	311	317	320	325	327	331	333	339	344	344	351	351	353	363	365	370	371	380	386	389	
5	7	25	26	44	54	61	75	86	89	93	96	104	111	113	152	156	177	177	177	182	190	211	223	237	281	284	285	286	315	325	326	326	331	336	352	357	357	366	379	383	393	394	
2	23	32	35	66	73	102	104	110	111	113	115	124	131	143	144	145	152	157	169	169	199	200	224	231	247	254	263	268	272	273	285	336	345	351	352	353	355	361	365	375	377	385	388	399	
1	27	29	69	71	78	79	79	87	110	110	119	122	141	159	161	196	211	216	221	227	228	230	237	240	244	246	249	273	274	278	292	294	297	325	326	330	332	341	343	345	384	393	
33	37	49	61	72	88	91	103	115	126	143	149	166	186	201	202	204	207	235	251	254	259	264	274	276	289	303	315	318	334	341	353	368	371	377	378	383	
19	20	37	40	46	51	78	94	94	119	144	146	150	176	200	234	234	254	264	266	286	295	302	303	321	329	331	355	355	356	356	
9	12	30	36	50	50	51	73	113	127	133	157	169	170	172	183	199	202	211	223	231	237	248	252	259	262	266	276	308	308	320	323	328	332	347	351	354	355	360	375	383	385	396	
23	35	38	43	61	79	80	81	82	87	104	107	107	126	156	158	167	178	182	194	210	226	236	306	308	310	313	314	319	319	324	336	339	351	363	369	378	395	
11	15	16	20	41	44	45	52	59	60	67	72	76	81	81	87	93	104	118	168	171	195	197	201	203	224	229	232	258	264	268	268	282	289	289	299	305	307	317	331	336	344	346	353	355	365	368	380	389	397	
9	15	29	31	36	56	62	72	79	80	82	84	124	130	135	137	141	155	159	186	212	217	220	237	241	245	250	256	272	275	291	292	311	312	321	322	344	349	363	372	376	395	399	
46	46	51	87	90	100	104	104	106	130	133	140	144	145	147	163	211	224	232	234	235	239	255	273	274	275	276	320	320	330	335	335	336	354	355	359	360	360	372	379	389	393	398	399	
6	11	23	44	63	64	66	67	81	85	85	91	106	115	128	141	160	164	168	173	184	189	195	232	249	251	252	252	261	272	275	290	299	306	315	317	322	327	331	357	363	370	385	393	
26	40	57	61	61	67	68	90	98	100	137	141	142	158	170	171	191	191	199	201	216	230	231	238	243	254	297	313	325	335	342	344	367	380	
9	11	27	30	39	54	83	114	130	133	141	143	147	148	156	160	164	169	177	187	191	196	229	231	238	241	256	280	289	313	323	329	337	341	346	353	358	361	364	372	373	385	
8	19	56	62	64	67	86	99	123	128	129	131	149	155	155	159	165	181	182	217	217	222	260	264	277	279	296	304	307	310	314	321	326	326	343	345	347	375	384	394	
2	13	15	23	27	29	42	43	49	70	70	73	76	83	115	121	122	123	124	126	162	167	167	177	182	184	190	201	205	215	229	231	240	241	249	281	298	322	330	331	333	347	353	354	355	362	370	373	377	378	385	388	399	
11	13	22	27	32	38	51	62	81	107	127	137	140	158	159	163	180	191	194	195	215	257	282	298	319	325	331	334	349	357	367	375	383	399	
5	9	14	42	75	111	116	128	131	135	140	153	157	188	194	195	198	201	202	225	240	247	255	256	272	272	275	280	282	282	285	289	297	299	300	319	330	340	346	348	348	349	360	363	364	366	393	398	
3	17	17	22	50	87	93	114	120	125	148	179	181	186	195	223	255	256	285	300	302	335	361	369	371	372	376	382	385	389	391	
4	21	22	23	24	34	55	74	85	112	123	133	153	154	158	163	164	179	180	201	210	214	236	237	238	255	256	275	276	290	295	347	365	371	373	376	387	394	
9	11	17	32	38	50	52	82	82	92	112	121	139	147	186	189	194	195	196	214	227	270	282	310	327	332	335	342	344	362	372	379	
0	59	60	73	75	76	84	87	88	92	98	100	113	116	131	154	165	166	169	191	191	201	218	218	242	258	262	276	277	285	294	304	305	315	326	354	355	384	
9	32	48	76	81	85	86	118	124	132	155	157	158	170	188	201	211	222	222	246	254	260	267	294	298	306	307	348	348	349	352	367	367	368	393	393	394	397	
18	39	41	46	59	60	69	71	76	85	99	104	117	130	134	145	150	153	157	175	190	195	242	245	257	288	293	316	323	323	330	362	371	399	
2	5	8	9	29	41	43	51	53	55	56	57	71	77	86	96	96	109	111	140	142	153	158	163	170	214	242	251	253	261	271	273	278	279	290	314	342	352	353	356	367	369	396	
1	3	16	24	26	26	27	27	55	66	71	113	124	148	155	156	166	191	193	193	198	204	241	241	242	244	263	271	306	311	312	327	328	328	331	332	338	341	345	348	359	362	362	364	370	395	
3	27	30	36	37	38	41	59	68	69	79	91	92	98	114	116	146	146	163	178	181	190	196	198	215	219	222	223	230	234	238	274	276	279	281	309	310	313	327	327	328	332	343	356	373	374	378	393	
9	9	18	58	59	67	70	86	111	116	119	123	163	163	166	170	193	193	199	220	222	225	235	245	245	264	284	297	311	313	313	324	325	375	378	379	380	382	
9	45	53	67	75	94	96	97	98	100	104	124	150	170	189	197	212	221	223	239	241	243	247	248	261	269	274	288	294	319	325	329	331	333	341	348	368	373	375	390	395	398	399	
15	40	49	61	62	80	82	82	107	111	123	127	139	158	182	189	193	207	208	229	245	247	260	262	268	284	286	294	296	312	328	333	341	349	352	357	359	362	363	376	388	389	391	392	394	
1	23	26	31	40	45	91	93	94	102	105	123	134	137	140	166	167	169	186	191	191	202	205	210	223	228	261	271	274	274	311	329	342	345	370	380	380	398	
6	18	20	31	62	63	63	73	86	100	105	111	118	121	143	148	152	164	182	185	194	199	209	220	232	235	244	247	257	259	293	295	300	304	304	314	317	321	325	336	374	385	385	394	
0	2	48	49	52	58	73	87	90	108	137	162	166	172	220	226	259	275	285	287	287	309	318	329	329	330	345	363	366	381	383	386	390	
4	24	29	36	59	85	96	99	101	104	129	139	143	146	151	178	180	183	185	185	192	204	206	209	220	225	239	249	271	274	279	285	291	303	316	330	345	366	368	377	379	389	
0	2	14	21	42	45	45	55	69	84	85	87	100	104	120	128	143	147	148	159	162	168	185	194	194	210	215	221	222	227	234	236	256	260	272	273	275	300	318	337	345	348	353	359	359	360	365	370	378	379	384	389	397	
20	32	33	46	51	64	67	74	75	83	83	85	101	108	122	123	128	131	133	135	136	144	148	168	176	177	191	196	203	204	208	211	216	225	228	229	265	265	282	287	300	301	316	319	331	352	353	360	377	
17	39	43	49	63	99	120	121	121	128	130	132	135	174	176	176	179	183	192	204	215	221	222	243	255	274	276	283	319	320	323	325	329	348	359	361	387	
40	42	73	80	95	101	125	136	152	153	160	162	165	173	180	201	222	222	226	229	242	243	249	252	291	299	312	344	353	354	360	369	
1	14	26	42	58	62	71	74	111	134	140	141	157	159	169	169	170	182	190	195	197	215	219	225	230	240	242	253	266	267	269	321	334	350	352	355	360	374	392	
7	21	44	75	76	92	97	105	106	107	117	132	143	144	156	156	162	176	180	191	203	212	213	234	242	245	255	259	273	282	283	293	294	304	318	323	325	327	333	339	347	350	364	368	381	396	
8	9	17	35	38	40	42	51	52	56	74	77	77	78	79	81	89	108	109	119	121	125	126	135	139	141	141	203	212	213	237	243	266	275	280	290	291	301	303	304	307	308	318	327	330	345	347	352	368	390	
16	17	21	28	54	76	87	92	116	139	144	145	150	174	197	218	227	227	244	247	253	269	270	292	293	295	299	304	306	323	340	340	344	347	347	350	357	374	390	391	399	399	
6	30	33	35	43	43	69	70	81	87	92	94	106	122	150	160	181	183	211	211	216	224	224	229	237	239	252	252	254	254	256	262	281	286	289	290	293	302	313	314	320	321	323	323	334	334	339	374	376	378	380	393	
0	2	15	46	52	62	64	91	96	98	116	122	123	128	137	185	214	214	215	221	234	249	257	260	263	282	292	298	299	299	309	316	375	376	398	
2	4	6	17	53	63	73	81	97	120	128	153	162	167	167	210	215	220	227	234	236	240	244	244	251	253	258	274	276	279	286	294	308	332	333	334	346	347	352	369	385	390	
13	25	30	45	66	70	75	77	100	132	158	170	178	188	228	272	284	288	312	333	347	368	370	378	386	
1	5	19	28	29	32	46	50	59	62	86	88	93	103	114	121	126	161	166	171	171	171	194	206	207	235	242	255	269	282	295	296	299	302	303	305	312	324	326	331	332	347	350	350	353	356	364	369	375	376	384	386	
3	6	8	35	39	44	49	59	59	61	88	96	100	102	103	108	121	125	128	143	152	155	157	167	179	198	206	207	210	222	223	244	281	284	293	297	306	308	310	322	349	349	359	365	381	386	387	394	
3	8	25	38	44	54	73	74	74	83	101	110	114	117	127	128	137	159	162	184	193	202	213	223	237	239	262	275	279	315	319	324	329	343	374	386	388	395	396	
3	16	29	30	30	51	61	64	65	81	83	106	115	117	144	145	149	149	150	153	160	168	171	173	175	182	196	197	209	214	238	238	242	256	266	281	285	292	321	325	329	346	346	356	357	358	366	372	377	381	
7	10	24	26	32	68	114	122	128	134	152	153	154	154	166	168	172	177	185	199	201	205	208	225	226	249	311	318	319	330	333	342	346	347	354	359	361	
21	29	33	35	50	52	71	89	100	109	116	127	155	185	194	201	226	232	248	249	265	272	276	276	280	295	295	298	302	305	310	313	336	350	353	354	361	363	375	389	399	399	
10	18	23	29	40	44	56	69	71	85	85	85	86	90	111	117	118	123	143	180	181	196	227	234	235	235	245	258	260	260	260	261	265	280	295	326	332	334	337	342	348	348	369	381	
7	10	14	32	47	60	62	64	78	96	110	118	121	131	139	148	149	158	159	167	175	194	200	210	218	221	225	228	236	250	267	276	315	328	337	343	347	349	361	365	381	382	387	393	
10	12	46	46	55	57	100	108	111	113	135	141	142	148	161	175	184	185	186	204	207	223	224	232	238	239	259	262	269	273	276	282	285	289	290	317	324	337	357	359	375	385	387	
0	43	67	80	91	113	118	120	120	127	147	151	164	169	172	181	186	198	199	213	223	240	254	260	279	281	290	301	301	308	319	344	350	351	353	356	358	366	370	380	380	381	388	394	394	
56	101	108	122	132	132	135	146	147	157	158	172	179	194	194	196	222	232	239	251	252	256	276	281	291	292	320	322	326	342	345	356	372	372	378	382	392	
7	8	20	40	66	70	70	83	83	102	104	115	116	125	129	131	133	133	141	157	158	168	173	176	177	184	208	268	284	299	309	314	320	327	330	334	348	350	362	379	386	387	394	
4	18	41	45	50	56	61	69	69	72	76	82	87	93	101	130	145	175	175	178	208	213	216	230	236	249	254	293	304	333	344	350	357	377	378	388	393	
9	32	34	47	47	49	68	71	80	98	106	122	187	198	199	206	208	208	226	239	243	252	254	277	280	291	303	333	337	338	348	368	377	398	
13	35	38	54	66	70	73	79	82	85	109	121	134	172	177	186	187	220	228	243	245	259	262	291	293	324	341	351	369	371	373	389	
8	17	18	23	66	77	84	84	90	95	95	97	102	111	116	129	129	138	147	150	154	182	190	199	205	229	234	236	237	246	248	250	251	256	274	278	340	352	357	359	376	377	382	384	
2	21	67	70	89	107	115	115	116	117	124	129	133	190	192	220	239	240	275	285	287	297	306	321	328	334	339	341	346	352	373	376	383	383	398	
3	32	55	55	62	62	81	100	113	117	123	129	131	131	135	138	147	150	159	192	213	226	248	258	260	273	281	283	298	299	327	333	338	352	352	365	379	384	387	391	
4	13	39	40	65	90	91	94	97	114	125	134	149	187	204	211	216	216	222	225	231	232	272	278	282	296	297	309	317	317	321	353	359	369	370	371	384	384	389	399	
9	18	32	40	48	48	55	59	64	66	80	80	93	96	112	123	138	139	185	189	198	210	213	223	250	287	287	304	311	314	315	333	337	351	360	367	376	393	394	
4	21	45	73	112	116	123	124	128	139	141	148	162	164	165	184	195	196	205	207	208	209	211	212	215	220	235	252	261	274	275	276	292	306	313	322	328	340	341	342	343	344	347	350	363	380	392	
6	13	14	23	28	36	38	43	47	51	84	87	90	104	104	122	123	123	127	142	171	198	198	209	235	243	271	281	294	296	317	324	333	342	351	357	359	368	387	392	394	399	
30	48	69	73	85	91	92	124	131	133	136	143	177	177	188	197	199	237	239	248	253	276	282	293	312	317	321	335	347	351	356	363	367	368	373	389	395	
10	11	25	41	58	69	74	84	90	94	116	129	138	147	156	165	166	178	186	212	217	224	237	246	259	259	278	296	296	324	328	338	353	356	362	362	365	367	373	374	386	387	396	
0	4	10	22	28	45	52	77	92	107	110	118	131	143	156	161	184	202	220	222	236	258	261	280	287	302	311	324	324	332	336	345	349	353	354	365	366	367	377	386	398	
10	24	41	44	45	54	67	74	83	89	95	117	147	151	151	156	180	184	233	236	238	259	265	267	267	287	296	297	305	314	326	330	334	345	355	363	368	380	381	386	386	393	394	
4	14	25	25	49	49	58	65	88	102	131	170	170	185	219	236	245	245	261	267	299	334	337	361	373	388	391	395	
0	3	26	29	35	69	99	102	105	113	116	132	135	136	154	172	179	184	205	210	213	220	222	225	225	252	255	263	271	282	293	322	325	329	335	337	350	360	371	375	380	386	386	393	394	
29	32	35	35	37	52	67	68	75	76	84	102	111	120	127	146	147	153	155	158	160	165	172	196	206	219	231	245	261	268	268	285	287	335	346	347	351	361	372	373	374	383	388	393	397	
36	41	45	60	63	70	77	91	93	98	115	117	117	130	139	176	177	207	212	217	226	226	228	230	242	258	264	284	288	322	331	332	344	345	346	351	357	360	372	379	382	386	394	395	398	399	
0	11	21	27	33	39	43	45	53	64	70	71	99	101	109	120	121	124	144	145	146	151	155	177	183	186	196	217	225	236	240	241	250	251	278	291	302	308	317	320	322	323	328	336	339	341	345	353	357	363	370	376	379	386	389	391	396	397	
2	26	42	42	50	51	73	74	87	88	99	114	127	136	138	140	142	146	148	178	180	181	197	200	208	216	217	227	231	234	240	254	286	294	297	325	331	332	347	359	377	
7	26	30	44	49	64	78	82	83	85	86	111	112	117	123	123	154	160	175	190	191	192	194	216	227	228	291	292	292	310	337	353	358	362	383	393	395	397	
14	30	37	53	59	129	134	150	151	158	160	164	206	215	221	227	227	236	298	310	313	331	340	344	353	377	
7	10	13	21	29	56	73	79	108	123	136	136	144	149	152	155	155	174	179	189	200	206	216	221	229	232	244	250	256	262	268	271	289	290	298	298	310	328	349	361	367	370	373	384	387	388	399	
3	19	25	25	37	76	84	122	123	163	168	178	192	208	227	240	253	253	266	313	323	343	363	367	375	389	
15	15	18	24	31	36	40	42	61	71	75	94	96	104	114	121	124	134	142	151	154	157	185	185	205	210	211	232	233	251	260	283	293	317	318	325	341	344	345	348	355	358	365	374	374	377	
4	5	6	21	25	47	47	55	57	68	71	80	81	82	83	99	108	124	127	129	143	150	178	196	201	210	215	223	228	232	249	249	252	258	313	316	317	319	336	339	355	356	365	381	390	394	399	
2	6	10	48	59	70	72	78	117	130	135	148	163	172	179	218	220	230	237	238	250	250	266	268	279	280	288	308	310	320	328	334	352	362	364	392	
3	7	11	17	18	34	37	41	56	78	95	101	108	113	121	139	156	157	171	171	177	200	209	215	216	229	246	259	272	277	277	281	331	341	348	349	349	358	369	373	390	397	399	
0	2	5	30	33	37	37	44	66	68	89	100	111	117	137	141	143	189	198	199	211	213	225	247	247	261	271	284	320	324	339	354	359	367	368	393	
4	18	28	35	63	65	66	67	71	75	77	77	81	93	110	112	114	131	155	167	184	192	192	200	206	246	255	256	288	297	306	309	309	334	350	373	377	
1	10	15	17	31	36	39	54	66	71	73	79	112	121	121	122	127	134	136	136	142	151	182	188	190	195	205	235	251	253	262	264	268	277	289	301	303	303	322	327	333	375	396	
25	27	32	40	47	52	61	73	83	163	186	223	228	229	229	236	253	271	282	305	309	316	323	344	344	352	355	371	398	
11	33	65	79	83	84	87	92	96	97	98	118	155	157	187	192	201	206	211	212	218	231	244	245	270	270	273	279	284	299	310	315	321	332	342	346	350	374	379	384	393	
17	24	44	50	51	105	109	120	121	125	125	127	130	135	143	162	178	183	202	204	215	224	251	253	259	269	270	270	278	282	297	302	307	308	318	326	330	333	336	350	384	385	397	
13	42	48	53	66	76	88	95	96	100	107	113	130	133	133	135	139	164	165	166	166	166	168	174	180	224	230	243	256	264	272	276	280	290	290	294	305	313	320	325	327	329	337	343	370	391	393	
4	9	11	44	48	50	67	68	81	89	107	108	117	142	166	166	167	178	179	190	198	225	234	237	253	254	265	267	284	327	338	339	341	350	362	366	389	395	
3	3	3	8	14	36	79	90	91	94	164	170	170	171	176	179	187	200	207	214	223	255	257	257	275	278	281	289	297	317	319	324	343	356	356	366	366	372	375	379	389	390	
9	19	31	36	38	47	72	73	78	87	103	105	132	139	145	156	157	159	173	177	183	205	224	230	245	247	265	266	275	280	289	298	305	308	327	336	339	347	354	371	373	376	382	383	
0	14	15	16	16	55	60	62	95	96	103	112	115	116	117	133	140	153	183	196	199	209	209	212	217	265	286	294	303	304	323	323	337	344	353	354	355	361	366	367	376	382	385	387	
17	18	20	21	31	32	37	52	71	74	93	103	107	107	123	129	131	148	150	166	167	174	177	181	185	195	203	216	217	228	240	271	280	284	291	292	295	296	300	303	308	314	314	316	318	321	324	325	326	341	342	342	355	371	375	377	377	
3	15	22	44	49	50	52	58	63	67	77	92	95	102	102	103	174	199	199	210	214	241	246	254	261	279	285	330	333	348	351	371	373	386	387	391	398	
5	31	34	54	55	64	72	73	109	110	111	145	146	147	148	156	160	174	187	229	237	242	243	251	257	269	290	290	299	309	313	321	326	333	334	336	342	351	358	382	385	388	392	395	397	
3	30	40	43	57	60	67	77	107	119	121	130	135	142	149	160	162	174	197	214	218	258	261	278	291	298	303	310	317	322	327	329	338	340	347	354	356	368	370	379	389	398	
8	14	29	33	36	46	50	62	70	78	83	130	144	150	165	166	179	188	189	194	199	213	290	290	298	305	317	320	324	332	339	348	360	365	369	376	377	379	382	386	387	391	395	
5	6	30	34	57	60	86	92	112	119	136	149	164	165	190	193	202	204	204	221	224	228	240	241	241	256	264	267	282	301	310	335	351	354	366	371	374	389	391	393	
17	21	24	70	75	85	86	90	91	92	94	97	100	100	101	104	113	116	139	144	146	158	158	181	188	191	195	199	221	234	247	270	275	275	290	306	312	326	327	328	330	337	344	370	384	388	389	
1	7	12	14	16	27	46	51	59	70	84	98	106	109	115	119	126	132	164	182	191	218	219	221	223	236	237	249	250	263	281	304	352	370	386	396	
14	17	64	86	89	101	106	115	119	123	125	133	133	136	139	149	149	150	151	159	166	171	175	183	201	203	203	211	216	221	236	250	256	265	267	286	288	328	331	332	346	351	354	355	369	381	392	
47	52	58	59	60	65	80	101	109	109	115	119	132	149	156	165	179	182	185	214	217	249	253	282	285	285	299	300	307	349	350	373	
7	10	16	21	21	22	34	41	45	46	85	107	112	121	123	126	134	137	138	171	174	175	181	181	182	199	202	210	218	249	250	275	282	291	328	342	353	357	371	378	382	394	395	395	
6	7	10	29	31	48	53	64	78	87	96	108	125	157	159	188	194	196	204	212	227	258	261	285	288	291	291	300	312	326	336	362	367	371	394	
1	10	11	15	42	55	78	96	120	124	126	134	140	152	168	206	206	211	214	227	233	255	272	279	283	287	298	303	305	320	326	330	330	331	356	359	364	384	391	
18	27	36	38	42	47	65	74	76	88	105	108	113	114	120	126	127	130	132	137	141	149	151	151	155	163	171	186	195	204	204	214	215	230	231	237	242	276	292	309	322	326	337	342	369	372	380	384	385	396	
30	44	47	54	62	65	65	85	85	99	107	126	130	133	144	166	170	174	175	185	187	191	210	212	221	229	238	248	288	290	291	297	300	311	312	318	320	340	342	345	354	357	361	370	373	374	375	376	387	390	391	
2	6	7	9	11	14	18	18	29	58	59	60	65	75	86	97	106	108	156	161	167	182	182	193	209	209	217	225	233	233	257	277	296	305	328	337	337	343	360	366	369	370	372	378	383	384	391	
14	19	22	25	26	29	30	31	44	50	53	57	60	70	85	94	103	132	141	152	161	161	163	192	207	208	243	247	248	260	264	266	283	286	293	294	303	308	332	338	346	348	349	353	363	374	383	397	
41	47	54	58	63	81	83	90	90	91	100	109	112	118	136	142	142	148	164	164	174	175	175	183	184	187	190	224	244	251	262	263	265	281	299	315	320	330	332	339	352	358	365	370	372	372	377	380	390	
5	33	51	55	74	85	88	95	103	109	111	124	132	136	140	152	153	168	168	168	177	197	203	207	208	217	224	227	240	260	265	277	280	291	296	303	329	335	340	342	353	360	365	368	370	374	380	389	
30	41	57	58	61	61	68	74	82	105	111	117	126	130	170	180	190	190	196	200	203	210	220	228	232	238	247	249	268	271	272	277	292	292	303	307	313	323	334	345	346	358	360	361	361	371	387	390	392	392	
24	54	60	66	70	70	79	90	94	96	102	117	119	131	137	178	199	204	206	222	227	228	244	275	283	308	308	313	314	325	328	330	354	357	358	360	376	388	
7	10	14	19	26	29	48	62	75	79	88	88	94	110	135	137	147	150	157	157	162	166	170	178	186	187	232	232	264	268	278	280	281	282	287	289	294	304	314	346	353	385	388	392	392	398	
7	10	13	21	24	40	90	116	142	165	167	175	184	195	211	237	258	258	259	259	263	264	266	273	277	289	291	319	322	326	335	336	361	365	371	374	375	395	
0	30	43	48	49	55	72	72	76	77	120	127	138	142	152	172	186	190	214	250	256	258	282	295	313	340	342	344	375	376	379	380	392	396	399	
9	18	28	43	47	48	61	79	111	111	114	124	129	131	151	154	159	173	182	191	218	238	242	250	266	284	313	317	343	359	363	363	366	368	375	
4	11	21	30	34	35	41	57	57	79	88	113	130	130	136	144	151	158	181	191	193	253	254	262	262	264	270	272	290	311	329	329	336	339	340	351	354	354	362	370	370	372	373	381	383	390	390	396	
0	7	17	36	55	57	58	62	78	87	92	103	104	105	106	124	127	136	169	209	220	241	278	300	300	318	320	322	323	327	336	346	351	354	358	361	362	381	393	397	
11	13	18	47	50	52	52	52	86	107	121	137	138	142	151	153	163	165	169	186	211	216	232	233	256	265	269	281	293	295	296	297	301	302	306	310	316	319	322	329	343	353	353	355	357	362	389	390	
6	10	20	30	51	61	65	70	71	80	112	118	124	126	138	140	146	154	157	164	171	175	190	190	202	206	214	219	232	240	253	259	266	272	300	303	324	325	333	348	349	352	364	370	375	378	378	383	386	390	395	
11	12	12	42	48	53	55	64	92	108	108	109	109	113	132	134	136	137	146	158	162	176	190	194	204	210	216	218	241	248	249	252	260	262	266	272	318	334	335	338	340	346	348	348	381	381	390	392	392	
17	22	23	28	32	37	40	47	77	87	105	108	114	118	146	146	147	153	160	168	194	202	209	218	221	241	247	250	263	266	280	309	310	315	316	331	335	339	341	359	360	360	368	369	372	383	384	388	395	395	399	
16	23	23	47	49	59	62	64	74	101	110	117	125	128	156	158	162	168	171	173	173	183	187	201	207	224	225	238	245	251	274	295	309	321	324	342	358	358	369	375	378	379	398	
0	2	15	21	24	27	34	42	49	53	54	61	66	94	114	146	180	195	203	206	215	217	226	229	253	267	269	274	292	321	334	340	342	387	
25	51	53	56	61	64	68	90	112	115	120	122	123	129	132	142	181	194	224	227	231	243	280	285	286	295	324	328	353	358	362	379	382	392	394	397	
27	33	34	36	37	44	61	83	86	100	100	138	150	153	154	164	176	177	200	207	249	257	262	281	289	291	292	294	302	329	350	358	360	372	374	376	378	379	388	394	396	
9	10	11	12	17	30	35	51	52	53	61	68	77	82	84	85	101	118	130	138	149	151	174	180	189	196	201	201	208	216	219	235	251	252	261	266	266	279	282	284	291	302	305	324	326	340	354	358	358	359	377	377	378	382	383	
12	20	22	45	47	57	85	86	91	92	95	98	108	109	116	120	125	133	161	183	193	194	203	207	207	209	219	223	253	268	277	298	309	309	311	316	327	336	340	346	351	371	377	386	393	
28	32	46	55	93	109	112	116	120	121	123	126	126	129	132	155	157	186	189	207	215	240	271	280	285	292	304	310	311	317	322	343	352	365	
7	22	23	25	56	73	88	95	99	138	139	141	154	168	169	176	180	183	185	198	201	230	233	235	239	239	242	242	263	278	295	302	307	316	357	366	374	376	379	384	387	
2	25	31	38	47	52	67	72	83	88	95	102	110	119	119	128	155	194	197	220	238	241	263	265	268	272	279	303	307	312	335	337	351	351	373	380	398	
22	23	24	24	28	35	49	65	100	118	122	134	137	147	147	148	155	199	204	221	226	233	238	250	261	264	283	301	301	335	346	349	365	373	376	379	382	394	396	
15	34	44	60	73	89	91	100	103	115	119	145	147	152	239	243	254	257	268	270	275	278	296	297	314	332	338	340	349	356	359	390	
0	7	8	11	17	21	31	41	42	42	42	62	62	71	72	90	93	114	141	143	143	193	197	207	213	220	227	254	254	256	268	274	314	322	328	351	399	
11	28	52	59	79	81	99	106	116	128	146	162	164	180	181	182	192	198	213	215	224	235	241	248	260	274	291	314	327	336	336	339	345	355	360	387	396	399	
28	38	44	67	99	108	121	124	126	144	144	148	149	152	157	157	160	172	185	232	239	243	255	256	265	278	281	281	286	287	288	304	323	323	333	335	348	359	364	365	367	373	379	380	391	398	
0	5	8	12	17	18	22	24	25	26	27	30	33	44	54	71	74	76	88	89	99	105	128	134	139	144	147	149	169	172	186	207	227	237	241	279	294	297	299	299	300	304	331	334	351	357	361	362	373	378	
20	20	34	38	44	56	60	64	93	97	99	101	104	114	114	121	139	141	143	154	158	159	165	165	171	194	210	214	220	236	245	263	274	291	312	331	349	351	359	364	367	370	377	385	388	395	397	399	
8	13	17	24	29	31	31	46	72	118	120	121	144	149	194	235	238	246	251	263	270	272	272	280	296	318	339	347	353	374	378	378	379	379	385	
25	26	29	49	51	62	63	66	68	72	82	93	114	127	143	148	153	156	157	174	178	204	244	255	265	267	269	278	278	285	285	308	318	332	333	339	344	345	351	364	368	380	382	383	383	385	387	
21	28	35	56	61	65	65	80	81	81	92	98	103	105	106	125	159	161	170	172	183	186	190	197	206	213	218	246	251	265	270	271	278	286	294	299	304	307	307	324	335	338	341	342	347	380	383	386	388	399	
4	22	29	31	32	46	48	51	60	86	109	120	126	130	143	143	161	192	202	212	219	225	236	237	239	240	252	265	290	296	296	319	333	360	363	368	375	399	399	
12	15	20	22	23	42	48	65	91	103	117	125	129	134	140	151	180	188	192	215	215	236	264	274	286	289	295	313	322	327	328	328	329	330	343	355	365	366	370	371	372	384	385	390	392	
6	25	29	30	31	37	39	47	53	53	54	61	86	88	89	95	105	110	111	126	140	142	158	178	181	193	210	233	240	252	291	318	321	338	340	343	349	350	369	371	373	379	382	386	390	391	395	398	399	
3	5	18	19	25	32	40	46	48	54	64	66	69	77	89	96	103	121	141	150	153	154	160	170	192	193	194	214	224	236	240	259	265	280	287	316	321	332	341	348	355	385	390	
0	1	1	16	46	49	79	84	85	87	88	92	94	117	124	177	180	187	199	204	214	235	242	245	253	261	262	277	283	328	338	343	344	345	350	364	369	369	372	377	392	
3	20	24	37	46	56	63	67	69	71	75	76	105	128	148	171	181	184	184	192	196	197	198	231	250	251	259	267	272	296	300	302	306	306	321	325	333	339	340	342	349	353	374	383	384	
4	13	29	33	42	42	45	52	53	54	55	59	68	76	78	80	93	93	119	149	150	165	182	184	188	191	193	222	237	240	245	266	266	284	289	294	307	320	321	326	336	339	357	359	362	362	369	370	375	381	398	
6	6	12	15	50	67	83	97	98	128	144	151	171	173	178	183	201	214	216	217	239	243	255	257	278	283	288	289	302	328	335	337	360	363	372	382	383	391	392	396	
7	25	39	65	70	84	91	96	106	114	118	133	135	137	139	143	145	153	159	168	177	179	196	212	218	218	230	247	255	258	264	309	313	318	321	336	340	349	367	371	
13	29	31	39	40	42	50	77	91	102	102	117	118	123	129	129	139	141	155	160	162	165	177	179	190	192	203	206	209	221	225	226	249	251	252	267	267	271	283	321	322	330	331	336	341	354	359	376	386	390	398	398	
13	23	28	61	69	69	78	95	108	112	115	119	135	136	156	161	164	178	180	182	197	206	229	254	256	259	266	271	271	273	273	283	285	289	306	315	320	322	335	337	352	360	364	377	382	391	391	394	
30	32	52	60	62	65	69	77	77	79	90	128	141	146	157	158	176	178	180	188	194	201	205	214	221	229	265	267	272	275	280	286	290	294	335	341	344	355	356	358	360	361	378	384	384	394	396	
4	5	7	9	13	15	27	36	49	55	58	85	86	98	116	120	120	120	121	159	160	164	166	184	192	229	232	243	252	252	254	259	261	262	273	275	293	295	320	325	334	338	343	346	347	347	348	349	350	363	364	366	382	383	391	
0	9	38	52	55	64	65	120	125	127	130	139	162	186	213	216	223	244	254	273	274	284	290	300	302	310	313	316	333	355	374	375	384	393	
4	13	30	31	35	37	37	52	57	59	71	96	99	108	114	115	122	126	127	132	134	135	148	153	161	169	174	215	218	221	251	261	263	298	302	316	323	327	335	337	343	354	377	
5	7	16	23	36	37	45	53	67	69	70	74	89	91	94	95	105	113	116	121	124	167	170	205	211	218	222	231	231	236	237	237	240	242	244	246	249	254	268	270	295	314	315	316	318	318	328	331	339	341	386	
0	0	3	18	22	24	34	54	60	61	65	78	82	96	134	134	137	140	141	147	157	157	177	185	193	195	217	219	236	301	308	325	347	348	354	361	363	363	365	377	381	383	389	390	394	
5	6	8	12	21	28	34	69	97	110	111	125	126	144	144	145	158	190	200	220	258	298	303	324	325	325	335	349	351	352	354	358	360	365	366	369	386	
8	10	10	12	24	49	53	55	75	95	95	96	104	108	109	110	137	142	181	198	208	212	226	281	284	306	310	322	323	323	339	347	349	350	359	389	
12	26	34	52	53	56	72	83	86	114	116	118	124	128	137	198	206	220	227	230	230	238	248	255	257	260	260	267	301	313	325	329	397	
4	23	27	36	41	50	56	73	84	97	101	109	113	161	162	169	171	172	177	195	196	201	208	209	225	227	232	237	240	244	266	276	276	301	303	305	311	317	325	332	357	367	384	388	389	394	
2	22	45	63	97	104	117	122	124	133	143	153	165	167	175	206	215	249	253	269	272	280	286	292	304	306	315	319	320	331	341	343	363	382	387	393	
3	6	13	16	18	22	25	37	41	47	62	65	90	96	114	127	133	143	145	152	160	174	182	189	203	211	226	229	231	237	247	253	265	274	277	278	280	284	302	314	325	354	354	366	369	375	382	384	385	388	391	398	399	
15	16	19	28	38	61	66	71	75	85	96	107	107	114	136	137	138	140	172	203	203	212	235	244	251	275	283	284	311	316	317	327	341	342	361	367	369	372	373	383	
3	19	55	66	67	75	81	81	90	95	98	99	104	128	139	143	145	175	178	217	219	241	242	242	257	262	267	267	277	282	294	297	299	299	305	312	316	338	343	347	351	354	356	356	361	370	397	
4	12	24	26	30	35	47	60	65	66	70	71	99	99	112	119	132	136	143	148	174	183	184	184	200	200	207	211	224	227	249	264	266	288	290	294	305	307	310	311	312	316	322	330	331	342	366	368	371	375	393	
2	7	27	31	39	51	57	68	72	87	92	93	103	104	105	132	133	136	148	152	166	169	180	205	228	228	231	239	248	283	284	284	302	352	361	374	377	385	386	391	393	397	398	
4	6	18	20	23	24	44	70	83	90	94	105	105	135	151	156	167	174	179	211	222	225	251	254	264	287	293	299	301	302	305	311	313	330	352	357	360	396	
6	13	18	32	34	49	66	69	69	72	84	101	130	163	168	170	177	178	179	181	191	192	202	207	212	219	225	226	230	232	235	257	269	288	293	306	310	312	313	350	359	363	376	382	
3	4	28	33	41	45	60	60	65	76	96	99	144	150	154	159	169	170	176	183	191	204	230	249	263	264	264	272	281	299	321	329	340	345	353	368	379	382	395	396	399	
6	16	19	39	57	63	65	70	95	120	121	142	153	159	163	209	210	218	220	233	236	239	246	247	259	265	292	299	309	314	314	336	339	350	350	351	364	365	369	373	373	374	375	375	378	382	383	
4	42	50	69	77	86	87	89	139	140	142	149	163	173	173	179	186	189	194	199	204	205	218	239	267	284	299	300	301	327	344	364	364	368	371	377	380	381	
2	27	34	41	42	45	71	72	74	80	82	93	108	118	125	144	146	157	164	175	180	183	191	192	204	217	225	226	234	264	264	269	274	285	286	318	327	332	339	361	365	374	374	376	381	386	389	
2	28	64	72	80	82	87	108	119	131	133	134	146	156	168	185	189	189	189	193	197	198	200	202	203	205	214	224	234	241	250	281	283	295	296	297	303	305	314	317	338	345	378	396	397	
2	4	9	25	35	39	42	50	58	63	65	73	80	84	94	95	104	113	113	128	151	152	157	164	178	190	224	229	255	283	293	306	308	311	325	328	329	334	334	339	346	354	382	387	
0	5	26	57	60	104	107	114	118	125	139	139	151	164	165	165	172	200	204	204	214	218	222	228	243	266	271	275	311	314	319	319	322	325	331	342	344	344	349	356	362	368	376	376	387	396	398	
8	10	12	18	22	38	54	59	79	80	84	95	97	111	154	155	158	183	192	203	232	238	241	242	250	250	264	278	317	318	342	345	347	351	355	375	387	392	
26	48	50	73	85	144	164	168	177	179	181	203	204	213	222	224	235	240	253	264	270	275	288	307	324	339	348	360	360	364	380	380	
8	23	43	63	86	90	93	100	105	127	145	170	196	219	234	235	236	242	279	292	302	304	310	311	335	351	361	362	368	379	380	384	
0	1	6	22	24	26	27	43	52	56	56	62	63	68	68	76	98	98	102	114	124	125	139	162	164	174	175	178	193	198	230	247	248	261	270	288	291	292	294	294	297	300	304	306	308	309	315	332	345	353	369	371	373	374	381	395	398	399	
16	36	41	45	52	53	62	72	82	94	94	106	109	112	115	116	138	157	172	178	183	190	192	196	197	202	212	238	248	265	282	283	286	286	296	297	298	316	318	333	342	351	355	358	362	374	388	394	395	
1	11	16	21	25	33	41	77	78	103	109	115	153	154	159	169	173	180	188	188	189	201	206	244	248	262	263	282	310	317	319	332	334	334	345	357	366	377	378	379	390	398	
4	9	13	20	41	51	55	72	83	88	96	121	140	145	151	154	168	174	175	182	192	199	206	208	214	219	223	227	229	229	237	239	242	246	253	262	282	284	322	324	334	345	361	368	371	380	390	393	
24	37	49	55	60	72	86	91	102	118	119	183	185	187	205	220	233	238	239	247	250	262	267	280	287	307	312	324	360	367	372	373	376	380	382	397	
11	12	12	22	31	33	38	63	66	80	99	107	119	134	138	148	155	163	170	201	208	209	223	224	228	230	237	237	248	258	261	262	266	270	287	291	293	310	321	322	325	327	334	338	338	348	364	369	369	376	383	388	389	397	
0	5	5	26	26	28	35	56	57	83	90	91	105	107	117	142	152	154	163	171	183	193	206	210	217	220	227	233	234	245	256	269	290	301	306	314	319	326	327	340	361	365	370	377	388	392	
2	9	14	17	43	47	52	57	63	76	82	87	111	118	125	129	147	161	164	166	187	195	201	203	208	209	212	229	245	250	256	259	271	274	279	280	291	292	316	320	328	334	335	345	347	350	354	357	360	362	390	397	
6	21	48	55	61	69	84	86	95	119	151	175	178	205	215	215	229	247	265	270	281	289	301	323	333	337	346	352	358	372	378	380	387	
2	11	14	16	17	18	26	28	34	53	66	67	79	84	97	104	115	148	151	158	162	165	173	179	179	183	185	186	187	189	212	217	217	236	239	247	248	255	269	275	281	286	296	303	307	310	326	331	336	341	349	361	362	365	366	382	391	393	
7	15	21	45	56	63	71	72	74	79	84	87	95	98	109	117	126	156	156	165	167	202	235	235	236	237	241	251	272	276	290	338	341	343	345	347	354	363	371	380	385	392	393	398	
0	2	2	32	59	74	75	76	81	84	96	100	105	105	107	110	114	132	160	187	197	258	258	264	292	304	323	328	337	354	
5	9	15	15	34	39	40	45	48	58	69	73	78	82	97	100	101	114	134	137	139	150	157	194	196	196	198	217	240	247	255	255	294	297	311	319	337	338	354	357	359	360	363	386	389	391	394	399	
8	9	23	32	40	46	49	50	66	69	70	77	83	120	129	136	142	167	169	181	202	209	209	217	218	219	231	254	257	259	269	277	298	298	303	306	309	324	330	334	337	343	350	353	355	368	374	377	384	386	392	395	
8	10	16	19	27	28	43	46	51	56	59	62	84	87	88	99	109	115	118	156	160	164	164	176	196	223	231	259	266	267	284	288	306	310	314	316	318	333	381	387	388	390	390	
3	18	23	30	45	45	59	90	93	137	147	147	162	176	177	186	191	193	205	226	229	237	246	271	293	300	300	308	319	322	329	340	341	346	360	364	381	397	398	
7	20	31	32	38	45	48	52	58	60	64	85	104	108	114	115	134	146	159	166	172	174	175	184	186	193	219	229	246	264	275	292	293	303	304	305	313	323	324	325	325	331	346	352	371	387	388	391	398	
10	37	39	52	53	70	71	78	78	90	140	141	163	180	184	200	203	214	222	240	246	249	261	262	275	293	301	312	356	362	367	378	384	
8	11	23	35	48	49	97	99	127	136	149	155	157	158	159	168	169	182	185	187	207	229	230	238	244	276	277	280	283	294	299	305	308	308	315	325	325	326	328	354	356	357	359	360	360	361	373	393	396	397	399	
2	13	24	26	33	40	45	63	67	100	126	127	136	154	155	161	171	196	204	205	218	226	233	273	324	340	343	359	364	385	386	
10	19	21	26	28	31	36	99	103	113	137	147	154	163	184	214	221	257	274	277	284	301	334	335	336	337	346	353	354	357	359	364	365	366	366	383	390	399	
2	8	19	30	47	54	61	75	79	80	88	102	127	147	156	160	175	175	176	184	186	186	189	213	222	225	228	234	238	244	248	251	252	258	259	297	298	307	328	332	352	356	359	374	398	
13	16	19	24	39	42	68	78	85	89	92	94	100	101	126	130	131	157	163	191	193	209	213	234	243	276	281	283	312	331	331	336	350	352	355	362	364	367	399	
12	14	16	17	33	33	34	46	49	58	73	79	97	101	103	112	160	172	176	184	187	187	206	207	213	243	250	283	302	336	342	347	357	364	390	392	
30	32	67	100	123	125	128	145	151	173	176	178	186	198	203	225	236	242	252	261	262	271	281	285	311	321	334	334	340	345	350	357	361	368	369	387	392	395	
0	29	37	43	50	52	63	72	81	88	89	103	105	153	164	164	168	186	188	199	202	215	237	279	281	283	288	329	343	349	359	367	372	372	373	395	
4	16	19	20	21	25	28	79	79	101	120	126	127	147	152	163	167	168	178	180	183	191	204	208	233	236	242	244	268	306	314	326	327	330	331	339	364	381	397	399	
14	18	37	68	82	85	85	97	98	99	104	107	112	119	121	134	135	143	161	162	169	170	175	181	186	187	188	188	191	195	213	216	219	230	231	246	246	249	277	279	284	285	289	295	303	304	310	317	332	333	339	339	346	358	364	371	394	
3	24	31	32	32	35	45	55	66	73	79	111	136	166	169	174	187	189	195	215	217	220	224	224	235	241	257	260	265	268	270	276	289	303	304	311	311	312	321	327	336	344	358	382	395	396	
4	5	11	32	35	35	41	48	51	59	76	78	82	100	141	154	174	176	206	219	227	228	239	252	265	279	280	300	307	349	352	355	362	368	381	382	385	388	397	399	
12	27	28	52	84	85	85	99	105	119	135	150	180	193	194	197	201	216	233	239	260	266	286	287	291	293	301	323	325	329	340	345	347	355	372	373	377	392	392	
14	17	26	34	67	68	79	93	107	130	137	138	143	146	173	193	193	197	210	214	243	245	246	260	262	267	268	277	283	305	343	345	354	357	365	382	385	391	
9	22	43	106	118	143	155	168	220	238	241	252	253	256	261	287	290	327	338	338	339	361	363	369	389	393	
25	29	31	67	78	79	112	120	131	144	145	154	156	165	166	166	170	171	173	211	214	224	225	230	234	245	246	247	252	273	273	283	299	333	334	340	364	381	385	389	392	397	
0	9	16	35	39	47	50	52	63	65	71	73	80	86	95	111	119	125	132	138	147	170	171	181	187	195	195	195	198	200	207	213	222	232	234	238	260	269	273	282	292	298	301	322	333	337	341	356	360	365	367	367	368	391	
20	35	51	61	75	91	103	122	138	185	188	191	194	210	222	229	237	240	242	248	251	256	257	264	267	275	287	299	300	307	309	313	330	351	354	356	362	377	378	383	389	398	
6	12	14	21	31	57	64	73	79	79	90	94	100	107	118	126	170	190	197	200	203	227	228	244	276	291	306	310	315	315	334	344	352	356	357	370	379	380	
5	13	13	32	57	62	71	82	111	112	113	120	122	124	137	173	179	187	195	197	199	230	235	238	250	252	275	275	284	287	302	304	311	317	319	326	342	346	351	371	386	387	395	
5	7	23	33	41	51	54	74	76	82	83	89	89	97	110	117	118	135	141	171	185	200	208	238	244	258	267	295	304	308	320	322	324	326	333	342	343	357	374	375	396	396	397	
1	37	59	59	62	77	83	102	102	121	121	130	136	139	145	153	156	161	161	170	170	178	181	186	189	194	195	198	209	211	235	236	239	242	243	249	259	259	265	267	284	291	312	324	330	330	331	346	356	368	369	384	386	397	397	
8	24	31	37	47	57	59	66	71	88	92	129	132	132	159	180	198	211	212	231	233	238	238	244	269	304	306	334	350	356	367	373	375	376	390	
1	21	26	27	61	64	86	91	92	102	112	113	119	121	129	137	138	140	141	146	187	191	193	199	215	218	241	243	262	269	273	281	283	296	297	300	300	303	308	332	338	385	387	391	396	
44	57	63	64	68	71	79	105	118	134	142	153	155	160	162	165	174	183	197	201	202	233	261	264	275	278	279	305	308	315	323	323	357	360	390	
14	16	26	29	38	44	48	65	69	71	74	75	95	102	119	129	129	139	146	150	159	161	161	162	172	186	198	225	241	250	261	278	296	313	326	328	334	335	339	340	359	361	365	366	366	369	374	378	384	389	397	
5	8	23	30	32	38	38	51	63	74	88	106	115	116	125	139	144	144	149	181	182	205	251	254	286	287	303	316	321	334	340	340	345	348	352	376	
4	10	10	20	28	28	48	66	74	77	81	84	92	93	101	103	104	128	131	140	149	154	189	192	194	197	201	240	242	242	248	272	276	301	320	349	355	367	368	380	382	391	394	
18	37	39	41	43	88	91	104	108	109	112	137	151	152	163	170	174	179	183	204	210	210	230	255	258	260	271	274	293	297	305	321	321	336	360	366	369	381	382	383	392	
12	56	68	69	74	80	82	85	95	104	106	123	130	130	132	132	196	209	219	236	258	300	306	308	310	311	312	323	335	342	352	365	372	374	
4	32	39	40	51	56	93	109	110	114	125	129	150	160	177	183	203	209	214	247	251	268	287	302	322	329	330	372	384	394	396	
0	1	9	15	28	32	38	60	63	69	137	147	182	199	216	221	245	249	255	258	265	270	276	288	306	315	320	320	326	326	340	347	374	378	382	387	388	399	
0	2	3	16	19	56	56	61	91	98	106	110	134	135	143	152	176	193	194	197	200	212	212	226	232	255	267	272	273	323	326	328	335	358	358	363	364	388	
18	28	28	34	42	44	72	84	85	94	125	129	144	155	167	167	171	180	181	186	190	192	193	200	200	216	219	227	238	249	270	276	289	311	318	319	
1	6	13	13	14	21	23	27	33	36	40	40	56	58	61	64	73	81	86	94	97	100	105	120	124	141	144	160	160	163	164	173	178	179	180	180	184	188	205	212	234	235	237	243	251	260	276	298	304	310	
8	12	19	19	21	23	43	57	57	60	62	64	95	102	106	110	110	120	139	141	142	161	175	176	180	182	185	198	209	234	250	278	301	
12	15	19	20	25	27	55	71	91	97	116	132	146	152	159	167	168	174	185	187	207	212	213	239	239	261	267	281	288	305	
57	59	83	123	138	151	165	205	211	215	217	220	224	237	246	276	284	298	310	312	317	
5	32	44	46	48	50	52	56	68	80	81	102	104	105	126	160	170	171	172	195	210	214	229	233	251	258	270	273	285	294	300	306	
1	22	25	33	35	38	40	49	54	67	73	75	76	82	87	91	98	105	122	140	164	165	180	184	192	197	200	207	217	257	275	287	295	301	
22	51	66	84	97	102	138	182	192	202	212	217	221	243	249	253	275	278	284	287	291	298	299	300	303	305	317	318	
9	18	19	39	50	76	78	84	91	91	101	106	115	118	119	132	136	180	199	205	211	222	226	236	255	263	266	267	277	281	286	295	319	
5	22	39	65	74	88	125	127	134	142	157	167	182	200	202	208	220	231	242	244	256	266	279	306	
9	31	35	40	49	110	110	119	120	123	132	158	163	178	185	188	216	222	228	233	234	235	238	244	246	253	277	277	286	298	311	
4	12	19	32	42	42	43	46	75	81	104	108	111	132	151	167	168	190	206	206	213	214	215	217	219	221	239	245	246	256	260	269	287	293	308	
16	25	47	48	58	72	76	78	80	90	112	136	172	174	188	196	198	208	210	216	224	225	234	260	279	296	309	314	
1	1	7	28	29	43	60	60	72	75	79	90	133	152	158	183	189	194	195	208	229	231	241	254	257	257	258	258	270	
9	16	26	41	62	73	97	111	111	122	129	138	157	195	209	232	235	243	243	254	259	261	263	302	307	
3	6	20	21	49	55	78	78	80	125	130	138	149	152	163	181	181	192	195	200	221	244	259	271	273	273	276	288	304	312	315	316	317	
3	24	33	40	54	55	55	65	84	88	92	99	112	116	120	130	131	162	164	169	176	176	194	200	211	212	218	228	239	249	274	278	290	304	308	316	
19	65	74	74	109	114	117	119	146	174	187	190	194	202	205	228	233	245	266	268	271	275	277	279	281	285	300	306	309	
1	17	20	42	62	72	77	94	97	102	111	121	139	146	148	151	158	163	163	169	169	202	203	223	234	253	253	263	265	282	285	306	
12	31	41	54	68	69	71	90	113	120	134	142	153	160	167	178	183	187	192	197	210	210	231	248	279	290	319	
0	22	33	34	35	40	51	54	63	98	106	122	124	136	137	148	149	149	153	161	165	167	178	180	225	228	234	234	242	247	248	250	263	289	306	310	314	
23	26	33	37	43	58	68	69	73	77	81	83	115	119	124	131	140	153	159	160	171	186	193	193	194	197	200	207	216	217	255	265	268	277	290	291	297	302	303	306	309	311	
3	28	32	35	46	53	54	69	71	85	87	90	97	125	140	159	162	192	209	212	223	232	241	244	248	255	264	277	294	301	307	
5	9	17	19	34	37	41	75	76	96	104	152	175	179	179	182	186	208	214	224	226	235	237	238	241	248	263	278	291	295	301	303	312	
29	42	61	80	101	112	116	118	131	133	146	152	171	185	188	211	213	247	250	269	290	307	316	
6	10	35	48	51	64	67	82	90	102	102	102	110	136	139	150	167	188	189	190	209	212	221	223	231	247	252	252	253	254	257	265	267	271	291	296	296	297	303	307	308	318	
38	76	78	82	83	99	103	105	107	115	120	141	154	158	162	162	186	210	225	230	234	240	245	266	278	281	312	312	313	314	
2	8	11	13	13	86	97	106	117	118	140	167	175	188	195	208	225	254	257	265	271	279	296	301	307	314	315	
43	51	64	71	71	88	101	106	108	116	129	140	154	162	200	217	228	236	253	263	269	274	279	313	
8	25	27	28	36	41	44	61	78	79	81	92	94	99	103	114	129	139	141	150	155	162	190	208	223	232	246	247	251	266	280	285	292	308	311	315	
11	16	17	46	58	58	60	63	70	70	79	94	95	111	119	122	125	126	154	180	198	198	232	232	236	254	270	281	282	294	295	302	312	313	315	317	
6	23	33	33	34	34	36	42	46	56	58	63	72	75	80	89	92	99	107	110	118	126	127	142	144	149	155	155	185	194	199	204	205	206	222	231	248	249	257	259	270	280	292	316	317	
15	15	20	20	30	70	101	103	107	113	115	117	133	138	139	142	145	156	171	176	197	238	247	256	260	266	282	314	
6	8	20	27	29	31	38	43	57	96	103	104	109	140	145	163	169	181	189	196	202	221	233	252	255	263	264	265	276	288	303	313	
10	44	45	74	78	80	88	93	103	107	132	140	142	145	149	165	168	172	176	176	188	189	191	205	230	260	269	270	297	299	
5	5	33	37	51	64	67	91	92	99	102	125	135	143	172	205	208	210	211	216	260	282	299	315	315	319	
8	10	14	16	19	29	50	52	58	60	70	72	75	76	82	89	89	96	115	120	126	133	136	151	169	184	188	189	197	202	208	208	226	229	236	241	248	253	268	270	273	277	277	280	304	309	312	315	
6	6	10	13	16	24	25	28	58	96	103	109	119	127	131	133	143	161	177	185	202	203	206	247	266	271	283	295	
6	14	14	25	27	32	53	63	81	97	98	100	133	145	150	172	180	184	187	203	213	233	268	280	285	288	308	
35	49	50	53	57	66	74	78	89	106	128	146	147	173	177	200	205	207	211	214	226	229	248	248	250	255	257	273	291	294	307	309	
0	36	46	51	57	62	76	77	82	83	89	91	94	107	121	131	132	137	162	166	174	184	207	215	237	240	243	246	251	260	266	267	284	306	316	
20	46	57	64	84	92	95	99	104	110	122	129	132	138	139	147	150	189	195	215	223	247	249	251	258	263	282	292	304	312	
4	7	10	36	37	41	55	55	82	94	109	117	125	132	138	149	161	170	172	179	191	199	202	203	204	213	216	227	231	242	245	245	246	247	273	279	292	292	319	
22	50	65	68	69	75	76	89	97	98	100	107	134	138	143	172	199	216	227	233	249	261	267	267	268	271	300	
20	22	41	49	77	90	98	113	118	147	149	149	152	154	214	218	230	235	255	265	292	294	298	304	310	
7	11	14	24	26	30	42	54	55	56	68	116	122	132	159	170	178	188	198	205	209	228	229	231	243	261	262	286	289	309	310	316	
3	11	13	15	34	39	49	57	65	68	91	97	113	118	134	141	142	149	152	155	174	187	202	227	234	279	290	295	
1	33	43	84	98	123	151	155	155	157	169	171	192	204	206	214	216	236	249	255	272	307	310	313	
1	12	18	19	27	30	46	57	84	124	128	154	160	162	164	181	181	195	197	197	206	206	232	234	244	254	259	259	270	275	279	281	295	297	301	307	314	
4	11	13	41	46	107	108	117	118	126	135	148	150	160	161	181	195	200	217	226	264	279	292	301	310	
5	15	19	32	38	58	63	74	85	100	108	110	111	123	148	162	175	180	186	188	189	208	217	221	245	245	277	277	286	290	294	317	
5	9	39	50	61	80	86	87	92	93	102	133	138	148	191	198	200	216	238	238	251	261	268	269	270	270	271	288	
1	21	31	33	41	43	52	70	98	103	116	130	146	148	148	171	181	185	196	208	209	221	224	226	235	235	240	244	257	260	269	277	278	283	285	286	289	
2	2	12	60	66	73	80	101	122	123	124	150	164	164	177	186	187	196	202	203	212	218	225	228	233	292	297	303	305	
34	34	58	71	77	108	113	116	119	122	156	165	197	225	229	247	252	283	289	315	
2	7	21	45	69	95	110	134	142	143	175	178	182	188	198	203	205	214	218	228	236	252	253	253	272	285	290	309	
2	11	27	34	41	43	44	47	65	66	87	97	102	113	117	130	131	143	145	169	172	181	189	201	212	220	226	226	226	248	287	313	
0	8	14	26	26	37	43	48	56	68	69	71	88	115	120	129	133	153	191	197	219	220	224	226	229	261	268	268	275	276	311	315	
1	5	8	12	15	20	72	81	83	129	145	152	168	173	174	178	187	213	216	217	241	254	254	262	263	268	268	273	277	277	303	318	319	
3	13	19	28	38	48	54	74	101	110	135	141	150	164	166	169	172	179	188	198	201	205	207	232	236	242	261	270	279	280	282	288	293	304	311	
40	42	54	60	64	84	85	93	111	129	130	158	159	164	168	171	175	183	186	189	193	196	202	215	231	248	270	272	290	298	
0	29	39	40	47	60	60	95	110	133	156	159	163	167	193	221	222	223	233	262	291	298	301	316	
4	12	17	25	37	39	59	60	93	96	97	125	139	146	166	170	170	177	183	198	206	209	219	220	223	227	241	250	252	253	291	294	301	304	307	312	
37	39	47	49	51	61	64	68	78	80	102	105	115	124	139	177	187	192	211	243	257	261	262	263	280	289	292	298	302	
4	13	14	30	33	36	41	48	50	51	72	81	97	102	115	123	134	149	165	175	175	177	202	207	213	218	240	243	262	283	283	287	287	289	290	
9	29	39	52	53	58	66	75	78	92	97	113	113	120	152	162	171	175	179	190	202	207	210	237	237	251	256	258	271	272	278	286	296	298	317	
3	13	14	54	67	77	86	116	145	168	215	228	229	240	247	250	260	296	300	306	309	
10	28	36	64	69	69	89	92	125	139	142	173	175	182	182	186	189	189	195	211	215	232	235	239	247	263	271	276	309	
10	20	24	37	77	93	93	96	103	108	112	113	136	140	141	154	168	169	171	176	185	187	201	215	230	234	234	243	258	259	282	284	295	305	
5	12	15	20	23	25	50	57	61	64	73	83	119	128	128	129	131	141	159	177	181	182	196	201	213	216	230	239	260	311	
7	8	8	19	31	39	60	63	74	75	84	96	109	112	112	126	141	144	161	173	193	218	252	255	266	288	293	299	305	
1	36	41	62	64	98	111	114	121	123	174	199	207	219	220	233	234	238	252	258	270	283	300	310	
24	54	72	75	89	92	97	99	124	127	135	142	145	153	173	194	196	221	254	272	274	282	283	285	287	299	302	302	305	310	311	316	
11	20	33	37	44	68	82	86	112	112	128	132	135	140	146	150	156	175	199	202	230	257	257	257	266	270	292	295	301	308	311	
1	2	16	27	27	31	45	48	50	59	62	62	63	126	138	140	149	149	153	163	190	208	209	218	219	220	222	235	246	269	289	289	294	295	299	300	
2	7	27	36	39	39	44	47	54	68	86	88	124	126	130	143	165	167	172	198	199	206	209	230	233	245	263	266	305	316	
24	34	40	42	53	59	64	70	92	93	98	104	109	114	144	148	149	153	161	184	190	199	205	207	211	222	225	241	263	279	293	309	318	
5	22	44	45	94	106	133	138	152	163	165	174	194	200	203	203	258	267	268	272	293	294	295	295	298	
8	22	30	35	41	62	63	68	72	81	85	95	117	127	135	135	147	164	166	180	180	181	182	215	221	227	246	252	273	276	285	291	296	301	304	305	314	314	318	
13	13	18	30	34	47	54	66	76	77	77	99	101	101	114	135	154	156	156	159	182	229	232	233	252	256	277	287	301	312	314	
