3	8	12	29	31	46	69	88	117	120	125	130	139	142	143	160	171	172	198	204	222	224	237	255	
8	34	37	46	61	67	79	80	82	87	99	103	105	114	118	130	146	147	154	167	178	202	204	210	212	215	218	227	242	253	254	
51	56	73	73	100	100	106	111	118	127	132	143	155	190	192	227	
12	14	16	36	42	83	86	91	95	96	112	117	130	135	143	147	148	154	162	167	171	174	189	196	242	
10	28	32	37	42	70	74	93	99	103	107	121	133	150	158	162	172	193	218	219	224	231	238	253	
4	4	4	6	20	46	49	57	67	101	109	121	123	140	143	157	163	168	181	189	190	200	211	230	232	247	253	
12	14	25	26	27	33	35	36	50	51	53	103	115	118	119	121	142	153	158	165	178	180	193	195	202	207	215	225	244	255	
5	8	16	30	46	49	54	73	73	74	79	104	113	117	132	147	151	152	154	175	183	184	188	208	213	214	218	228	228	234	237	252	
0	7	28	57	58	71	80	87	87	87	87	111	114	136	160	165	170	179	191	197	198	199	199	200	223	238	
0	12	54	58	69	102	114	117	129	131	134	151	155	168	176	186	191	192	195	214	217	228	233	248	251	
0	14	15	22	55	88	89	101	133	162	170	176	218	220	225	230	240	245	
20	40	41	46	56	58	60	69	72	93	102	108	109	110	115	116	118	125	127	129	152	159	161	171	175	180	198	203	223	224	238	246	247	250	
9	13	14	15	33	34	37	45	47	50	51	74	99	101	102	118	120	127	153	158	198	201	206	225	244	245	
3	4	10	18	37	37	92	106	106	108	115	132	136	147	149	157	173	178	185	218	229	235	243	
18	21	35	39	46	52	98	104	115	118	120	130	133	136	158	165	182	195	212	215	240	
9	31	40	41	44	46	47	55	77	101	107	117	137	142	174	181	185	192	198	201	203	216	217	243	
1	2	15	21	30	44	58	102	107	113	114	133	201	203	207	218	223	247	
4	15	19	38	48	74	79	94	98	116	127	134	137	154	160	167	170	175	195	202	205	215	216	235	235	240	245	252	255	
4	11	30	50	64	65	87	89	106	121	152	152	156	164	179	191	199	224	231	233	251	
2	6	38	39	84	85	106	110	131	134	140	158	178	190	212	214	
42	47	47	81	82	91	101	110	120	122	132	155	165	166	166	169	208	226	
11	36	39	41	48	67	70	71	83	87	102	104	114	144	155	162	174	177	178	180	185	187	190	197	200	205	219	
4	25	34	63	71	88	98	106	115	116	138	151	157	175	179	236	246	
18	26	27	33	50	72	75	77	78	92	113	114	119	141	142	147	147	150	152	154	159	160	163	176	177	187	189	239	240	240	
10	20	28	50	59	61	66	66	76	80	88	94	108	121	129	154	161	177	200	208	213	222	222	235	
1	6	23	44	45	47	50	54	68	76	81	83	96	113	127	139	163	164	168	170	210	212	217	222	244	246	253	
2	11	17	27	44	50	60	67	75	96	104	105	108	120	132	134	141	146	156	157	168	178	215	219	232	243	
17	19	20	21	21	38	49	52	56	59	69	73	80	82	83	85	93	108	109	123	134	144	169	182	206	212	230	245	253	253	
1	9	24	29	34	35	36	39	58	68	69	76	84	88	88	97	111	120	121	126	128	135	141	149	155	161	178	180	196	214	225	227	228	236	
8	26	26	40	42	47	51	53	85	97	105	125	129	131	134	145	147	148	163	167	171	176	177	182	184	204	211	218	225	243	247	250	
23	29	31	40	42	59	63	100	110	122	145	157	158	158	160	160	162	166	189	190	192	201	231	239	
2	40	74	89	91	100	110	113	133	135	147	154	159	161	161	177	189	193	210	242	248	
14	16	24	27	28	47	49	52	64	64	76	106	106	116	129	149	150	158	177	182	191	195	197	200	232	238	
16	21	31	32	38	61	62	66	76	82	85	91	91	102	117	124	124	125	148	173	175	176	187	189	193	205	218	219	239	243	245	252	
16	19	46	49	58	59	65	65	68	89	92	97	101	128	137	141	146	150	211	213	214	220	229	236	251	
5	8	17	25	29	31	36	44	75	92	108	111	118	128	133	140	147	152	163	179	182	187	189	212	254	
1	20	26	28	32	38	61	73	88	104	105	106	124	148	149	152	153	157	158	164	166	172	173	176	179	184	190	197	206	215	235	238	
0	9	9	12	14	22	26	32	47	49	55	64	68	81	92	102	107	111	117	121	125	128	138	155	182	183	195	197	213	253	254	
16	26	47	51	56	64	66	73	96	107	115	119	176	179	189	190	196	196	209	218	228	234	246	
4	6	6	13	32	34	57	73	82	82	105	124	127	135	148	149	167	203	226	249	
24	25	30	39	48	74	75	76	93	103	103	104	109	111	118	125	136	150	165	171	192	193	205	218	224	
12	33	34	49	67	79	85	88	111	111	147	149	156	175	176	179	182	186	189	197	209	213	222	225	231	241	244	250	
41	47	52	63	70	96	110	111	144	151	161	164	166	172	181	181	183	205	228	230	232	238	244	244	246	251	
0	8	13	24	47	83	94	110	132	138	149	150	152	152	155	157	192	217	221	232	235	237	238	255	
16	39	48	48	56	78	90	96	103	105	109	115	124	143	151	156	164	168	169	171	182	196	216	217	227	227	232	233	240	243	245	251	
2	3	7	15	39	50	96	133	136	148	151	165	180	198	202	204	211	223	234	239	246	247	252	
7	19	25	35	40	56	62	83	91	122	122	132	170	185	186	193	212	219	240	242	250	254	
20	21	42	43	53	57	58	64	85	89	93	98	114	123	145	163	180	208	210	221	226	241	249	254	
5	5	25	60	61	65	65	66	72	98	99	105	106	141	153	159	177	183	184	215	220	231	244	247	247	254	
7	16	21	62	86	93	103	108	131	141	144	158	166	166	178	182	183	186	190	202	229	236	240	242	248	249	
4	31	33	52	57	68	70	74	81	81	87	89	100	101	105	122	128	135	140	154	164	168	191	191	201	226	226	229	230	232	237	
10	20	29	45	58	59	60	88	100	100	109	131	143	148	153	156	159	165	166	178	185	188	189	199	210	215	221	223	227	228	229	231	
1	8	18	26	34	36	58	64	86	102	112	154	163	187	190	193	207	221	238	248	
34	44	48	74	74	76	102	105	118	126	142	143	148	160	163	198	209	223	
0	9	24	31	39	60	70	73	82	92	94	97	102	104	107	114	120	129	146	148	169	170	181	187	194	199	255	
12	13	15	23	49	63	64	66	87	102	116	118	134	192	195	199	202	203	244	
10	13	20	25	29	35	57	59	69	76	77	78	80	84	98	99	113	121	130	136	155	159	160	168	173	195	207	214	245	255	
1	3	8	17	18	34	41	48	52	55	77	77	84	96	98	143	145	159	164	167	175	187	224	225	228	228	250	251	
1	25	55	78	92	94	96	116	132	134	138	141	141	145	148	153	156	176	191	192	208	216	229	244	249	251	
2	16	45	52	57	60	65	86	109	115	118	129	156	168	202	217	238	238	245	248	
4	5	28	29	47	54	70	81	97	101	105	142	144	147	151	157	161	161	167	172	172	192	194	203	208	217	249	
9	10	10	25	26	38	48	65	78	78	84	181	204	204	209	220	236	
0	15	16	29	51	60	64	81	95	112	122	130	138	147	152	165	170	171	178	188	196	226	236	
6	22	25	51	64	70	70	89	94	107	119	124	128	138	139	161	174	180	201	205	206	234	245	250	
18	40	56	56	65	85	94	95	112	112	117	121	148	152	177	180	187	208	210	216	221	223	246	250	253	
13	26	28	35	56	70	70	74	84	175	199	202	211	215	216	221	237	255	
9	10	10	11	15	31	37	41	42	50	60	64	71	74	77	88	97	99	102	114	122	126	136	155	155	160	162	180	187	199	201	216	230	247	248	
0	0	13	17	48	58	81	95	99	123	136	137	137	140	143	152	167	193	196	208	222	242	248	255	
19	19	26	28	36	52	65	66	70	111	125	148	157	171	184	188	201	215	222	241	250	255	
1	7	12	18	20	20	26	31	39	89	119	129	152	157	168	184	185	190	239	245	255	
4	15	15	16	20	55	60	66	88	101	109	110	113	134	155	178	198	207	218	228	231	234	239	243	252	
9	25	61	75	79	83	109	120	120	122	126	128	130	141	141	143	146	147	149	157	161	180	184	188	195	198	219	221	225	231	232	246	248	
9	17	18	26	33	33	51	62	66	77	105	134	137	157	169	192	197	202	211	211	243	250	
0	3	20	20	34	36	43	50	62	95	96	101	109	112	113	115	136	139	142	166	166	170	171	172	182	202	216	230	230	242	245	251	
48	58	63	68	71	76	80	83	85	115	122	131	139	144	164	167	170	172	173	178	179	211	218	235	242	
16	27	36	42	53	71	74	81	110	112	129	144	145	160	163	170	171	185	195	203	246	252	
6	24	38	42	46	49	54	60	61	68	73	77	84	98	104	128	132	139	161	170	213	218	221	251	
7	40	45	47	49	59	60	71	86	87	87	96	99	107	107	110	110	111	121	138	146	153	157	162	175	178	193	204	206	207	208	225	228	229	238	
14	23	24	57	67	69	75	79	90	94	97	98	103	107	115	115	123	126	129	131	131	162	169	183	185	211	218	234	237	239	
10	87	93	112	116	124	128	136	142	150	162	165	172	191	195	196	200	206	211	212	231	231	241	249	
50	54	59	69	71	78	101	125	133	134	151	161	161	165	177	215	230	235	237	242	
9	11	13	21	28	38	42	43	44	51	55	67	126	129	151	157	158	167	187	193	215	217	221	223	235	250	
5	13	21	24	29	34	37	56	61	78	89	104	114	117	125	129	141	141	166	176	177	180	215	222	227	228	235	249	250	
23	58	69	78	93	102	103	118	126	133	136	143	164	169	173	174	175	179	198	200	209	230	234	240	252	
0	17	18	28	44	48	55	59	69	92	100	104	116	124	130	170	173	206	226	228	245	
0	25	43	98	99	126	128	142	142	156	166	181	186	205	218	244	
7	19	21	22	50	60	76	79	80	82	113	116	129	135	137	138	140	144	168	169	169	192	194	198	200	205	224	240	244	252	
2	5	5	18	41	51	56	70	71	77	79	90	117	126	126	127	155	173	203	225	230	232	243	248	250	251	
17	25	32	40	40	46	49	59	62	68	70	91	97	106	133	144	183	186	188	191	201	216	224	241	243	248	
3	20	21	25	29	36	42	44	62	65	72	94	106	114	116	151	152	160	190	198	203	207	208	210	210	214	227	234	238	239	251	254	
6	44	64	67	79	81	112	130	173	175	184	205	207	212	216	217	220	227	235	
35	47	56	66	77	90	94	117	118	136	137	138	141	141	159	165	165	167	183	191	196	201	220	241	242	
2	25	58	72	83	131	133	142	151	161	163	169	169	171	182	205	210	217	247	
10	11	14	43	67	84	84	101	104	117	129	141	144	157	158	170	198	199	203	205	213	221	226	230	
1	8	22	35	38	49	55	75	78	84	95	97	100	107	115	116	120	125	133	146	150	164	170	180	207	220	221	221	228	239	243	
7	15	21	22	26	73	103	105	124	139	144	154	162	186	193	213	232	234	240	241	242	245	
24	24	31	34	45	49	51	51	53	60	66	68	80	95	132	132	145	149	166	167	180	208	211	214	233	235	236	240	247	252	
4	11	32	42	46	48	68	71	99	101	115	122	130	142	143	146	163	173	178	185	194	194	195	206	208	208	217	226	238	254	
1	10	14	35	48	52	59	60	62	97	122	127	137	146	168	176	200	214	228	236	249	
11	48	49	57	65	65	72	78	82	85	89	97	131	141	160	163	174	175	194	196	219	223	234	
3	19	30	31	36	55	61	71	81	84	102	111	113	116	123	141	144	146	154	182	189	193	194	197	200	207	212	227	233	234	
18	32	47	57	103	110	113	114	130	144	145	182	197	206	217	223	236	
12	34	77	78	100	113	135	145	174	180	193	197	199	207	209	211	219	231	
1	6	7	15	21	25	30	35	40	41	46	47	63	66	80	84	85	86	139	143	165	178	189	222	233	238	242	245	247	248	
33	39	42	67	70	72	91	95	127	149	156	157	179	180	195	198	205	211	244	244	251	253	
4	45	51	56	60	66	88	92	112	120	124	128	156	171	179	201	204	209	219	222	246	255	
7	8	8	32	55	63	69	82	94	103	109	119	129	133	136	146	154	156	158	161	164	167	183	183	215	227	233	
8	23	41	67	69	75	78	78	81	94	109	119	124	126	139	143	164	167	174	177	185	240	241	243	246	
0	1	9	10	33	38	40	43	47	59	64	66	81	82	94	96	103	117	122	134	134	138	154	168	174	180	210	225	226	242	
4	6	49	65	69	74	76	90	92	106	107	110	126	134	143	147	152	162	188	190	192	194	210	221	236	243	255	
45	50	50	50	54	55	77	98	99	101	108	116	120	138	166	173	191	199	199	209	210	221	226	229	237	243	243	245	251	
2	3	7	14	19	22	46	53	70	82	91	92	98	101	102	121	136	145	150	151	160	162	168	172	179	182	193	204	213	214	222	222	224	252	
10	15	27	32	33	39	41	64	129	150	159	181	188	201	206	209	211	212	221	226	235	238	251	
18	19	23	28	43	44	48	80	107	109	138	144	164	168	170	175	200	223	234	
3	22	27	28	45	56	63	68	83	90	91	91	92	94	100	105	108	113	116	123	134	138	171	191	254	255	
5	5	6	9	11	24	42	50	55	58	67	69	86	88	90	108	108	109	135	155	168	174	194	196	196	203	227	231	
14	20	21	36	39	61	86	122	125	150	152	164	170	188	189	194	197	205	226	241	245	
17	31	34	42	45	54	58	63	68	73	75	77	90	90	99	105	127	131	135	136	143	150	172	184	209	223	226	230	243	244	253	
11	14	18	45	47	50	61	63	75	77	88	90	93	102	104	148	149	154	158	165	171	184	196	199	204	207	207	228	232	238	
6	9	25	31	38	42	77	79	93	97	111	128	139	142	153	170	177	178	209	212	223	227	
13	16	25	35	40	72	72	76	91	108	123	123	135	142	153	157	164	177	204	209	220	234	242	251	254	
15	38	42	46	49	67	72	96	101	103	116	118	138	153	165	190	229	
3	14	17	26	33	62	90	91	111	112	114	114	114	118	125	133	138	169	173	174	196	199	213	239	242	
2	10	16	20	23	29	33	37	46	54	67	83	84	126	155	160	191	204	219	223	227	227	232	235	243	
10	13	40	47	48	72	73	94	101	104	105	127	152	152	171	176	179	186	188	206	208	215	217	224	230	234	235	245	250	
1	3	8	22	23	40	41	44	54	59	75	89	93	93	146	150	173	196	202	203	214	223	229	240	250	252	252	
6	17	18	23	23	33	38	44	44	72	75	90	93	113	117	127	146	150	151	155	161	162	203	204	205	206	224	227	238	
5	19	22	22	36	38	49	53	54	98	115	123	193	195	200	202	205	208	209	212	226	234	236	250	
9	13	13	30	36	37	50	64	65	72	94	100	121	122	131	151	176	179	181	199	205	209	217	228	238	246	247	
5	28	45	51	54	63	70	79	104	119	144	145	148	149	159	161	161	183	199	229	239	
19	20	23	24	39	43	44	55	60	63	71	74	97	98	99	101	103	103	124	125	127	149	150	195	199	211	219	221	235	239	248	
7	17	22	26	27	35	71	85	89	97	111	115	147	151	152	163	170	182	192	211	215	249	254	
7	17	62	72	79	85	86	92	100	102	111	117	162	164	166	171	172	173	175	183	184	193	195	204	207	219	236	242	243	252	
10	18	37	37	44	49	75	85	87	94	104	106	106	113	145	146	161	175	180	193	195	198	207	230	237	240	250	
15	19	20	21	29	31	85	86	87	105	107	109	117	119	137	147	154	158	159	160	166	174	177	181	197	197	212	222	232	233	245	
11	14	24	24	35	43	55	57	66	68	92	93	100	102	115	115	120	130	132	144	145	162	201	201	210	213	219	251	252	
0	4	5	12	19	29	51	76	86	93	106	126	133	140	145	169	175	184	186	187	217	229	254	255	
2	16	23	34	36	38	45	75	88	126	133	150	150	162	164	167	191	196	210	214	225	238	241	
6	14	19	29	61	63	69	156	179	188	193	208	228	240	251	
11	11	18	21	35	36	38	40	63	63	75	75	80	99	107	108	120	130	137	143	159	166	192	222	231	232	242	253	
4	7	12	28	35	41	41	43	58	131	135	194	204	222	241	252	
20	25	61	82	85	85	91	95	142	148	167	189	194	204	204	205	206	214	219	223	227	231	246	
5	10	23	29	32	44	46	62	68	69	79	92	98	108	115	134	144	147	186	197	225	233	243	255	
1	11	12	32	32	59	86	91	108	119	132	155	159	161	177	181	190	200	202	210	212	222	222	235	240	245	246	248	
6	17	17	23	39	40	50	84	87	88	105	133	134	135	140	147	156	212	217	222	233	
1	2	16	19	22	26	35	64	75	76	82	83	102	109	113	117	139	146	164	197	199	201	203	203	210	216	246	246	248	255	
2	13	14	15	30	48	54	59	80	81	86	97	101	116	124	132	155	159	163	169	183	192	194	197	201	206	229	230	241	248	
22	27	31	40	45	59	63	71	72	74	75	78	80	118	124	130	132	135	143	146	149	152	156	162	163	203	213	223	229	233	250	254	
1	12	48	62	63	72	72	74	76	90	92	93	99	101	107	115	141	143	149	151	166	198	200	203	212	215	216	229	235	237	240	241	255	
0	3	29	93	103	106	116	127	141	141	154	156	165	169	173	177	179	189	201	204	204	216	217	220	228	232	247	
18	28	32	43	43	45	54	57	68	98	98	104	110	127	128	128	129	134	137	158	160	166	170	174	206	207	208	212	249	
4	24	45	52	70	95	128	136	139	148	159	170	171	176	184	190	201	203	210	220	230	236	246	250	
6	33	39	54	68	77	80	88	90	91	110	115	123	128	134	140	149	166	166	173	192	220	222	228	229	
10	11	21	27	28	41	45	47	47	89	95	96	98	104	119	124	130	136	145	158	166	167	168	172	179	197	246	251	255	255	
2	17	26	27	50	52	66	69	89	89	96	104	119	126	139	148	173	175	181	188	189	191	200	220	233	234	237	252	
11	15	22	28	39	51	56	87	103	110	112	114	126	166	212	214	223	236	237	238	239	246	
27	46	67	67	70	71	79	109	109	122	149	149	160	164	169	172	184	185	186	189	189	205	207	230	240	
2	5	7	15	22	23	38	55	58	81	106	108	113	127	130	131	134	137	138	149	154	156	183	185	203	207	213	223	235	244	254	255	
7	23	24	40	41	42	51	54	69	76	84	85	85	121	151	155	181	181	187	188	192	211	214	223	
4	23	38	43	44	52	60	60	67	84	112	115	118	125	149	157	172	174	202	203	225	229	
5	6	10	45	55	79	89	97	97	99	124	130	131	138	140	147	168	178	181	182	205	227	235	236	
19	27	30	30	31	37	41	52	52	55	63	67	86	100	109	132	139	165	170	185	192	196	209	213	221	233	234	234	245	247	247	
7	13	14	36	64	66	74	93	112	123	136	140	159	174	175	190	193	194	228	234	238	239	253	
6	37	51	73	81	110	112	114	135	142	151	177	182	225	235	236	241	
12	18	21	24	32	65	84	86	98	98	116	118	143	144	155	158	165	168	171	179	195	204	208	213	214	221	227	238	
1	24	32	36	52	58	80	81	95	99	100	106	107	116	122	173	173	189	200	220	225	228	250	254	
7	18	22	33	46	55	56	63	77	82	90	106	115	117	131	156	171	187	194	194	202	213	218	231	233	245	
24	33	58	77	90	94	95	100	106	111	123	124	128	129	154	184	185	187	191	202	225	253	
56	57	60	63	76	90	94	102	109	121	138	153	154	157	163	167	171	190	
0	3	19	20	53	70	78	81	92	107	122	129	132	135	136	137	156	159	177	187	191	207	
0	9	12	13	65	82	83	95	97	102	107	127	138	150	153	168	177	187	194	230	233	242	253	
12	13	15	30	38	50	70	71	82	91	99	100	112	119	125	131	146	157	202	228	244	246	
37	68	69	79	96	110	119	123	124	139	146	155	156	168	176	192	193	197	198	219	233	
0	1	2	12	27	29	33	36	36	56	59	81	88	93	100	105	107	114	118	129	144	147	156	163	166	177	178	185	226	245	
8	34	52	72	80	81	83	87	91	93	113	120	122	133	137	145	145	160	184	186	219	221	224	224	227	229	253	
14	17	30	46	68	80	83	99	117	121	128	145	151	189	194	200	206	213	223	229	235	252	
1	19	24	31	39	62	102	114	148	162	163	182	185	215	221	223	224	226	
14	20	32	33	49	62	88	108	165	172	188	196	213	215	220	253	
2	3	21	34	57	71	75	84	90	92	126	126	133	144	145	164	164	180	187	195	199	199	225	227	247	248	
0	30	31	35	38	46	59	62	73	80	118	120	126	135	137	138	140	146	174	174	185	186	216	216	229	231	254	
11	14	22	40	43	54	83	90	95	118	122	127	136	138	148	153	165	165	174	192	197	249	
17	22	24	31	42	47	52	61	84	92	99	109	116	119	148	163	187	188	207	211	214	214	218	221	232	239	239	253	
22	30	31	38	39	46	56	60	87	129	130	131	136	138	153	168	176	179	185	207	211	221	229	241	
1	3	7	23	37	44	87	97	111	119	130	142	153	154	165	172	176	179	186	186	187	191	201	212	231	240	241	255	
2	4	15	29	36	45	54	62	65	79	81	97	122	122	125	140	152	157	167	176	186	187	190	239	241	
3	6	10	13	53	61	73	81	84	103	112	123	139	159	161	167	181	186	192	208	209	224	226	228	237	237	
3	6	8	27	50	65	98	116	121	135	172	175	200	209	210	211	216	220	231	234	240	251	
12	22	34	36	40	42	48	51	56	75	80	82	101	107	112	122	127	136	141	150	175	178	179	188	213	217	220	224	242	248	
5	11	15	20	21	39	43	51	57	65	71	72	80	82	87	119	120	121	128	151	156	187	202	204	208	214	216	244	251	
23	24	26	30	35	52	53	64	65	67	73	94	113	120	136	142	184	226	236	237	
58	64	68	78	81	84	95	111	112	116	117	124	128	132	141	146	151	175	202	211	222	224	225	226	233	234	
5	5	12	16	18	30	42	44	48	60	74	80	84	89	99	103	105	135	140	162	167	185	189	198	204	209	220	224	237	250	
1	5	7	40	47	51	52	61	73	79	79	86	87	103	106	119	119	123	135	136	144	146	149	186	188	197	215	232	233	239	255	
9	23	37	41	53	78	89	91	91	95	118	121	126	135	169	169	181	186	197	200	201	212	224	
30	42	60	76	83	89	94	95	100	119	120	142	174	176	176	185	197	203	206	222	231	246	
4	6	11	36	47	63	76	78	93	94	110	133	137	149	155	157	160	186	191	196	212	216	227	228	248	
2	32	55	68	73	123	125	126	132	158	182	199	212	220	236	239	246	
7	17	26	45	45	53	59	67	67	70	71	88	90	104	108	121	134	158	162	169	183	196	207	229	244	245	249	
8	17	30	46	50	52	69	86	87	140	156	176	210	222	237	242	
31	37	61	78	82	108	118	137	142	172	173	182	198	232	244	249	
6	16	20	24	27	29	35	40	43	44	45	45	47	57	66	66	79	95	129	140	153	154	170	170	170	171	181	185	188	194	205	231	236	241	
8	9	23	66	93	96	110	111	112	116	117	140	148	167	187	202	232	242	250	
9	12	21	25	27	37	43	49	61	70	73	74	75	96	115	121	123	131	167	172	175	188	205	208	213	218	237	
20	43	52	59	65	67	67	69	98	101	102	117	121	122	156	171	179	182	206	214	215	226	227	246	
5	8	9	29	29	68	72	93	113	116	123	131	135	143	159	159	159	176	178	181	188	207	236	238	241	247	249	253	
8	12	17	18	34	41	41	53	83	94	95	95	97	108	117	121	146	159	163	173	175	223	226	237	239	240	249	250	
1	2	17	31	41	45	56	68	108	110	125	178	186	192	201	207	208	211	215	217	225	230	234	234	243	253	
2	19	57	61	69	82	86	113	113	120	125	130	140	151	159	169	184	189	190	195	206	224	231	232	238	241	248	254	254	
7	11	28	38	57	58	71	86	87	106	112	119	157	176	183	185	200	200	216	217	217	231	236	247	249	
3	27	33	52	54	57	61	95	102	103	105	106	109	112	114	152	163	184	195	198	229	253	
16	18	35	39	40	41	48	61	63	77	83	88	105	108	112	123	124	139	142	144	153	171	178	180	227	249	254	255	
2	10	21	27	37	42	43	43	53	57	57	66	79	88	90	96	106	124	128	135	135	151	153	156	161	174	174	185	241	247	253	
9	13	26	29	35	39	49	50	63	64	71	93	130	143	159	203	209	214	220	222	230	235	242	244	245	254	255	
3	4	35	35	41	53	60	84	91	108	125	149	165	170	172	178	184	184	194	195	198	230	242	252	
22	27	28	31	57	62	86	92	117	124	124	125	126	127	133	138	140	154	186	210	222	226	233	236	237	249	
4	8	10	12	38	48	54	64	83	83	114	119	145	146	158	160	161	167	177	192	198	220	220	225	235	240	251	
0	5	7	8	13	13	34	42	44	58	65	73	85	105	123	127	202	234	247	
5	11	13	51	53	54	55	61	65	95	98	101	111	125	128	131	132	152	154	169	174	191	200	208	208	214	233	255	
7	17	17	32	37	66	71	72	88	89	101	110	111	127	131	145	150	151	213	226	231	239	
14	26	29	37	56	86	99	104	112	137	147	158	160	162	166	183	207	211	239	244	
19	30	33	38	55	62	62	75	77	92	96	133	133	143	147	147	153	162	190	195	202	250	
4	6	37	57	57	60	88	92	111	114	132	149	169	183	190	204	205	206	219	225	239	244	
32	33	44	51	59	61	73	78	79	85	88	102	123	145	184	191	206	217	218	219	
3	13	30	59	61	62	64	77	99	105	110	148	162	180	198	201	210	210	238	241	251	252	
3	8	16	30	32	39	43	54	67	75	94	104	109	121	123	139	140	165	173	182	184	197	227	254	
12	13	23	63	75	76	94	113	119	125	133	138	141	150	165	168	173	174	176	177	185	186	219	221	243	
11	16	16	24	28	30	32	44	61	62	64	76	78	78	91	91	96	104	139	154	157	175	183	184	191	195	202	216	218	219	243	
1	16	21	30	54	63	77	84	86	96	103	120	128	129	130	140	144	158	180	181	189	191	193	219	230	232	240	252	
27	37	39	43	53	69	73	77	83	89	100	120	123	126	134	148	164	171	182	194	195	209	210	211	224	234	248	
6	25	33	44	58	71	76	84	92	100	169	179	183	187	187	188	213	225	237	249	
1	28	34	52	55	72	76	85	98	103	109	121	134	137	138	140	153	163	172	186	198	199	201	231	243	246	249	
8	18	27	32	33	36	54	58	58	60	68	83	139	144	150	158	168	168	172	177	190	194	200	214	223	224	232	236	248	
9	9	31	34	53	62	69	72	73	80	81	158	167	172	173	177	182	183	183	187	190	191	196	206	216	218	219	242	249	251	
2	5	8	16	21	43	52	66	66	83	87	107	107	117	130	132	142	147	161	163	171	178	181	206	209	209	215	216	237	247	248	250	
5	14	22	22	26	27	34	76	79	80	85	86	90	107	131	142	152	164	178	180	189	204	214	242	
7	8	40	45	48	53	55	56	70	107	114	125	163	193	201	202	204	217	218	232	232	240	244	245	
19	39	41	43	53	74	74	99	105	108	119	123	139	143	176	185	196	196	210	237	
18	89	99	100	104	108	140	145	146	148	155	164	179	179	189	194	196	209	226	248	251	252	
10	25	29	35	37	52	62	66	129	133	188	190	200	205	247	254	
11	27	28	28	46	90	95	97	103	111	120	122	130	134	139	144	147	153	154	159	180	203	210	220	221	229	
0	9	30	64	65	73	81	82	86	89	97	97	110	124	130	160	183	193	199	203	213	216	223	252	253	
1	2	4	6	14	15	34	42	67	69	82	87	96	96	100	118	127	135	135	168	191	193	205	233	235	244	251	252	
21	24	25	41	59	62	71	97	119	137	156	160	172	181	188	199	219	222	
20	28	46	46	48	53	59	65	79	86	89	91	137	150	150	151	152	162	180	197	215	220	233	241	
26	32	56	85	98	112	118	120	121	122	137	140	177	199	201	219	
14	22	29	41	49	49	50	62	74	78	90	92	111	140	150	182	183	220	233	233	243	
12	15	27	53	54	57	74	82	113	127	132	143	145	149	155	155	174	190	206	213	215	237	239	253	254	
3	11	26	32	70	80	83	114	116	129	141	142	153	213	224	253	254	
0	11	23	23	49	51	71	74	82	160	163	194	198	214	231	233	241	243	249	252	
12	14	25	30	33	33	59	64	96	124	132	169	174	181	188	193	194	197	202	209	211	218	218	224	229	230	247	252	
3	4	10	13	15	16	19	85	91	100	113	115	128	128	134	136	139	148	155	161	169	173	200	217	239	
3	19	36	38	48	51	53	72	89	93	104	110	126	153	162	180	181	218	219	220	221	
9	15	17	18	43	53	53	70	74	90	109	137	139	153	157	183	192	224	236	246	248	249	250	
0	0	0	3	39	68	68	78	92	101	104	120	131	137	139	145	164	181	184	186	203	208	212	216	225	248	249	254	
19	28	34	55	56	75	76	77	77	79	80	114	125	131	146	153	160	188	212	216	230	232	236	237	249	253	
2	25	31	35	37	49	72	85	95	105	127	132	141	142	175	192	196	205	206	209	217	225	241	244	247	247	
