26.475	0
26.575	0
26.625	0
27.3	4
27.525	2
28.6	6
28.6	8
39.925	8
43.05	86
43.375	86
46.175	12
46.625	4
46.625	16
46.675	0
48.025	16
48.075	14
49.2	16
49.3	14
51.725	4
51.8	4
52.475	0
52.5	12
52.6	12
52.75	0
52.975	0
53.35	10
53.625	12
54.05	14
54.625	10
54.8	8
55	2
55.075	6
55.25	16
55.35	86
55.425	16
55.525	86
56.6	86
57.9	6
58.35	16
65.125	18
66.15	16
66.25	16
66.325	16
66.525	12
66.8	6
66.875	8
67.325	2
67.7	14
67.925	18
70.025	0
70.25	0
70.9	0
72.175	10
72.375	4
72.8	12
72.925	12
73.05	18
73.1	18
73.7	18
73.9	6
74.325	16
74.875	6
75.725	16
76.95	10
77.6	10
81.325	2
81.5	2
81.7	18
81.85	0
82.05	8
82.075	86
82.2	14
82.225	8
82.25	10
84.375	8
84.375	12
84.475	8
84.65	6
85.4	82
85.425	12
87.525	6
88.05	6
88.125	6
88.275	16
88.425	18
88.675	18
88.75	12
88.925	14
89.25	0
89.25	86
89.3	86
89.4	0
89.4	86
89.675	16
94.4	10
94.575	10
95.075	14
95.225	4
95.525	18
95.575	10
95.575	18
95.75	14
95.85	2
96.05	14
96.075	86
96.1	12
96.175	86
96.575	10
96.95	2
96.975	12
97.025	4
101.275	18
103.05	14
103.325	14
103.475	18
104.1	2
104.825	12
106.65	6
107.375	14
107.85	6
108.85	14
109.175	10
110.325	10
110.375	14
110.775	16
110.875	16
111.025	0
111.05	86
111.125	86
111.15	18
111.325	4
112.4	12
112.5	4
112.75	0
113.8	2
114.7	10
114.925	2
115.025	10
121	18
123.25	4
123.35	12
123.925	14
124.35	0
125.275	18
125.825	6
125.9	0
126.2	16
127.275	16
127.7	18
128.05	0
128.35	8
128.375	10
128.675	82
128.75	82
128.825	2
130.05	8
130.475	12
130.725	12
131.25	78
131.35	18
131.85	82
132.6	14
133.7	38
134.275	4
134.975	0
135.125	0
135.4	38
135.575	38
139.525	2
139.85	18
140.225	8
140.3	82
140.6	0
140.75	14
140.825	14
140.925	38
140.95	2
141.025	10
141.15	2
141.2	78
141.375	2
141.65	4
141.675	18
142.075	10
142.15	10
142.325	4
143	78
143.25	78
143.9	4
146.65	4
146.825	18
147.475	38
147.875	82
148.175	78
149.95	6
150.075	14
150.525	10
151	6
151.05	6
151.15	16
152.1	18
152.15	18
156.3	2
156.6	0
156.675	0
157	10
157.425	38
157.65	82
157.8	78
157.85	78
157.925	14
158.075	10
159.325	4
159.9	78
160.05	18
162.225	12
162.75	8
162.875	8
163.35	10
166.9	16
167.45	18
167.65	14
168.175	78
168.8	10
169	78
169.95	12
170	12
170.425	8
170.575	6
171.025	82
172.55	78
173.625	2
173.85	36
174.15	18
174.2	18
174.75	14
175.25	36
175.375	18
175.425	10
175.425	78
175.525	36
176.25	10
176.5	12
176.65	12
177.125	8
177.4	4
177.525	4
177.525	12
177.6	82
177.975	12
178.825	12
178.95	4
178.975	38
179.025	38
179.125	38
179.15	82
180.7	82
180.75	14
181.025	78
181.15	4
181.375	18
181.55	4
182.025	2
182.275	18
183.05	2
185.4	8
185.675	78
185.825	10
185.85	82
186.075	2
186.55	12
186.9	4
187.025	4
187.1	82
187.375	18
187.65	18
188.125	14
188.95	16
189.075	16
189.5	8
191.575	6
192.075	4
192.6	16
192.65	16
193.45	16
199.675	12
199.725	18
199.95	12
200.125	8
200.375	2
200.5	0
200.575	2
200.775	14
201.15	12
201.35	8
201.75	2
201.925	8
202.325	0
202.85	0
203.525	38
203.75	20
203.95	78
204.225	4
204.325	82
205.475	38
205.55	78
205.95	10
205.975	16
206.075	16
206.1	18
207.15	16
207.3	16
207.55	10
208.325	6
208.45	16
209.3	8
209.525	10
209.675	6
210	8
210.275	10
210.375	8
210.675	8
210.775	82
210.85	8
211.65	0
212.15	82
212.225	6
212.55	36
213.825	36
214.25	36
214.525	16
214.775	16
215.475	16
217.3	92
217.45	16
220.6	2
220.9	18
220.95	18
221	18
221.075	0
221.125	82
221.275	92
221.525	8
221.75	6
221.75	82
221.875	16
221.95	38
222	20
222.075	16
222.075	20
222.15	36
222.475	82
222.575	6
222.8	4
223.2	38
224.45	10
228.275	14
228.7	78
228.875	18
229.05	82
229.05	92
229.65	4
229.8	6
230.075	36
230.225	82
231.025	14
232.825	52
232.95	52
233	12
233.425	8
233.55	8
233.85	10
234.05	20
234.875	14
239.45	4
239.8	36
240.15	92
240.325	8
240.35	4
240.7	12
240.775	12
240.8	20
240.875	82
241.025	14
241.375	36
241.7	2
242.025	18
242.425	6
242.525	52
242.525	82
242.65	82
243.025	4
243.025	18
243.875	2
243.975	0
244.15	0
244.825	10
245.3	38
245.45	20
245.45	78
245.625	78
245.675	78
245.825	52
245.925	52
245.975	20
246.125	82
246.475	8
246.6	16
246.825	16
246.9	16
247.05	78
247.725	18
247.8	16
248.3	16
256.8	92
256.875	0
256.95	0
257.825	20
257.875	8
257.975	92
258.05	10
258.175	10
258.225	0
258.25	2
258.575	52
258.65	16
258.725	16
258.95	18
259.6	52
260.3	52
260.475	20
263.125	4
264.1	6
264.15	0
264.25	16
264.525	16
264.725	18
265.1	14
265.5	78
265.65	92
266.05	52
266.325	2
266.4	18
266.4	58
266.425	52
266.45	20
267.35	78
267.425	2
267.95	52
269.2	20
269.325	0
270.525	0
270.725	92
270.8	82
270.8	92
271.125	82
271.2	82
273.275	10
274.375	92
274.65	18
275.05	58
276.3	58
279.85	18
280.1	50
280.2	50
280.575	0
280.625	58
280.725	52
280.9	92
281.025	20
281.45	2
281.525	50
282	0
282.225	10
282.225	92
282.925	52
283.5	20
283.525	58
283.65	16
283.675	18
283.9	6
284.275	10
284.475	4
284.625	16
285.225	14
285.575	78
285.65	4
290.475	0
291.35	4
291.925	0
295.175	14
295.325	52
295.5	6
295.5	78
295.625	4
295.625	18
295.65	20
295.675	16
295.825	16
295.925	12
295.95	58
296.15	4
296.25	8
296.525	10
296.575	82
296.7	16
296.75	12
296.85	78
297.075	2
297.325	10
298	82
298.075	16
298.475	92
298.7	10
300.575	50
301.425	0
301.55	4
302	92
302.725	50
302.975	14
303.05	50
303.4	18
303.475	18
303.5	78
303.8	58
303.85	50
303.95	16
304.15	14
304.225	14
304.25	92
304.5	78
305.05	16
305.225	18
309.175	12
309.875	50
310.05	78
310.65	92
310.7	10
311.425	16
313.25	76
317.125	44
321.925	2
322	14
322.125	78
322.2	16
322.25	18
322.275	50
322.275	92
322.3	0
322.375	58
322.725	78
322.85	6
322.85	76
323.1	20
323.25	0
323.25	10
323.4	4
323.475	8
323.65	78
323.675	82
323.825	12
323.85	78
324.05	14
324.3	14
324.5	10
324.525	20
324.65	82
324.65	92
325.125	0
325.525	50
325.8	20
327.4	8
327.55	8
327.75	20
328.325	8
329.25	82
329.375	14
331.475	66
332.125	50
334.675	4
334.75	76
335	4
335.025	8
335.1	0
335.55	82
335.875	76
338.625	44
339	14
339.075	66
339.25	6
339.45	4
339.85	16
340.125	50
340.625	44
341.2	16
341.825	50
342.175	2
342.325	92
342.35	18
342.45	18
342.5	18
342.55	0
342.625	14
342.65	4
342.675	0
342.85	82
342.9	82
343.75	68
343.8	68
344.3	18
345.575	68
345.925	82
346.425	82
346.475	20
346.675	8
346.675	50
347.1	4
347.125	50
347.175	4
347.2	76
347.325	76
347.475	76
347.55	58
347.675	14
347.925	0
348	6
348.075	4
348.475	16
348.525	16
348.675	10
348.7	68
349.05	8
349.2	68
349.65	10
349.9	92
350.05	10
350.9	92
351.2	92
351.35	6
352.325	6
352.5	6
352.575	16
352.6	6
352.7	6
356.925	78
357.3	92
357.35	4
357.375	76
357.75	8
357.825	82
357.875	10
357.9	14
357.95	4
358.225	6
358.4	18
358.475	18
358.875	58
358.9	14
358.95	0
359.175	8
359.575	18
360.475	6
360.5	0
362.175	16
363.025	2
363.375	50
363.55	16
363.6	92
363.9	68
363.95	10
364	10
364.6	14
364.65	18
364.725	14
364.8	82
364.9	10
365.15	68
366.1	76
366.875	6
367.325	76
367.875	6
368.825	4
369.575	0
370.05	92
370.9	76
371.85	10
371.95	10
372.8	76
372.8	82
372.85	10
372.95	10
373.175	14
373.65	82
378.175	92
378.475	92
378.675	0
379.225	8
379.3	8
379.375	8
379.475	76
379.525	4
379.6	10
379.675	82
379.95	0
380.325	4
380.675	14
381.55	14
381.725	14
381.85	6
381.925	14
381.975	14
382.075	14
382.225	16
382.575	2
382.725	6
382.775	18
386.45	4
386.45	76
386.825	8
387.2	10
387.25	82
387.6	8
387.625	76
387.775	82
388.625	82
388.9	82
391.775	12
391.8	92
392.1	66
392.1	78
392.15	66
392.4	68
392.475	18
392.55	4
392.625	0
392.7	76
392.775	76
392.8	14
392.825	76
392.85	14
392.975	18
393.7	78
393.775	78
393.9	78
394.425	4
394.525	92
394.85	92
396.4	18
401.75	6
402.225	92
402.25	0
402.275	66
402.45	8
402.575	82
402.725	2
402.775	4
402.8	10
402.9	68
403	18
403.1	2
403.25	22
403.375	18
403.475	18
403.775	18
403.875	4
404.025	82
404.175	18
405.25	16
408.275	10
409.5	10
409.55	10
409.6	10
410.125	14
410.125	82
410.4	78
410.55	78
410.575	4
410.675	18
411.175	0
411.575	18
411.65	92
411.875	34
412.475	0
412.6	92
416.225	2
417	18
417.05	18
417.075	2
417.3	2
417.3	10
417.3	18
417.575	82
417.6	14
417.625	8
417.625	22
417.725	0
417.75	4
417.85	92
418.325	78
418.425	8
418.675	82
418.75	82
418.875	14
418.95	8
419	0
419.1	14
419.425	58
420.05	6
420.375	16
420.5	14
420.5	18
420.75	58
421.325	6
421.325	58
421.425	6
421.775	16
422	16
423.275	18
427.825	14
427.875	14
428.05	4
428.325	18
429.05	0
430.075	0
430.225	0
430.825	10
431.05	38
431.175	78
431.2	82
431.4	20
431.675	14
431.8	8
432.125	58
432.475	52
432.7	6
432.925	82
433.025	10
433.125	20
433.75	82
435.025	92
436.3	92
436.9	10
438.325	82
439.175	0
439.225	0
439.3	52
439.65	2
439.725	18
439.825	2
439.9	22
439.95	4
440.175	58
440.225	4
440.275	8
440.275	14
440.375	10
440.475	92
440.55	6
440.625	58
440.675	6
441.675	10
442.175	22
442.225	66
442.35	4
442.375	8
442.4	16
442.45	16
442.525	18
442.675	68
442.7	22
442.775	18
443.025	76
443.225	2
443.225	78
443.35	50
443.35	78
443.725	18
443.975	38
444.125	20
444.2	6
444.375	4
444.45	14
444.55	16
444.625	78
444.675	16
444.7	50
444.8	50
444.975	58
445.1	18
445.35	82
445.4	82
445.525	82
445.575	20
445.65	20
445.75	20
446.05	58
447.75	22
448.45	4
448.825	2
448.975	22
449.275	92
449.475	8
449.55	50
449.575	76
449.6	58
449.675	8
449.8	20
450.025	82
450.225	38
450.5	14
450.575	66
450.6	58
450.65	18
450.75	14
450.875	18
451.225	10
451.3	16
451.35	14
451.4	6
451.45	76
451.55	4
451.6	50
451.65	4
451.8	18
451.925	58
452.1	6
452.2	4
452.65	76
458.9	50
459.05	52
459.125	20
459.125	52
459.15	10
459.175	8
459.425	8
459.425	76
459.45	18
459.45	22
459.575	82
459.625	14
459.65	92
459.675	6
459.7	16
459.875	16
460.025	2
460.275	4
460.6	6
460.65	76
461.15	52
461.55	38
462.8	10
462.975	10
462.975	38
463.85	94
464.5	52
465.05	94
465.1	94
465.175	94
467.25	12
467.425	24
467.575	78
467.6	66
467.925	4
467.975	92
468	82
468.05	82
468.075	2
468.075	8
468.175	66
468.175	92
468.425	6
468.475	22
468.6	76
468.675	16
468.875	50
468.9	82
468.925	20
469.075	10
469.125	4
469.275	76
469.475	76
469.55	16
470.05	76
470.075	78
470.15	10
470.2	50
470.225	24
470.375	94
470.4	20
470.425	4
473.6	58
474.05	38
474.3	6
474.35	6
474.525	78
474.575	20
474.6	82
474.8	58
474.875	4
474.875	16
474.925	92
474.975	92
475.05	24
475.125	94
475.2	50
475.3	50
475.325	22
475.325	66
475.5	18
475.6	16
475.675	18
475.775	20
475.775	24
475.775	52
475.85	24
476.025	16
476.125	76
477.825	4
477.95	4
478.575	18
479.475	58
480.025	58
480.225	38
480.575	14
480.65	24
480.7	18
480.7	78
480.7	82
480.925	20
480.975	6
481.075	42
481.2	82
481.25	78
481.3	92
481.4	76
481.5	16
481.55	94
481.775	20
481.775	50
481.775	82
481.85	52
482	18
482.125	22
482.15	10
482.175	78
482.275	20
482.75	24
483.175	66
483.2	24
483.3	4
483.45	52
483.525	52
483.975	20
487.975	56
489.625	18
489.625	50
489.775	18
489.975	18
490	22
490.025	42
490.15	92
490.325	76
490.35	14
490.375	52
490.475	4
490.475	38
490.475	56
490.5	6
490.5	78
490.5	94
490.675	24
490.675	82
490.725	20
490.8	82
490.875	82
491.05	16
491.15	16
491.2	14
491.2	16
491.5	58
491.525	38
491.95	78
492.05	78
492.075	20
492.375	38
493.225	92
493.85	78
494.35	10
495.425	10
495.925	76
497.325	6
497.525	4
497.525	30
497.525	56
497.8	16
498.05	92
498.275	18
498.375	18
498.425	58
498.575	58
498.625	6
498.625	94
498.875	38
499.225	92
499.3	78
499.375	76
499.45	50
499.475	32
499.65	22
499.75	94
499.95	52
499.975	20
500.05	52
500.35	18
500.35	42
500.6	38
500.75	20
501.05	6
501.525	42
501.925	32
502.4	52
502.6	52
503.3	52
503.325	14
504.8	74
507.525	82
507.6	16
507.95	52
508.1	18
508.125	42
508.25	12
508.375	66
508.425	8
508.425	94
508.475	4
508.5	32
508.575	78
508.675	6
508.775	8
508.8	20
508.875	58
508.9	66
509	66
509.1	2
509.15	12
509.3	8
509.3	10
509.3	50
509.35	22
509.35	92
509.4	38
509.825	76
509.95	2
510.2	24
510.275	10
510.675	2
511.65	24
512.15	38
512.2	82
514.7	86
515.7	86
516.5	76
516.725	2
516.825	22
516.875	10
517	50
517.025	52
517.15	18
517.2	32
517.275	18
517.3	4
517.425	66
517.45	82
517.5	20
517.5	94
517.7	8
517.8	58
518	14
518	50
518.05	22
518.125	18
518.125	50
518.15	32
518.275	6
518.275	18
518.35	82
518.375	78
518.425	24
518.45	18
518.525	2
518.775	14
518.775	92
518.825	20
519.25	58
519.8	32
519.975	92
520.275	20
520.3	4
522.8	4
526.45	14
527.325	86
527.475	18
527.55	18
528.3	18
528.375	6
528.775	78
528.875	32
529.05	20
529.1	4
529.325	92
529.55	76
529.6	6
529.675	76
529.85	2
529.875	6
529.875	94
530.2	20
530.225	76
530.25	4
530.675	66
530.725	18
530.775	66
531.775	82
531.975	14
532.1	14
532.225	24
532.55	16
532.95	18
532.95	42
533.025	42
533.075	6
533.25	32
533.25	38
533.375	78
533.725	16
533.8	16
533.875	14
534.15	4
534.275	66
534.85	38
535.1	38
535.225	38
535.675	38
536.25	4
537.3	94
537.375	76
538.05	66
538.175	4
538.525	76
538.625	42
538.75	38
539	32
539.025	78
539.2	32
539.25	92
539.4	78
539.575	78
539.625	30
539.65	78
540.25	18
540.65	66
540.9	86
540.95	16
541.25	6
541.825	24
542.175	16
542.5	32
542.925	30
543.075	30
547.025	14
547.15	24
547.6	78
547.85	66
547.925	4
547.975	66
548	76
548.15	32
548.25	76
548.3	38
548.525	32
548.85	18
548.85	38
548.85	76
548.9	30
548.975	76
549.075	78
549.1	76
549.225	66
549.525	66
549.65	42
549.725	38
549.725	92
549.8	32
550.375	6
550.625	38
550.825	32
550.95	6
551.025	6
551.025	42
551.175	32
551.225	6
551.275	42
552.475	32
553.075	32
553.325	32
553.35	12
553.85	16
553.875	78
553.9	8
554	16
554.05	18
554.05	66
554.075	2
554.125	86
554.175	18
554.25	24
554.25	82
554.4	4
554.425	24
554.525	20
554.9	76
555.025	4
555.325	42
555.35	12
555.425	2
555.525	82
555.625	24
555.825	12
555.825	18
555.825	78
555.875	8
556.325	38
556.625	24
556.775	78
557.05	32
557.15	38
557.275	14
557.4	14
564.975	14
565.125	18
565.6	18
565.85	82
566	82
567.4	18
567.45	4
567.5	8
567.525	76
567.55	8
567.6	12
567.625	24
567.65	76
567.775	66
567.825	24
567.9	2
567.95	20
567.975	78
568.075	38
568.075	42
568.125	8
568.25	18
568.25	86
568.3	32
568.425	92
568.525	14
568.6	16
568.65	92
568.825	14
568.975	66
569.225	18
569.25	24
569.325	38
569.375	18
569.475	32
569.475	38
569.475	78
569.525	42
569.6	32
569.675	32
569.75	8
569.75	86
569.925	18
569.925	86
570.725	64
571.75	32
577.125	18
577.125	90
577.5	0
577.725	38
577.825	4
577.825	24
578.025	8
578.175	14
578.2	64
578.2	66
578.3	90
578.3	92
578.4	8
578.975	76
579.025	24
579.025	76
579.075	32
579.2	32
579.2	92
579.225	2
579.425	18
579.425	64
579.5	18
579.55	86
579.6	92
579.75	82
579.9	24
580.05	4
580.25	8
580.625	4
584.025	28
584.225	28
587.75	28
588.175	28
588.65	4
591	2
591.1	14
591.15	18
591.325	18
591.325	64
591.325	86
591.375	0
591.475	24
591.5	0
591.55	24
591.6	82
591.9	82
591.95	76
592.45	82
592.775	64
593.2	76
593.275	24
593.4	76
594.1	12
594.45	66
594.5	78
594.625	4
594.75	8
594.9	4
594.9	8
594.925	92
594.95	28
595.075	8
595.075	32
595.125	64
595.3	16
595.35	16
595.4	8
596.1	78
596.3	78
596.4	16
596.625	66
596.8	16
597.85	16
599.15	38
600.1	14
600.325	0
600.35	78
600.425	18
600.475	24
600.525	0
600.55	64
600.575	12
600.675	78
600.7	92
600.725	76
600.95	2
600.95	4
601	4
601.025	24
601.125	14
601.175	86
601.25	66
601.35	18
601.425	18
601.475	28
601.7	2
601.7	32
601.725	78
601.875	4
602.1	24
602.15	28
602.325	12
602.45	66
602.525	32
602.925	86
602.975	24
603.325	32
609.625	2
609.75	64
610.15	82
610.325	86
610.7	2
610.85	2
613.9	12
614.2	16
614.225	66
614.375	14
614.5	18
614.55	32
614.65	86
614.725	28
614.775	24
614.8	86
614.9	24
614.925	86
614.95	24
615.4	16
615.5	38
615.65	92
615.675	32
615.85	78
616.075	12
616.3	66
616.325	4
616.75	6
616.8	14
616.825	64
616.9	14
617.025	94
617.225	24
617.5	2
617.875	78
617.95	4
618.05	94
618.125	78
620.575	24
620.7	6
620.75	28
621.075	24
621.45	4
621.675	2
624.45	14
624.975	78
625.6	4
625.75	94
625.825	94
626.1	2
626.925	14
627.2	14
628.85	12
628.9	92
629	78
629.225	66
629.375	14
629.975	12
630.325	24
630.4	12
630.45	12
630.45	16
630.925	82
630.975	94
631.175	28
632.3	28
635.225	0
635.225	18
635.35	22
635.45	38
635.45	78
635.5	22
635.575	14
635.625	92
635.7	78
635.7	92
635.725	30
635.75	24
635.8	2
635.9	78
636	6
636.05	4
636.075	2
636.175	76
636.425	66
636.7	16
636.8	16
636.875	78
637.125	2
637.3	92
637.325	8
637.8	12
637.825	6
637.975	12
638.025	76
642.7	4
643.15	14
643.325	18
643.45	94
643.525	66
643.625	78
643.675	14
643.825	94
643.9	28
643.95	76
643.95	92
644	94
644.025	8
644.05	92
644.1	82
644.2	6
644.2	94
644.325	2
644.375	12
644.375	16
644.375	66
644.625	22
644.875	82
644.9	16
644.95	30
645.075	16
645.075	30
645.2	8
645.85	2
646.525	8
647.275	8
647.5	30
649.95	22
649.95	80
650.35	92
650.75	2
650.75	18
651.025	22
651.15	94
651.925	14
652.725	82
654.65	94
656.375	16
656.75	30
657.025	18
657.7	18
657.8	14
657.85	18
659.5	16
661.025	4
661.15	4
661.325	12
661.475	12
661.675	8
661.825	76
661.85	18
661.85	66
661.9	28
661.9	82
661.9	92
661.925	94
662	22
662	28
662.15	30
662.175	2
662.2	6
662.2	12
662.2	94
662.25	82
662.275	22
662.35	80
662.425	4
662.475	4
662.825	30
663.025	66
663.075	82
663.125	82
663.15	30
663.3	18
663.325	8
663.6	28
663.775	28
663.875	30
664.3	2
664.7	80
664.75	6
665.025	28
666.025	14
671.65	4
671.85	66
672.175	8
672.275	76
672.375	94
672.45	28
672.7	2
672.775	6
672.825	6
672.825	18
673	80
673.05	30
673.275	16
673.5	30
673.6	14
673.8	28
674.075	76
674.275	28
674.275	30
674.425	2
675.025	10
675.25	2
675.45	24
675.575	32
675.725	92
675.85	8
676.175	12
676.225	12
676.5	94
676.925	2
677.175	8
677.25	20
677.35	50
677.35	92
677.4	10
677.4	50
677.425	0
677.625	42
677.75	78
678.075	12
678.225	4
678.275	38
678.325	8
678.55	82
678.8	16
678.85	74
678.85	76
678.9	16
679.375	20
679.6	78
679.625	16
680	30
680.1	64
680.5	60
680.575	60
680.85	2
683.825	92
683.925	42
684.025	12
684.05	42
684.075	6
684.1	4
684.15	8
684.275	76
684.325	78
684.35	0
684.425	24
684.45	8
684.6	74
684.7	20
684.85	8
684.95	82
685.025	2
685.125	14
685.25	12
685.325	30
685.5	78
685.55	24
685.55	76
685.575	2
685.625	12
685.725	20
685.8	66
686	14
686.25	20
686.35	6
686.475	6
686.6	78
687.175	76
687.775	76
694.075	76
694.625	82
694.775	82
696.275	94
696.625	6
696.725	14
696.825	6
696.95	32
697.25	8
697.25	78
697.425	38
697.65	16
697.675	94
697.7	80
697.75	80
697.775	20
697.8	74
697.925	20
697.975	0
697.975	20
698.05	66
698.075	42
698.15	50
698.175	12
698.25	50
698.3	32
698.525	64
698.575	92
698.6	4
698.6	16
698.6	64
698.675	2
698.775	64
699.125	66
699.15	82
699.425	18
699.5	80
699.6	50
699.85	2
699.95	18
700.45	6
700.675	50
701.275	6
703.75	76
703.95	94
704.7	38
704.825	94
705.175	82
705.3	4
705.3	20
705.525	0
705.725	92
705.775	0
705.875	0
706.1	66
706.125	38
706.3	2
706.35	2
706.5	50
706.55	64
707.325	76
707.7	92
708.775	16
708.85	18
708.85	32
708.875	60
709	94
709.025	18
709.325	92
709.375	20
709.375	42
709.4	94
709.425	92
709.575	42
709.7	92
709.725	74
709.8	74
710.125	16
710.25	0
710.3	66
710.325	42
710.425	66
710.8	16
710.9	16
710.95	32
711.025	74
711.15	32
711.4	74
711.45	94
711.55	4
711.675	32
711.8	18
711.875	82
711.95	94
713.425	6
713.925	4
714.05	0
714.125	6
714.45	92
714.625	20
715.35	60
715.825	74
716.2	82
716.6	82
717.425	4
717.475	82
717.525	38
717.675	76
717.75	14
717.8	94
717.875	78
717.875	82
718.05	18
718.1	74
718.225	0
718.225	74
718.425	18
718.425	64
718.45	2
718.525	32
718.725	38
718.725	94
718.95	6
719	76
719.125	42
719.15	16
719.275	64
719.3	38
719.325	64
719.475	4
719.55	66
719.65	64
720.075	16
723.325	82
724.25	38
724.4	38
725.025	76
725.075	4
725.3	76
725.5	0
725.7	18
725.925	92
726.025	2
726.175	78
726.175	82
726.2	76
726.275	50
726.3	82
726.35	82
726.375	50
726.425	18
726.55	6
726.575	64
726.625	42
726.625	64
726.75	38
726.875	38
726.9	74
727.4	50
727.425	0
727.575	50
727.875	66
728.275	4
728.4	92
728.45	66
729.375	74
729.45	66
729.525	66
733.525	76
733.575	76
734.4	14
734.5	38
734.625	92
734.65	50
734.7	0
734.75	18
734.8	78
734.825	4
734.85	64
734.85	82
735.1	74
735.175	76
735.375	42
735.475	6
735.6	66
735.95	50
736.3	82
736.6	4
736.975	14
737.15	74
741.05	16
741.525	60
741.65	18
741.975	42
742.25	0
742.375	74
742.45	78
742.75	76
742.85	6
742.925	4
742.925	18
742.925	78
743	14
743.8	76
744.65	6
746	92
746.05	92
746.225	2
746.75	50
746.775	64
746.85	64
746.925	64
747.1	0
747.65	76
747.9	0
747.925	6
748.15	6
748.225	76
748.3	78
748.6	2
750.9	32
750.975	14
751.35	38
751.5	78
751.625	78
751.7	82
751.775	82
752.125	70
752.3	32
752.525	76
752.55	62
752.6	70
752.675	38
752.8	2
752.8	38
752.8	78
752.85	18
752.925	50
753.35	64
753.475	0
753.65	2
753.925	18
754.05	6
754.05	18
754.75	50
755.225	6
755.275	42
755.55	74
755.625	32
755.625	92
756.3	38
756.4	24
756.425	80
756.65	10
756.725	6
756.925	42
756.975	42
757	92
757.35	24
757.4	10
757.55	94
757.675	94
757.825	76
757.85	10
758.025	10
758.225	24
758.7	10
758.9	2
759.425	64
759.55	64
759.6	82
759.725	92
759.75	64
760.15	16
760.475	18
761.25	18
761.4	82
761.75	18
762.35	82
762.55	18
763.325	82
763.725	4
763.9	4
764.125	0
764.25	64
764.325	50
764.425	24
764.45	42
764.5	76
764.575	94
764.6	18
764.65	4
764.65	74
764.7	50
764.75	4
764.75	92
764.8	2
764.8	92
764.975	6
765	94
765.075	14
765.075	38
765.2	50
765.4	78
765.5	92
765.65	32
765.675	0
765.675	4
765.725	2
765.775	16
765.8	38
765.9	74
766.125	14
766.25	16
766.375	14
766.525	14
766.55	78
766.575	14
766.625	32
766.65	78
766.75	16
766.875	32
766.9	42
767.025	24
767.05	32
767.375	76
767.45	76
767.5	6
767.875	4
768.475	78
768.55	94
770	32
774.2	18
774.75	94
774.825	94
775.75	94
776	94
776.45	64
776.825	82
776.85	2
777.15	18
777.275	76
777.375	76
777.575	24
777.6	4
777.75	14
778.175	6
778.175	64
778.325	42
778.375	32
778.4	18
778.4	78
778.425	92
778.5	64
778.525	2
778.55	94
778.575	18
778.875	76
780.925	12
781.05	78
781.15	66
781.35	2
781.375	6
781.425	6
781.5	32
781.525	60
781.575	6
781.6	78
781.675	0
781.9	16
782.325	50
782.65	76
782.7	12
782.9	60
783.075	60
783.2	2
783.3	2
783.525	94
784.15	42
784.175	76
784.55	2
784.675	32
784.725	74
785.2	50
785.45	14
786.25	18
786.55	24
786.675	6
786.8	42
786.875	24
786.95	66
787.025	18
787.075	64
787.15	74
787.25	82
787.3	14
787.475	4
787.775	42
788	12
788.025	76
788.2	12
788.475	66
788.575	42
788.675	50
789	32
789.125	74
789.225	42
789.275	74
789.35	92
789.575	6
789.675	14
789.9	78
791.15	94
791.225	60
791.35	14
791.675	76
791.875	18
793.125	18
799.15	12
799.65	78
800.05	4
800.075	24
800.275	16
800.4	18
800.5	50
800.525	0
800.55	64
800.575	0
800.575	42
800.6	60
800.625	92
800.65	6
800.65	74
800.725	16
800.775	32
800.775	92
800.8	82
800.825	26
800.825	32
800.825	76
800.875	2
801.1	14
801.425	42
801.475	50
801.55	8
801.625	8
801.625	16
801.7	42
801.725	20
801.85	20
801.875	0
802.15	50
802.3	74
802.4	16
802.55	74
802.775	64
802.95	74
803.175	20
803.575	64
807.175	76
807.225	62
807.275	74
807.475	16
807.625	2
807.65	92
807.775	60
807.9	94
807.975	32
808.15	6
808.15	8
808.15	46
808.35	64
808.35	76
808.375	18
808.425	46
808.425	76
808.475	76
808.575	64
808.6	18
808.65	0
808.65	8
808.7	92
808.775	20
809.05	20
809.175	32
809.275	8
809.325	46
809.375	8
809.5	64
809.65	6
812.875	14
813.175	78
813.575	24
813.625	4
813.675	76
813.7	92
813.725	74
813.8	74
813.825	60
813.875	6
813.95	2
813.95	42
813.975	26
814	64
814.05	46
814.075	14
814.125	32
814.175	94
814.2	32
814.275	32
814.35	32
814.575	76
814.625	0
814.65	74
814.75	20
815	64
815.1	24
815.1	60
815.425	32
815.725	2
816	2
816.025	42
817.025	12
817.6	8
817.775	8
818.375	56
818.675	8
819.025	92
820.15	18
820.4	16
820.45	76
820.55	78
820.575	60
820.625	0
820.675	2
820.7	46
820.725	94
820.775	2
821	4
821	42
821	64
821.4	2
822.15	4
822.45	78
822.475	76
826.575	76
826.725	2
827.075	76
830.4	36
830.575	92
830.625	10
830.825	24
830.85	8
830.925	8
830.925	92
831.125	6
831.125	14
831.2	74
831.275	20
831.3	0
831.325	56
831.325	76
831.4	4
831.4	16
831.425	64
831.45	42
831.45	76
831.55	60
831.575	2
831.625	78
831.65	18
831.65	32
831.7	10
831.8	18
831.875	2
831.95	94
832.2	24
832.275	46
832.45	60
832.65	0
832.675	76
832.7	6
832.725	42
832.875	74
832.9	42
832.975	78
833.125	8
833.175	32
833.275	64
833.375	50
833.7	46
833.925	64
833.975	64
835.075	46
835.825	80
837.15	16
837.325	14
837.4	22
837.9	30
838	74
838.075	4
838.1	18
838.1	78
838.15	16
838.15	78
838.225	82
838.25	0
838.325	14
838.45	18
838.5	18
838.575	64
838.575	94
838.625	0
838.65	94
838.675	46
838.7	2
838.9	4
838.95	14
838.95	18
839.05	22
839.225	22
839.325	2
839.375	82
839.75	64
840.025	50
842.45	54
843.775	54
843.95	54
850.625	0
850.825	14
851.075	74
851.15	74
851.225	54
851.3	54
851.425	22
851.475	24
851.775	4
851.825	4
851.825	82
851.875	50
852.025	0
852.1	4
852.175	4
852.2	64
852.375	32
852.6	80
852.75	6
852.8	80
852.85	94
852.925	82
853.225	16
853.225	22
853.35	4
853.375	54
853.425	22
853.7	18
853.725	64
854.875	16
855.25	64
859.875	82
860.325	94
860.35	12
860.725	8
860.85	8
860.975	74
861.1	54
861.2	14
861.25	32
861.325	16
861.35	78
861.45	46
861.475	78
861.475	80
861.55	24
861.575	2
861.575	18
861.6	50
861.65	78
861.7	4
861.725	80
861.775	4
861.775	22
861.875	82
861.9	64
861.925	32
861.975	12
862.075	22
862.125	54
862.2	8
862.225	0
862.25	16
862.275	54
862.4	8
862.4	54
862.675	30
862.85	30
862.9	78
862.975	4
863.05	50
863.225	46
863.45	80
863.65	54
863.825	0
864.05	94
864.2	78
864.375	2
864.5	64
864.75	64
869.175	30
869.7	78
869.725	54
870.15	24
870.2	64
870.725	54
870.725	90
870.825	24
870.85	6
870.925	90
871.1	78
871.225	4
871.3	16
871.3	86
871.325	6
871.35	16
871.425	16
871.5	0
871.675	24
871.675	90
871.8	32
871.825	14
871.85	24
872	18
872.125	90
872.225	8
872.275	18
872.325	46
872.375	74
872.4	94
872.45	80
872.475	16
872.5	22
872.55	16
872.875	64
872.975	2
872.975	82
873	4
873.025	18
873.225	8
873.275	32
873.325	64
873.325	86
873.375	82
873.4	66
873.875	24
874.475	42
874.6	78
874.7	22
874.725	24
874.825	4
876.3	76
876.4	14
876.625	82
876.875	76
876.95	78
877.1	94
877.675	76
877.8	76
878.275	82
880.5	94
882.075	42
882.2	54
882.225	74
882.25	6
882.3	64
882.35	14
882.375	86
882.4	74
882.425	64
882.575	2
882.625	80
882.7	66
882.725	78
882.75	66
882.85	24
882.85	78
882.875	74
882.9	22
882.95	4
883	82
883.025	0
883.15	74
883.35	6
883.525	64
883.7	6
883.825	76
883.825	78
884.025	0
884.2	94
884.45	90
884.55	72
884.7	42
885.35	42
885.725	64
885.875	42
886.125	64
889.9	32
889.95	24
890.025	6
890.2	8
890.25	8
890.35	8
890.45	8
890.575	42
890.6	82
890.625	90
890.725	42
890.825	14
891.525	78
891.6	24
892.2	64
892.45	14
892.475	6
892.7	80
892.85	64
892.925	64
893.025	6
893.175	14
894.75	74
894.8	76
895.2	94
895.35	94
895.425	72
895.8	74
896.15	76
897.225	82
897.9	22
898.075	90
898.15	42
898.325	80
898.375	24
898.625	32
898.8	78
899	8
899.05	64
899.125	64
899.2	6
899.525	14
899.8	24
899.85	24
899.9	24
899.95	18
900.325	78
900.375	0
900.6	94
900.675	94
900.95	42
901	8
901.075	64
901.5	94
901.7	32
903.3	64
903.95	0
903.975	90
904.15	24
904.375	22
904.375	64
904.825	0
904.9	24
905.125	24
908.825	32
909	8
910.275	8
910.45	32
910.575	32
910.6	8
911.725	14
912.05	18
912.1	24
912.15	78
912.425	94
912.45	24
912.5	32
912.575	6
912.575	64
912.65	0
912.75	82
913.35	24
913.375	18
913.475	94
913.525	6
913.625	42
913.625	80
913.65	78
913.7	90
913.75	90
913.9	64
914.3	82
914.325	6
914.5	80
914.55	82
914.925	14
915.25	42
916.175	82
916.45	82
917.075	0
917.55	50
917.65	10
917.775	50
917.95	22
918.025	4
918.125	76
918.25	76
918.5	74
918.525	94
918.65	64
918.65	78
918.75	64
919.15	94
919.3	20
919.5	0
919.675	8
919.8	50
919.825	74
919.825	82
919.975	14
920.3	14
921.375	80
921.625	90
923.15	72
923.4	22
923.65	32
923.8	8
924.15	18
924.225	82
924.375	22
924.575	94
925.2	14
925.85	4
925.85	42
925.875	66
926.075	78
926.275	64
926.525	74
926.575	24
926.65	0
926.725	0
926.9	4
927.075	6
927.325	90
927.475	4
927.575	0
927.6	50
927.625	64
927.675	6
927.825	50
927.925	20
928.05	8
928.2	74
928.3	90
928.325	4
928.325	42
928.45	64
928.475	8
928.6	80
928.65	80
928.85	20
929.175	20
929.225	2
929.35	18
929.475	94
929.625	18
929.825	14
929.95	78
930.2	20
930.25	4
930.25	94
930.875	22
930.9	14
931	14
931.575	74
931.875	74
932.3	74
933.3	74
935.725	14
936.325	24
936.725	6
937	74
937.125	74
937.2	4
937.275	20
937.4	4
937.425	64
937.45	14
937.5	64
937.625	6
937.7	6
937.7	22
937.75	2
937.8	50
937.9	22
938	24
938.025	22
938.025	42
938.075	2
938.125	18
938.375	78
938.65	4
938.65	94
938.8	6
938.8	64
938.8	82
939.175	80
939.375	42
939.425	82
939.55	78
939.575	18
939.6	20
939.775	18
940	18
940.05	8
940.625	80
941.225	8
941.275	74
942.375	94
942.6	72
942.675	90
942.725	94
942.75	72
943.075	66
943.1	22
943.35	94
943.4	4
943.525	14
943.8	18
944.1	24
944.125	18
944.675	18
945.175	72
945.25	74
945.3	74
945.425	74
945.475	66
946.25	4
946.35	20
946.375	66
946.9	8
947.025	8
950.575	16
950.625	16
950.8	86
950.9	42
951.05	6
951.05	78
951.1	82
951.225	42
951.3	6
951.375	24
951.375	72
951.4	14
951.425	24
951.45	74
951.525	4
951.525	66
951.85	18
951.9	18
952	20
952.025	72
952.15	8
952.425	20
952.55	16
952.9	6
953.325	8
953.8	0
955.525	0
956.125	0
956.225	0
958.15	0
958.55	0
961.75	90
961.8	90
961.85	22
961.9	54
961.925	4
961.925	74
962	4
962	76
962.1	16
962.1	62
962.15	76
962.175	18
962.175	80
962.2	50
962.225	16
962.25	12
962.25	66
962.3	2
962.3	78
962.325	86
962.325	94
962.35	22
962.35	82
962.375	42
962.4	66
962.425	78
962.475	78
962.5	14
962.525	6
962.525	24
962.55	82
962.575	74
962.625	92
962.7	8
962.75	76
962.775	78
962.8	6
962.85	22
962.85	62
962.875	82
963.025	50
963.05	20
963.15	16
963.2	62
963.3	90
963.325	54
963.4	44
963.55	2
963.625	22
963.7	32
963.75	94
963.925	24
963.95	42
963.975	56
963.975	82
964.05	42
964.1	6
964.1	76
964.2	20
964.275	16
964.3	76
964.425	82
964.475	50
964.55	2
964.55	50
964.6	94
964.625	2
964.9	86
964.975	56
964.975	78
965.1	6
965.5	86
975.625	94
979.725	50
979.775	22
980.075	12
980.1	2
980.125	18
980.2	4
980.3	78
980.425	32
980.55	0
980.6	6
980.6	44
980.625	82
980.65	8
980.65	24
980.7	20
980.75	8
980.9	92
980.975	16
981.075	66
981.15	16
981.15	50
981.15	76
981.175	22
981.425	12
981.475	86
981.6	54
981.6	94
981.75	18
981.8	78
981.95	44
982.4	4
982.425	66
982.55	0
982.775	66
982.775	76
982.825	76
983.425	82
988.75	14
988.85	14
989.075	24
989.2	78
989.25	54
989.325	18
989.5	16
989.5	82
989.55	92
989.6	6
989.6	66
989.675	44
989.725	6
989.75	4
989.8	4
989.8	86
989.875	0
989.925	2
990.05	22
990.225	14
990.225	18
990.3	18
990.4	92
990.525	54
990.525	82
990.6	82
990.725	82
990.75	50
990.75	94
990.8	78
990.875	0
990.9	92
990.975	86
991.2	4
991.45	22
991.8	4
992.375	50
992.575	80
992.625	80
999.15	50
999.65	50
26.475	1
26.575	1
26.625	1
27.3	5
27.525	3
28.6	7
28.6	9
39.925	9
43.05	87
43.35	87
46.175	13
46.625	17
46.675	1
46.95	19
47.05	19
48.025	17
48.075	15
48.15	19
48.175	9
48.225	9
49.2	17
49.45	19
52.5	13
52.6	13
52.65	15
53.225	1
53.35	11
53.625	13
54.075	7
54.625	11
54.975	15
55	3
55.325	17
55.425	7
63.325	7
65.175	19
65.925	17
66.525	13
66.65	11
66.85	15
66.95	15
66.975	17
67.025	17
67.475	7
67.95	7
68.575	7
68.675	9
70.025	1
70.25	1
70.9	1
72.25	5
72.375	3
73.55	13
73.975	15
81.45	3
81.7	7
81.95	7
82.05	17
82.2	15
82.525	7
82.875	7
83.25	17
84.275	19
84.475	13
84.6	15
84.8	15
85.575	15
85.625	15
86.15	79
88.05	9
88.425	1
88.425	5
88.5	83
88.775	17
88.95	3
89.1	15
89.375	1
89.5	15
89.525	1
89.725	5
89.825	15
90.2	5
90.25	15
90.375	15
90.375	83
91.525	7
91.65	3
92.95	19
93.45	7
93.575	3
93.575	79
93.9	3
94.5	3
94.525	17
94.55	83
94.625	17
94.775	83
94.925	9
95.075	9
95.525	5
96.1	3
96.1	79
96.2	23
96.55	15
96.8	15
97.025	5
102.875	17
103.5	15
103.575	15
103.625	23
103.8	23
104.225	9
104.3	9
104.525	3
104.55	79
104.7	5
105.125	23
105.175	9
105.875	3
106.325	13
106.675	9
107.025	1
107.2	83
107.3	19
108.325	83
108.525	1
108.8	7
109.75	17
110.4	23
111.35	17
111.475	5
113.275	83
114.45	83
114.475	7
120.625	19
121.45	17
121.65	19
122.675	19
123.175	5
123.55	1
123.675	83
123.7	3
124.775	1
124.775	53
125.55	13
126.125	1
128.175	7
128.5	15
128.625	15
129.3	3
129.325	9
129.45	83
130.35	5
131.175	9
131.475	17
131.6	1
131.775	53
131.775	83
131.9	83
139.875	7
140.025	17
140.45	3
140.45	19
140.625	53
140.875	7
141	83
141.15	17
141.45	9
141.7	19
141.8	7
142.325	17
146.45	11
146.575	17
147	19
147.675	19
148.875	83
149.95	7
150.35	1
150.775	17
151.075	9
151.525	17
152	17
156.275	3
156.55	53
156.725	7
156.9	83
157.05	53
157.2	17
157.25	11
157.825	17
158.05	9
159.4	11
159.5	53
159.85	53
160.925	53
161.375	23
161.775	5
161.85	5
162.1	5
162.35	19
162.75	83
163.1	3
163.175	19
166.575	9
166.7	5
167.15	5
167.275	5
167.625	5
168.025	5
168.025	53
168.125	53
168.4	83
170.5	7
170.575	7
171.475	13
171.775	13
172.025	15
172.925	83
173.7	15
174.05	17
174.15	17
174.6	23
174.95	23
175	53
175.825	9
175.95	5
176.1	23
176.35	5
176.4	17
176.775	3
176.975	9
177.45	5
177.5	3
177.575	3
177.925	5
177.95	15
178.4	5
178.4	19
181.475	17
181.525	83
182.7	3
183.425	83
185.125	9
185.55	15
185.7	15
186.125	5
186.375	17
186.7	17
187.225	15
187.25	3
191.125	7
191.275	3
191.6	3
191.9	7
192.525	3
198.975	9
199.35	5
199.875	3
200.375	5
200.5	1
200.525	3
200.525	17
200.575	9
200.65	83
200.75	7
200.925	3
201.7	17
202.325	1
202.85	1
203.05	19
203.1	19
203.1	89
204	19
204.075	83
204.4	89
204.775	49
205.025	89
205.2	89
205.7	83
206.05	49
206.1	9
206.3	17
206.425	5
207.3	17
208.85	1
209.15	7
209.725	7
210	1
212.1	13
212.125	89
212.875	83
213.575	13
220.6	3
220.825	17
220.9	21
220.95	7
220.95	17
221.325	89
221.475	19
221.525	19
221.625	13
221.65	7
222.05	7
222.05	21
222.1	5
222.275	1
222.425	83
222.75	1
223.475	7
223.75	5
226.225	39
228.4	39
228.825	17
229.1	89
229.25	89
229.35	17
229.35	39
229.45	13
230.425	1
230.625	5
230.725	5
231.3	5
231.375	1
234.35	7
234.4	17
235.05	7
235.525	17
240.275	5
240.525	83
240.9	1
241.2	1
241.225	7
241.375	15
241.375	39
241.95	15
242.125	21
242.2	13
242.275	17
242.35	1
242.35	13
243.175	3
243.35	83
243.925	83
244.325	89
244.475	89
244.55	3
244.7	21
244.8	19
245.6	17
245.625	83
245.65	39
245.925	89
245.975	39
246.6	19
247.55	9
247.9	39
248.1	17
248.575	5
248.725	17
249.025	5
256.425	3
257.4	7
257.6	7
258.2	39
258.375	17
258.65	9
258.8	5
258.8	21
258.975	5
259.825	5
260.1	83
261.325	83
261.5	83
265.425	19
265.45	15
265.625	39
265.925	17
266.075	83
266.275	21
266.35	21
266.625	3
268.425	17
269.05	7
269.6	3
269.775	3
270.275	39
273.5	17
273.625	17
273.625	83
273.8	9
274.1	5
274.275	3
274.275	17
274.45	83
275.3	39
275.45	39
277	19
280.075	51
280.35	17
280.4	17
280.525	39
281.2	5
281.225	3
281.9	7
282.3	51
282.65	83
282.975	9
283.2	15
284.475	9
285.675	19
285.775	5
290.95	51
294.725	1
295	21
295.3	83
295.325	39
295.525	1
295.8	3
295.9	5
296.025	51
296.175	7
296.2	1
296.675	15
296.7	17
296.925	9
297	51
297.025	5
297.325	15
297.45	83
297.775	15
297.875	17
301.675	51
303.375	39
303.55	15
303.575	39
303.8	39
303.85	51
303.875	17
303.975	51
304	83
304.125	15
305.05	17
305.35	17
305.7	19
308.825	5
309.625	83
310.5	51
310.6	17
310.875	17
310.95	39
311.325	17
312.25	51
321.375	93
321.45	93
321.875	17
321.925	3
322	15
322.4	39
322.425	51
322.575	39
322.85	7
323.375	3
323.55	5
323.775	39
323.95	83
324.625	17
324.8	19
324.875	5
325.05	5
325.325	17
326.925	7
328.9	1
330.275	83
331.075	83
331.7	5
332.525	19
333.225	19
334.35	51
336.875	27
338.2	83
338.35	83
339.6	83
339.65	5
339.95	1
340.675	5
341.675	27
341.75	15
341.85	1
341.95	1
342.175	3
342.45	17
342.55	17
344.05	17
344.85	17
345.075	17
346.25	7
346.325	19
346.375	19
346.65	51
346.8	15
346.95	1
347.125	51
347.825	15
348.85	7
349.075	83
349.225	83
349.45	83
349.525	83
349.725	9
349.775	9
350.125	5
350.9	13
351.25	15
352.475	15
357.175	51
357.25	83
357.575	17
357.825	19
357.875	13
358	5
358.175	15
358.275	83
358.375	15
358.475	9
358.825	5
359.35	15
363.025	3
363.325	7
363.425	17
364.25	5
364.35	83
364.475	17
365.15	9
365.15	83
365.375	3
365.7	51
366.05	5
366.45	19
366.6	13
369.225	43
369.75	51
372	9
372.125	5
372.2	9
372.2	83
372.25	83
372.3	5
372.425	17
372.475	17
372.575	51
374.225	17
375.65	29
378.05	43
379.175	51
379.525	43
380.025	5
380.075	5
380.075	17
380.15	29
380.75	29
381.1	17
381.85	7
382.075	5
382.15	3
382.2	3
382.2	5
383.275	13
383.475	43
383.9	43
385.075	43
385.3	19
385.725	51
387.05	51
387.65	17
388.525	43
388.975	17
389.1	17
389.325	43
391.475	9
391.85	51
391.975	29
392.075	5
392.125	1
392.125	7
392.125	83
392.425	7
392.625	3
393.225	29
393.425	7
393.5	83
394.15	51
394.675	51
396	35
396.05	35
396.1	35
396.475	35
396.95	17
401.9	19
401.975	43
402	7
402.125	43
402.3	51
402.35	1
402.475	35
402.55	3
402.775	43
402.925	83
402.95	17
403.025	83
403.1	17
403.3	9
403.475	9
403.475	29
403.6	29
403.625	5
403.75	29
403.875	35
403.925	43
404.25	83
404.5	5
404.575	5
404.95	9
404.975	29
405.325	35
405.375	83
406.175	29
409.2	83
409.625	17
409.9	83
410.675	35
410.75	29
410.8	51
410.825	29
411.725	5
411.8	5
411.9	29
412.025	35
417.125	7
417.2	17
417.3	3
417.9	3
417.925	43
417.95	29
418	43
418.025	17
418.125	51
418.3	5
418.675	7
418.725	35
418.875	3
419.475	51
419.975	35
420.175	43
420.35	1
421.15	83
421.425	59
422.425	59
422.475	1
424.1	19
424.325	51
425.375	51
425.725	51
425.975	51
427.275	17
427.675	17
428.025	5
428.55	35
428.75	17
429.05	17
429.1	17
429.95	79
430.1	35
430.7	11
430.95	83
431.2	43
431.325	51
431.75	7
431.775	3
431.825	1
432.175	21
432.45	11
432.575	17
432.825	7
433.15	83
433.175	17
433.275	5
433.75	83
433.8	83
434	83
434.6	9
434.875	29
435.9	29
436.1	7
436.725	67
437.375	17
437.4	9
437.775	9
438.35	43
439.35	43
439.35	67
439.625	51
439.775	3
439.875	5
439.925	1
440	1
440.125	7
440.225	5
440.25	21
440.35	3
440.4	17
440.45	67
441.5	67
441.625	21
441.95	39
442.35	27
442.525	43
442.8	5
443	15
443.075	15
443.225	3
443.55	19
443.625	17
443.725	83
443.775	19
444.025	59
446.6	3
448.95	7
449.05	29
449.325	7
449.45	51
449.775	29
449.85	51
449.875	29
450.125	29
450.15	43
450.225	19
450.675	5
450.8	29
450.85	39
450.875	43
451	59
451.075	5
451.075	51
451.125	27
451.15	5
451.225	11
451.25	15
451.35	43
451.35	83
451.525	43
451.55	17
451.8	9
452.075	11
452.125	43
452.75	11
452.8	39
452.925	27
452.975	9
454.2	9
458.65	7
459.25	29
459.25	39
459.275	59
459.325	3
459.35	1
459.375	43
459.4	39
459.425	21
459.45	39
459.45	59
459.475	5
459.5	27
459.525	5
459.525	67
459.525	83
459.55	11
459.55	59
459.625	67
459.7	15
459.7	59
459.725	5
459.85	43
459.9	43
459.925	17
460.45	43
460.575	5
460.8	27
460.925	15
461.225	19
461.45	67
461.475	19
461.675	51
462.95	59
464.325	43
465.5	95
467.6	35
467.725	51
467.725	83
467.925	3
467.975	51
468	3
468.025	9
468.05	27
468.4	5
468.425	29
468.525	7
468.625	83
468.775	43
468.8	15
468.85	15
468.9	3
468.95	51
469	19
469.075	19
469.075	35
469.125	59
469.3	29
469.5	29
469.55	17
469.875	19
470.175	29
470.2	51
470.35	39
470.375	95
470.425	43
470.6	43
470.8	17
471.025	43
471.075	17
471.875	17
472.775	17
474.65	5
474.675	51
474.75	51
474.775	43
474.975	83
475.2	29
475.3	95
475.5	39
475.55	39
475.65	27
475.9	27
476.1	29
476.425	59
476.7	27
476.775	39
477.525	59
477.95	5
479.625	5
479.7	19
479.725	1
479.9	83
480	1
480.1	51
480.15	51
480.15	83
480.225	51
480.25	67
480.3	67
480.425	67
480.85	83
481.15	83
481.325	3
481.375	1
481.425	17
481.5	83
481.6	39
481.65	67
481.8	17
481.95	7
481.975	59
482.075	39
482.5	3
482.7	43
483.025	39
483.2	27
483.325	29
484.725	43
485.425	39
485.775	39
489.475	5
489.8	5
489.85	29
489.925	3
490.05	3
490.2	39
490.25	39
490.45	19
490.675	83
490.75	39
490.775	1
490.8	51
490.8	83
490.825	43
490.875	83
490.9	1
491.05	27
491.075	39
491.1	67
491.5	39
491.925	43
492.125	27
492.375	27
492.625	67
492.85	27
493.2	43
493.275	27
495.025	29
496.05	19
496.85	51
496.975	51
497.15	19
497.55	1
497.575	19
497.8	1
497.975	1
498	5
498.025	83
498.05	19
498.075	1
498.1	83
498.325	67
498.4	29
498.425	67
498.55	67
498.6	39
499	7
499.025	27
499.225	3
500.475	67
500.6	39
501.175	1
501.175	27
501.175	67
503.45	39
503.55	39
507.275	17
508.4	83
508.575	35
508.6	39
508.675	1
508.7	95
508.75	39
508.775	27
508.8	51
508.825	39
509	5
509	15
509.05	43
509.075	67
509.125	29
509.15	3
509.45	17
509.475	7
509.525	39
509.675	51
509.925	5
509.975	21
510.025	21
510.15	27
510.325	17
510.5	15
511.15	21
511.65	11
511.65	21
511.925	51
516.075	29
516.525	7
516.625	7
516.925	17
517.35	21
517.475	1
517.475	39
517.55	5
517.575	51
517.6	21
517.8	3
517.825	1
517.95	67
518.15	35
518.225	15
518.35	51
518.4	15
518.6	43
518.65	27
518.675	29
518.8	29
519.525	15
519.925	15
520.125	19
520.7	95
521.5	83
521.625	83
521.95	95
522.55	83
522.925	95
523.175	95
526.95	39
528	5
528.1	39
528.125	29
528.15	39
528.225	35
528.65	43
528.675	29
528.7	43
529.125	27
529.15	83
529.575	35
529.675	35
529.775	35
529.775	83
529.925	5
529.925	19
529.925	43
529.975	19
530.175	83
530.325	5
530.35	95
530.925	95
531.05	95
531.125	43
531.325	17
531.875	21
532.35	29
532.775	27
532.9	21
533.4	5
533.7	67
534.25	17
535.175	3
535.2	67
535.9	3
536.775	51
536.825	51
537.775	19
537.825	19
538.325	5
539.45	51
539.5	17
539.6	17
540.25	17
540.4	95
540.475	39
540.5	21
540.675	27
540.7	21
541.275	17
541.55	43
541.7	21
541.95	51
542.15	29
542.25	19
542.675	29
547.4	39
547.575	29
547.625	27
547.675	29
547.775	17
547.8	51
548.15	5
548.175	29
548.475	19
548.55	17
548.65	51
548.875	95
549.025	95
549.25	9
549.625	19
550.225	95
550.7	9
550.7	43
550.7	95
551	95
551.05	43
551.2	95
551.825	65
552.175	43
552.425	43
553.2	65
553.55	1
553.675	83
553.95	21
554.05	3
554.05	67
554.325	17
554.35	39
554.475	39
554.6	35
554.625	51
554.75	27
554.9	5
554.9	29
555.025	9
555.05	5
555.05	83
555.075	27
555.225	1
555.45	19
555.7	27
555.775	67
555.85	67
555.875	19
556.125	83
556.85	1
556.925	27
556.925	83
557.425	27
558.925	29
565.575	17
565.725	29
566.5	17
566.75	9
567.2	51
567.225	5
567.7	19
567.725	35
567.95	83
567.975	95
568.05	1
568.05	3
568.1	27
568.25	65
568.275	3
568.425	5
568.475	29
568.5	5
568.5	51
568.6	51
568.8	51
568.825	95
568.85	51
569.1	5
569.325	95
569.4	3
569.625	35
569.75	5
569.75	9
569.85	65
569.925	65
570.975	1
577.25	19
577.575	51
577.65	95
577.8	67
578.05	5
578.125	9
578.15	19
578.175	65
578.2	9
578.275	9
578.3	65
578.325	9
578.375	9
578.625	35
578.9	1
579.025	3
579.45	17
579.525	67
579.6	67
579.625	17
579.675	17
580	95
583.95	91
587.45	87
588.65	87
590.975	3
591.3	17
591.625	17
591.675	65
591.725	67
591.75	35
591.95	91
592.025	91
592.175	9
592.525	17
592.8	65
593.175	91
593.25	35
593.425	91
593.725	65
594.35	9
594.4	9
594.55	95
594.575	9
594.575	91
594.6	83
594.65	1
594.775	51
595.25	91
595.35	87
595.875	83
595.925	83
596.9	91
597.7	65
597.9	65
598.825	65
598.875	19
599	19
599.05	95
599.475	91
599.55	91
599.675	87
599.725	67
599.75	5
599.875	87
600.15	3
600.325	75
600.6	9
600.65	35
600.825	17
600.875	51
600.9	83
601.325	3
601.35	91
601.4	1
601.45	51
601.75	9
609.375	3
610.05	91
610.7	3
611.325	91
613.975	17
614.15	17
614.2	1
614.325	83
614.35	75
614.35	95
614.725	67
614.95	87
615.4	17
615.775	75
615.8	1
615.9	5
615.95	83
616.225	95
616.3	67
616.4	13
616.8	15
616.9	3
619.175	3
620.1	13
620.1	19
620.375	51
620.675	87
620.75	91
621.275	95
625.1	51
625.375	15
625.6	55
625.975	87
626.325	87
626.4	15
626.675	87
626.85	33
628.425	9
628.575	5
628.925	33
628.975	3
629.175	1
629.175	33
629.25	95
629.275	5
629.5	91
629.525	5
629.725	83
630.1	3
630.45	9
630.675	91
630.775	17
630.85	75
630.975	75
631	91
631.3	33
631.575	19
632.05	87
632.5	19
634.725	79
634.85	11
634.875	15
635.075	79
635.125	79
635.65	13
635.825	51
635.85	9
635.9	29
636	83
636.25	55
636.3	3
636.3	95
636.425	33
636.575	13
636.6	1
636.8	91
636.875	79
637.125	3
637.125	19
637.275	5
637.6	91
637.8	67
637.9	33
638.05	33
638.3	55
638.8	41
639.025	41
639.075	67
640.025	67
643.5	33
643.625	17
643.625	29
643.625	51
643.825	13
643.85	15
643.9	91
643.925	5
644.025	91
644.125	55
644.125	83
644.225	9
644.225	77
644.275	19
644.275	83
644.4	9
644.4	17
644.65	75
644.725	1
644.85	17
644.85	41
644.9	41
645.05	17
645.225	83
645.275	95
645.35	83
645.425	55
645.75	19
645.875	19
646.1	17
646.175	19
646.425	1
649.825	3
649.975	55
650.675	31
651.375	17
652.075	17
652.5	31
652.65	31
656.475	19
657.3	17
657.475	17
661.175	5
661.475	51
661.55	3
661.55	33
661.575	31
661.675	95
661.7	1
661.7	3
661.7	41
661.75	55
661.9	13
662.125	19
662.55	31
662.55	33
662.825	3
662.875	33
663.45	75
665.25	75
665.5	17
670.225	3
672.025	51
672.225	3
672.475	55
672.5	13
672.65	19
672.875	17
673	75
673.4	75
674.475	1
674.75	17
674.775	31
675.25	3
675.3	3
675.35	83
675.375	9
675.6	51
675.75	5
675.95	33
676.15	55
676.275	3
676.275	29
676.35	51
676.75	9
676.95	3
677.05	7
677.425	83
677.725	7
677.75	17
677.75	43
678.1	67
678.375	5
678.6	77
678.675	77
678.8	17
679.025	29
679.05	83
679.35	75
679.375	35
679.45	35
679.475	19
679.65	67
679.775	1
679.825	67
679.875	1
679.975	95
680.275	27
680.45	91
681.75	3
681.775	91
682.075	95
682.4	55
682.575	75
682.925	75
683.025	75
683.075	9
683.175	9
683.55	5
683.85	29
683.975	29
683.975	51
684.15	1
684.175	55
684.3	9
684.325	43
684.425	1
684.525	83
684.85	19
685	1
685.075	35
685.075	51
685.2	91
685.25	55
685.375	33
685.475	19
685.525	7
685.55	17
686.025	91
686.075	51
686.125	51
686.4	7
693.375	19
693.7	51
693.8	51
693.85	91
695.35	83
696.4	1
697.15	51
697.275	1
697.475	77
697.65	17
697.65	43
697.775	5
697.775	35
697.8	29
697.85	5
697.9	95
697.95	29
698	7
698.05	33
698.075	27
698.1	3
698.1	55
698.125	9
698.15	27
698.175	75
698.2	55
698.2	91
698.3	29
698.3	83
698.325	33
698.4	91
698.85	95
698.975	77
699	5
699.375	29
699.8	5
699.9	13
700	13
700.025	55
700.425	75
700.45	29
700.5	75
700.575	75
701.15	13
701.35	13
701.575	13
701.9	75
702.275	75
702.475	13
703.225	27
704.125	19
704.55	95
704.6	55
704.7	51
704.7	91
704.85	95
705.175	55
705.35	55
705.375	5
705.725	91
705.75	35
706.1	3
706.25	5
706.3	55
706.475	9
706.5	35
706.525	9
706.7	17
706.825	29
707.45	55
707.525	17
707.6	91
707.675	17
708.3	65
708.6	65
708.7	41
708.775	23
709.05	83
709.2	43
709.425	95
709.925	55
710.075	27
710.125	17
710.225	43
710.425	83
710.55	33
711	51
711.1	35
711.675	5
711.75	51
713.225	35
713.35	27
713.7	43
714.225	5
714.35	29
714.625	91
714.775	43
714.875	43
715.95	91
716.05	35
716.075	55
716.375	35
716.675	19
716.95	95
717.275	51
717.75	5
717.95	29
718.025	33
718.1	19
718.25	83
718.35	33
718.6	91
718.8	65
718.95	65
719.175	55
719.325	43
719.475	33
720.075	5
722.1	17
724.1	19
724.25	19
724.625	51
724.8	19
725.125	55
725.325	91
725.375	95
725.55	95
725.65	35
725.775	35
725.95	3
726.05	65
726.175	55
726.45	27
726.575	29
726.85	43
726.975	33
726.975	35
727.325	27
727.375	51
727.55	17
727.575	51
727.6	83
729.075	43
733.725	55
733.95	91
734.025	19
734.05	55
734.225	3
734.275	95
734.375	55
734.425	51
734.8	29
734.95	5
734.95	65
735.025	91
735.05	35
735.1	17
735.225	33
735.275	83
735.425	55
735.55	51
735.75	43
735.75	91
736.05	27
736.125	65
736.175	33
736.3	83
736.45	17
736.8	29
736.975	29
737.2	51
741.45	95
741.675	55
741.775	95
741.85	91
742.3	29
742.4	17
742.4	65
742.65	29
742.675	35
742.775	51
742.925	17
742.975	83
743.025	33
743.425	27
743.45	43
743.475	5
743.525	29
743.925	51
744.475	27
744.6	51
744.75	27
744.85	33
744.975	33
745.225	33
745.325	33
746.075	17
746.45	3
747.05	33
747.325	33
747.425	29
747.725	29
747.775	65
747.8	35
748.275	35
748.475	43
748.5	91
748.75	35
749.25	91
750.65	1
750.775	83
751.475	5
751.775	83
751.8	51
751.925	29
752.3	3
752.6	29
752.725	1
752.875	5
753.05	17
753.225	91
753.6	35
753.75	3
754.05	3
755.75	17
755.75	83
756.05	31
756.075	83
756.2	1
756.725	27
756.8	43
756.85	9
756.9	9
756.9	91
756.925	43
756.975	17
756.975	43
757.025	27
757.075	19
757.15	75
757.4	5
757.4	33
757.525	95
757.6	5
759.225	33
759.25	3
759.5	9
759.775	95
763.875	5
764.125	5
764.125	51
764.275	51
764.325	29
764.475	35
764.9	3
764.925	17
765.05	91
765.125	9
765.15	83
765.2	33
765.25	43
765.275	9
765.325	5
765.475	3
765.5	1
765.5	33
765.55	35
765.6	27
765.675	3
765.675	5
766.1	17
766.2	9
766.775	27
768	33
768.025	1
768.1	17
768.825	91
769.875	1
770.025	91
774.875	17
774.925	17
776.175	95
776.275	95
776.875	91
776.95	29
776.975	19
777.3	51
777.325	17
778	43
778.05	9
778.3	1
778.4	5
778.425	27
778.55	33
778.625	33
778.7	33
779.05	1
779.125	51
779.45	1
779.475	9
779.85	9
781.2	65
781.225	35
781.225	41
781.25	83
781.3	91
781.4	91
781.525	33
781.625	43
781.625	95
781.725	91
781.75	95
781.8	27
782.025	55
782.45	3
782.5	29
782.7	29
782.975	3
783.325	3
783.375	3
783.45	3
783.625	3
783.825	55
784	65
785.325	83
786.675	9
786.8	43
787.175	9
787.175	91
787.25	27
787.4	33
787.825	5
788	91
788.15	43
788.3	35
788.525	3
788.85	3
790.275	33
790.325	19
790.5	91
790.65	51
790.675	95
790.875	17
791.075	55
791.2	9
791.2	17
791.25	9
791.35	19
791.65	51
792.2	9
792.95	43
793.275	17
793.775	17
799.5	83
799.5	95
799.8	51
799.825	95
800	17
800.1	5
800.225	9
800.375	29
800.4	33
800.4	43
800.475	35
800.55	27
800.6	3
800.725	5
800.825	3
800.825	91
800.975	55
801.025	3
801.075	17
801.125	17
801.325	65
801.425	43
801.5	19
801.7	43
801.875	1
801.95	35
802	3
802.225	17
802.5	55
802.725	55
802.775	65
802.825	29
803.3	65
804.25	19
806.775	77
807.25	17
807.35	29
807.4	19
807.5	35
807.55	19
807.55	29
807.6	75
807.625	27
808	91
808.125	3
808.175	29
808.225	55
808.225	75
808.3	55
808.925	3
809.3	65
809.325	3
809.6	3
813.025	65
813.2	29
813.625	35
813.65	17
813.65	33
813.725	9
813.75	51
813.825	9
813.85	51
814.05	17
814.05	27
814.075	43
814.1	3
814.15	55
814.35	33
815.2	1
815.225	27
815.625	91
815.825	9
815.9	1
816.175	51
816.25	9
816.7	95
817.375	83
817.65	19
817.8	95
818	91
818.025	95
818.05	19
818.875	19
819.625	5
819.8	5
820.025	17
820.075	35
820.125	29
820.275	3
820.3	27
820.45	87
820.675	17
820.725	3
820.825	35
820.925	5
820.925	35
820.925	83
820.975	91
821.05	51
821.15	51
821.25	51
821.3	9
821.425	65
821.475	51
821.85	33
822	33
822.15	51
822.25	9
822.475	35
830.2	53
830.275	53
830.525	83
830.9	17
830.95	43
831.025	9
831.125	27
831.2	29
831.2	51
831.35	9
831.4	3
831.45	43
831.475	33
831.5	1
831.5	35
831.525	43
831.525	65
831.55	87
831.7	65
831.775	91
831.875	35
831.9	53
831.975	17
832.35	89
832.425	89
832.675	1
832.75	35
832.85	91
832.875	87
833.25	15
833.6	87
833.725	31
833.775	9
834.475	9
835.425	31
835.95	31
836.175	31
836.4	19
836.625	91
837.15	17
837.25	53
837.275	79
837.3	89
837.525	29
837.975	29
838.1	95
838.2	19
838.7	91
838.825	89
838.875	89
839.075	87
839.45	27
839.475	3
839.875	89
840.375	27
850.55	1
850.775	31
851.025	89
851.125	3
851.15	29
851.2	91
851.475	17
851.725	29
851.825	27
851.825	89
851.9	27
851.975	43
852.025	9
852.35	3
852.425	3
852.425	79
852.45	19
852.475	13
852.65	53
853	29
853	43
853.025	87
853.05	9
853.1	65
853.125	9
853.475	9
853.65	9
854.275	13
854.325	87
854.425	29
854.425	53
854.5	65
854.875	53
859.75	17
860.075	89
860.7	95
860.725	83
860.8	95
860.85	1
860.875	65
861.1	53
861.125	91
861.175	91
861.2	15
861.275	65
861.3	31
861.325	35
861.6	3
861.675	29
861.75	27
861.8	9
861.875	27
861.925	43
861.925	53
861.925	87
862.5	91
862.675	89
862.7	43
862.7	91
862.8	31
862.925	43
863.125	27
863.475	91
863.925	15
864.275	27
864.4	15
864.5	3
864.9	53
868.375	19
868.5	91
868.55	19
868.875	87
868.95	95
869.2	53
869.4	9
869.5	19
869.525	9
869.725	95
869.8	53
870.275	53
870.85	27
870.975	21
871.05	43
871.1	43
871.225	95
871.425	39
871.5	1
871.625	91
871.975	53
872.125	31
872.475	3
872.5	65
872.525	3
872.8	35
872.9	35
872.925	15
873.025	53
873.525	31
873.65	43
874.15	43
875.95	59
876	17
876.3	89
876.625	59
876.725	19
876.875	91
876.9	95
877.25	59
877.275	17
877.375	89
877.575	89
878.45	91
881.05	81
881.575	9
882.55	43
882.7	9
882.725	53
882.85	91
882.875	17
882.9	81
883	91
883.05	35
883.05	89
883.075	39
883.1	9
883.15	65
883.175	39
883.225	53
883.225	89
884	19
884.175	31
884.35	95
884.55	35
884.625	95
886.3	95
889.375	1
889.725	91
889.75	21
889.95	31
890.325	43
890.375	39
890.5	9
891.475	53
891.775	43
891.825	43
892.025	35
892.225	39
892.375	81
892.675	35
893	65
893.475	35
893.75	81
894.1	29
895.15	19
895.4	91
895.425	95
896.55	17
897.275	21
897.7	31
898.8	43
898.825	39
899.125	1
899.275	1
899.275	9
899.425	91
900.075	35
900.1	9
900.475	65
900.55	53
900.8	81
901.1	65
901.5	81
901.525	35
901.575	81
901.575	87
901.925	53
903.175	3
908.675	1
911.925	65
912.225	53
912.225	87
912.35	17
912.525	35
912.875	21
912.925	3
912.975	3
913.25	39
913.325	31
913.375	39
913.55	39
913.875	81
914.2	21
914.35	1
914.475	47
914.7	47
914.95	81
915.125	81
915.925	17
916.05	21
916.45	43
917.075	47
917.225	47
917.275	7
917.85	9
917.875	29
917.875	59
918.2	81
918.425	83
918.5	91
918.625	9
918.85	35
918.9	7
918.975	7
919.5	1
919.625	21
919.65	47
919.65	91
919.925	21
919.95	29
921.25	31
921.525	1
921.825	1
921.9	1
922.75	19
922.9	53
923.075	87
923.175	95
923.25	53
923.275	83
923.625	19
923.875	95
924.8	17
924.825	39
924.975	19
924.975	81
925.1	53
925.45	59
925.5	59
925.8	17
925.875	17
926.05	81
926.125	17
926.65	83
926.9	35
927	9
927.025	43
927.075	29
927.15	3
927.525	21
927.525	83
927.775	29
927.8	1
927.875	29
927.9	3
927.975	59
928	31
928.075	29
928.275	43
928.275	91
928.325	35
928.35	3
928.675	15
929.825	53
929.85	1
929.9	87
930	1
930.05	83
930.275	83
931.275	29
931.475	83
934.5	91
934.55	91
935.5	91
936.2	29
936.6	9
936.625	91
936.65	43
936.725	91
936.775	43
937.325	1
937.575	3
937.725	43
937.85	91
937.925	83
938.075	53
938.2	59
938.25	9
938.325	17
938.425	43
938.475	1
938.6	43
938.625	1
938.65	43
938.65	87
938.7	21
938.775	3
939.025	31
939.2	59
939.375	3
939.525	9
939.9	87
940.2	21
941.025	13
941.15	15
941.325	21
941.35	59
942	19
942.2	91
942.3	19
942.45	91
943.275	13
944.225	15
944.6	9
944.65	43
945.625	9
950.575	17
950.625	17
950.825	95
950.95	21
951.1	21
951.2	43
951.85	9
952.125	15
952.125	21
952.2	15
953.35	15
953.4	15
953.425	9
953.525	15
953.675	9
954.275	9
961.45	3
961.775	77
961.925	5
962.025	5
962.1	17
962.1	35
962.125	91
962.175	19
962.25	9
962.25	17
962.25	31
962.3	9
962.3	29
962.4	1
962.425	53
962.45	21
962.5	59
962.5	95
962.525	29
962.65	65
962.7	3
962.7	39
962.8	3
962.8	43
962.8	83
962.875	81
962.875	89
962.975	53
963.075	77
963.4	3
963.425	75
963.425	91
963.5	5
963.525	53
963.55	31
963.575	3
964.325	87
964.8	75
964.925	35
965.1	39
965.125	17
965.15	65
965.2	87
965.225	91
965.3	21
965.35	91
965.55	17
965.675	59
975.325	95
979.375	3
979.975	59
980.1	19
980.125	59
980.25	35
980.275	87
980.3	43
980.375	91
980.425	39
980.425	83
980.45	17
980.45	65
980.5	39
980.55	53
980.6	81
980.65	53
980.65	81
980.8	89
980.85	35
980.85	43
980.975	19
981	3
981.05	29
981.125	29
981.15	91
981.2	29
981.3	81
981.45	59
981.55	83
981.575	17
981.6	83
981.975	81
982.1	53
982.25	21
982.425	81
982.45	59
982.55	89
982.675	65
982.825	29
982.95	83
982.95	95
983.175	65
988.975	53
989.05	39
989.1	17
989.125	39
989.15	29
989.35	59
989.375	17
989.375	81
989.375	83
989.525	65
989.775	35
989.8	39
989.875	21
989.9	95
989.95	95
990.075	91
990.275	3
990.375	53
990.675	21
990.725	83
992.025	13
992.075	13
993.575	13
993.675	13
999	3
999.425	89
999.475	29
999.825	5
999.85	3
1000	35
