26.5	0
26.625	0
27.325	4
27.575	2
28.375	4
28.6	6
28.6	8
29.675	8
40.025	8
42.95	86
44.525	36
44.675	36
44.875	36
46.225	12
46.25	36
46.375	36
46.625	4
46.675	16
46.725	0
48.05	16
48.125	14
48.775	8
49.2	16
51.3	6
51.6	4
51.675	4
51.725	4
51.8	4
51.9	4
51.975	4
52.5	12
52.575	0
52.6	12
52.675	12
52.825	12
52.975	0
53.075	0
53.125	0
53.375	10
54.225	8
55.025	2
55.575	86
55.625	18
57.1	14
57.525	18
57.675	18
57.725	18
65.475	16
65.75	18
66.1	86
66.525	12
66.65	14
66.85	6
66.95	86
66.975	8
67.2	4
67.25	4
67.375	4
67.9	8
67.95	8
68.25	4
68.325	4
68.35	2
68.4	2
68.875	18
69.175	18
70.025	2
70.05	0
70.275	0
70.425	18
71	0
71.075	0
72.15	10
72.4	34
72.95	10
84.225	18
84.475	12
84.65	6
84.85	8
85.05	2
85.05	86
85.1	18
85.15	4
85.45	10
85.675	4
85.775	0
85.875	0
86	14
86.4	78
86.475	78
86.475	86
86.8	14
88.625	16
89.675	16
90.3	76
92.95	10
93.675	14
94.175	10
94.2	8
94.55	18
95.05	8
95.075	0
95.225	4
95.75	2
96.125	4
96.175	4
96.5	78
96.55	2
97.025	4
97.2	4
97.475	4
97.7	4
98.275	86
99.3	86
99.5	86
99.6	86
99.95	12
100.15	34
100.275	18
100.95	18
101.075	14
101.2	0
101.225	34
102.425	2
103.25	86
103.8	8
104.2	0
106.725	6
106.85	4
107.05	4
107.65	14
109.25	56
109.3	10
111.275	56
111.6	16
112.1	18
112.85	18
113.225	0
113.325	0
114.7	10
116.4	2
116.525	86
116.6	10
116.625	86
116.7	86
119.875	86
123.175	4
123.35	12
123.55	0
123.85	8
123.925	18
123.975	14
124.175	56
124.375	10
124.525	2
124.55	10
124.725	0
124.75	12
124.775	18
125.275	14
125.9	86
126.625	18
126.675	10
126.8	18
126.875	18
127.25	16
127.35	16
127.625	18
128.225	6
128.45	56
128.7	6
128.775	56
130.225	28
131.125	12
131.2	18
131.4	18
132.15	2
132.275	10
132.65	86
132.7	10
140.95	4
141.45	18
141.475	0
141.75	18
142.6	0
143.675	2
144.075	86
146.6	76
146.975	2
147.15	56
147.2	14
147.3	86
147.725	56
148.175	18
148.275	10
148.8	4
149.325	0
149.95	6
150.225	56
151.025	10
151.05	6
151.1	6
151.975	12
152.475	6
153.75	16
153.9	18
154.05	86
155	16
155.375	0
158.55	6
158.95	6
159.75	2
159.875	34
160.225	86
160.425	18
160.8	16
160.85	56
160.9	18
161.425	34
161.775	4
161.85	4
162.075	0
162.325	12
163.075	12
164.95	10
166.775	94
166.875	94
167.275	10
167.375	82
167.725	14
167.775	18
168.225	0
168.3	0
168.375	16
168.975	82
169.1	2
169.3	0
169.35	0
169.525	56
169.675	86
170.325	2
170.4	2
170.575	6
170.775	4
171.725	12
171.775	12
173.25	12
178.65	18
178.825	18
179.175	0
179.2	94
182.8	4
183.175	12
183.35	10
183.55	2
183.65	6
183.8	6
184	12
184.1	56
184.3	14
184.625	10
184.875	56
184.975	8
185.1	56
185.2	2
185.95	2
189.1	16
189.75	18
190.225	18
190.3	0
190.35	10
191.275	2
191.3	0
191.4	0
191.575	6
191.975	0
192.65	94
193	38
193.875	12
193.925	12
194.225	12
194.35	8
194.5	8
194.55	12
196.4	14
196.9	18
197.525	0
197.6	0
200.775	86
200.875	10
202.55	10
204.275	18
204.45	4
204.575	38
204.575	94
204.8	0
204.85	12
204.95	14
205.4	6
205.475	2
205.575	14
205.725	38
205.775	16
205.975	86
206.25	6
206.55	16
207.175	16
207.275	2
208.15	10
208.375	18
209.525	10
209.625	10
211.35	86
214.3	12
214.375	12
215.125	10
215.125	38
215.225	94
215.3	18
215.85	6
216.05	2
216.05	6
216.15	6
216.225	86
216.575	16
216.625	14
216.625	86
216.875	52
217.125	2
217.375	92
217.7	86
218.375	92
218.4	52
222	10
222.475	18
222.475	94
222.675	18
222.8	4
223.1	38
223.25	94
223.4	4
223.6	12
223.725	14
225.775	16
226.125	86
226.625	6
226.65	86
227.425	10
227.6	16
227.825	6
227.85	86
228.45	52
228.7	92
229.375	52
229.4	92
229.45	52
229.9	0
230.025	12
230.225	12
230.5	92
230.675	0
241.65	2
242.025	18
242.025	86
242.4	92
242.45	0
242.975	10
243	52
243	86
243.3	4
243.525	92
243.65	0
243.975	4
244.125	0
244.225	4
244.55	4
245.425	14
245.725	6
246.675	2
246.675	16
246.85	16
246.95	16
247.25	2
247.3	2
247.3	18
248.1	0
248.125	16
250.8	12
252.2	12
252.9	14
253.4	18
254.225	0
254.25	52
254.3	2
254.35	2
255.575	18
256.4	52
256.925	22
257.075	22
257.675	92
258.05	10
258.675	6
258.775	92
258.925	58
259.225	16
259.725	14
261.6	58
263.125	4
263.625	0
263.9	58
263.975	82
264.15	92
265.375	10
265.95	18
266.15	92
266.25	52
266.325	14
266.5	12
266.8	0
267.15	16
267.25	50
267.325	58
267.45	58
267.55	16
270.975	6
271.55	4
271.625	4
272.125	0
272.4	12
272.45	16
272.55	16
272.775	18
273.5	58
273.625	50
276.775	12
277.3	22
277.475	52
277.75	2
277.875	4
278.075	50
278.6	10
278.65	2
279.125	92
279.2	50
279.85	92
279.875	10
279.95	10
280	4
280.325	92
280.375	58
282.575	76
282.75	28
282.975	94
283.675	16
283.9	6
284.65	2
284.65	12
284.7	12
284.775	4
284.95	22
285.05	22
285.25	14
285.375	52
285.425	0
285.575	50
285.775	50
285.95	92
286.15	12
286.25	58
286.375	58
286.425	76
286.7	52
288.65	78
288.825	4
289.375	10
297.325	60
297.4	60
297.925	0
298.375	76
298.5	52
298.55	14
298.75	2
298.775	92
298.875	0
298.9	22
298.9	78
298.925	2
298.975	94
299.025	18
299.15	92
299.25	28
299.275	50
299.425	4
299.475	2
299.475	10
299.625	94
299.725	12
299.9	4
300.425	28
300.45	4
300.525	22
301.15	28
301.375	28
302.1	16
302.3	6
302.5	56
302.675	92
302.825	92
303.025	6
303.9	56
305.8	14
305.925	18
306.25	58
306.25	78
306.4	6
306.8	4
306.8	10
306.825	28
306.925	50
307.225	92
307.325	28
307.5	58
308.35	12
308.85	4
308.975	10
309.975	12
310.35	10
310.35	50
312.25	50
312.425	50
318.1	92
321.85	16
321.925	2
322.025	14
322.25	18
322.375	58
322.425	50
322.425	78
322.7	6
322.725	28
322.75	10
322.825	14
322.875	14
322.95	4
323.1	18
323.1	56
323.25	12
323.375	50
323.45	12
323.6	12
323.675	50
323.7	58
323.85	78
324.05	14
324.575	28
325.1	4
325.1	14
325.175	56
325.325	4
326.575	6
326.75	16
327.225	16
328.275	8
328.425	8
328.9	10
329.025	0
329.125	92
329.475	66
329.475	92
329.6	66
329.925	92
329.95	50
330.075	44
330.4	0
330.525	0
330.9	4
330.95	4
331.575	0
331.8	50
331.9	76
332.025	94
332.2	94
332.25	94
332.3	38
332.55	2
332.7	14
332.75	76
332.825	50
332.875	78
332.9	76
333.1	8
333.275	18
333.4	44
333.7	78
333.875	38
334.35	10
334.425	76
334.65	76
334.8	8
335.975	26
336.7	16
336.975	26
337.525	16
338.625	4
339.45	0
340.025	76
340.1	96
340.75	76
340.775	94
342.325	92
342.625	50
343.35	76
343.6	14
343.7	50
343.725	10
343.75	50
343.85	6
343.975	6
343.975	96
344.05	78
344.3	16
344.35	14
345.3	18
345.35	12
345.525	50
345.6	26
345.775	8
345.825	50
345.85	66
345.9	12
345.95	18
346.025	8
346.05	10
346.1	10
346.225	10
346.225	50
346.425	56
346.55	12
346.925	12
348.2	82
351.8	92
351.875	4
352.45	82
352.8	66
352.875	0
352.95	12
353.15	50
353.225	76
353.275	18
353.375	50
353.45	0
353.65	8
353.7	96
353.975	0
354	10
354.2	8
354.325	76
354.375	76
354.625	14
354.625	56
354.9	50
355.675	14
355.75	14
356.325	96
356.475	96
360.925	94
362.15	16
362.375	16
362.625	18
362.775	14
362.825	6
363.025	4
363.025	92
363.075	92
363.1	50
363.175	56
363.2	96
363.225	82
363.275	0
363.325	10
363.375	66
363.45	8
363.525	8
363.625	16
363.7	12
363.775	12
363.825	12
363.85	18
364	82
364.05	82
364.15	96
364.175	50
364.2	0
364.65	12
364.9	10
366.9	2
367.075	2
367.65	76
368.175	96
368.225	94
368.675	42
368.775	94
368.925	76
370.25	42
371.975	16
372.05	16
372.85	16
373.575	16
373.9	14
374.225	16
376.4	8
376.475	50
376.65	10
376.675	8
376.775	96
376.8	6
376.9	92
377.05	42
377.2	56
377.25	56
377.3	96
377.375	92
377.4	10
377.45	96
377.95	8
378.025	92
378.175	92
378.925	56
381.175	2
381.2	94
381.525	94
384.925	16
385.075	42
385.275	18
385.275	82
385.35	14
386	94
386.425	16
388.075	4
388.2	18
388.425	66
388.475	12
388.525	50
388.6	50
389.125	8
389.15	4
389.15	42
389.275	0
389.4	0
389.4	76
389.6	50
389.6	76
389.675	92
389.75	0
389.8	10
389.8	56
389.8	96
389.875	42
389.9	56
389.95	2
390.025	94
390.525	66
390.6	50
390.65	56
390.675	0
390.825	56
390.925	56
390.925	96
390.95	92
391	92
391.325	76
391.5	28
392.45	0
393.05	28
393.225	18
394.225	18
394.3	18
394.35	18
394.625	28
394.625	82
394.7	14
395.125	66
395.45	96
395.625	14
395.8	42
396.025	6
396.225	6
396.475	4
396.5	56
396.55	16
396.675	6
396.675	92
396.825	18
396.925	18
397.15	4
397.475	18
397.675	0
397.95	0
398.5	94
398.55	94
399.15	50
400.3	96
400.5	96
400.575	96
400.925	82
402.325	8
402.525	10
402.75	16
402.95	28
403.05	0
403.275	0
403.4	92
403.5	18
403.525	94
403.7	2
404.175	18
405	28
408.5	4
409.325	4
410.175	12
410.55	66
410.6	8
410.675	56
410.725	42
410.825	42
410.975	82
411.1	28
411.1	82
411.1	92
411.125	6
411.4	28
411.575	16
411.625	2
411.675	16
411.7	2
411.7	96
411.725	42
412.05	18
412.05	94
412.125	56
412.3	50
412.875	94
413.3	96
413.425	96
413.65	94
419.25	14
419.55	58
419.7	58
420	38
420.075	6
420.175	56
420.225	28
420.3	28
420.3	92
420.425	42
420.475	16
420.475	78
420.5	92
420.55	4
420.6	96
420.65	4
420.675	82
420.725	50
420.75	2
420.75	66
420.775	14
420.775	50
420.975	94
421	28
421.2	6
421.325	58
421.35	18
421.375	38
421.525	42
421.975	78
421.975	96
422	16
422.125	42
422.225	8
422.575	10
422.775	8
423.925	8
423.95	4
428.975	50
428.975	82
429.05	18
429.325	12
429.425	92
429.575	92
429.575	94
429.75	78
429.85	78
429.9	66
429.9	82
430	8
430.025	4
430.05	14
430.15	96
430.225	56
430.4	10
430.425	82
430.45	58
430.575	82
430.725	56
430.75	14
430.925	4
430.95	82
431.05	38
431.225	66
432.325	38
436.775	58
437.225	38
437.3	38
437.75	92
438.325	92
439.675	6
439.8	56
440.025	96
440.15	10
440.15	50
440.2	14
440.225	4
440.425	2
440.425	10
440.475	92
440.525	8
440.625	6
440.625	18
440.875	94
440.9	82
440.975	96
441.075	14
441.125	8
441.675	8
441.925	82
442.15	10
442.175	56
442.325	10
444	38
444.3	16
445	16
445.1	16
445.15	4
445.475	92
446.475	50
446.725	50
446.975	50
447.775	6
447.9	56
448.1	56
448.175	56
448.2	50
448.2	96
448.25	96
448.8	14
449.05	18
449.375	94
449.425	94
449.55	18
450.325	94
450.4	94
451.15	14
453.65	66
454.25	4
454.775	4
455.4	18
455.4	50
455.525	50
455.525	94
455.65	92
456.025	94
456.1	10
456.275	94
456.425	50
456.575	96
457.1	82
457.15	82
457.375	56
457.825	56
458.05	6
458.6	8
458.8	6
458.875	78
458.9	50
459	8
459.9	14
461	18
461.275	10
461.825	94
462.025	10
462.05	94
462.425	38
462.5	38
462.625	82
463.075	82
463.2	14
463.525	16
463.975	50
464.425	50
464.65	16
465.025	56
465.25	56
465.425	72
466.2	68
467.5	4
470.175	18
470.375	94
470.475	92
470.55	8
470.6	8
470.6	94
470.7	18
470.775	42
471	82
471.05	10
471.25	6
471.275	78
471.325	8
471.325	14
471.475	94
471.675	38
471.725	16
471.725	56
471.825	92
471.875	16
472.1	72
472.275	8
475.4	2
476.1	92
476.2	96
476.25	50
476.875	68
477.15	92
477.65	8
477.8	8
478.625	42
479.075	78
479.625	4
480.05	38
480.05	72
480.4	18
480.8	14
480.825	38
480.85	16
480.85	18
480.925	18
481.075	14
481.325	18
481.425	66
482.2	42
482.325	56
482.575	66
482.6	94
484.55	94
484.775	18
485.125	56
486	56
486.175	12
486.75	8
486.975	96
487.15	78
487.2	2
487.225	78
487.325	2
487.35	92
487.775	4
487.9	78
488.35	42
488.9	92
491.65	94
491.675	58
492.35	72
493.075	66
493.175	96
493.2	42
493.425	96
493.45	42
493.7	72
493.825	14
494.05	72
494.1	56
494.575	96
494.875	32
496.3	56
497.525	30
499.725	96
499.85	92
501.075	92
501.525	18
501.6	38
501.7	38
501.85	72
501.9	58
501.925	94
501.95	12
502	74
502.025	14
502.025	42
502.15	12
502.225	50
502.25	78
502.35	78
502.375	8
502.4	66
502.425	50
502.475	30
502.525	2
502.525	6
502.725	68
502.75	92
502.775	4
502.775	16
502.9	56
503.05	2
503.1	50
503.1	56
503.15	14
503.2	6
503.2	94
503.225	66
503.275	8
503.4	46
503.525	66
503.575	46
503.65	68
503.9	50
503.975	16
504.125	18
504.925	46
509.6	92
509.775	50
510.125	50
510.2	56
510.225	18
510.65	46
510.675	72
510.85	66
511.25	8
511.325	4
511.725	46
511.875	66
512.15	66
513.3	30
513.35	30
513.35	38
513.55	92
513.625	78
513.7	72
513.75	92
513.85	14
514.775	38
514.775	86
514.975	18
515.075	78
515.625	4
515.675	14
515.8	78
515.825	18
516.175	18
516.475	18
517.7	0
517.825	0
518.275	92
518.425	2
518.425	46
518.55	2
518.6	58
518.775	32
518.85	94
518.9	6
519.2	8
519.275	50
519.3	38
519.375	56
519.525	16
519.525	18
519.55	66
519.675	72
519.7	46
519.85	0
519.925	46
520.125	16
520.2	38
520.475	64
520.85	56
520.9	56
521.6	72
522.025	30
523.2	26
523.575	46
523.775	10
524.1	18
524.15	92
524.175	12
524.2	46
524.45	18
524.6	32
524.65	66
524.8	2
524.875	58
525.175	2
525.175	8
525.35	2
525.425	4
525.425	66
525.45	86
525.5	38
525.525	12
525.675	14
525.7	72
526.1	72
526.175	66
526.375	66
527	12
527.975	50
532.7	16
532.95	18
533.025	86
533.075	86
533.225	72
533.625	0
533.65	66
533.85	14
533.925	72
534.1	92
534.525	72
534.85	14
535.15	92
535.175	4
535.3	4
535.35	64
535.425	78
535.625	14
535.675	74
535.825	58
536.15	0
536.2	74
536.25	4
536.325	50
536.35	38
536.55	2
536.875	2
536.875	72
536.9	0
537.125	56
537.525	32
537.65	38
537.7	10
537.95	92
538.125	4
538.225	6
538.325	4
538.55	32
538.75	32
538.925	14
539.3	16
539.75	86
540	18
540.375	86
542.575	30
543.15	12
543.425	78
543.475	12
543.5	66
543.625	4
543.7	66
543.825	64
544	92
544.2	2
544.35	18
544.4	14
544.425	18
544.5	12
544.825	64
545.175	0
545.275	88
545.975	6
546.4	4
546.45	16
546.575	18
546.625	6
546.775	26
546.825	18
546.975	32
547	56
547.05	32
547.075	72
547.225	56
547.4	50
547.475	66
547.625	18
547.8	46
547.825	32
547.85	88
547.975	56
548.025	4
548.425	50
548.425	88
548.475	92
548.5	56
548.7	4
549.1	46
549.2	10
549.475	32
551.1	10
551.15	10
554.1	2
554.45	86
554.6	18
555.275	16
555.85	72
555.9	16
556.325	26
556.325	66
556.4	4
556.425	14
556.475	4
556.825	32
557	88
557.025	32
557.075	88
557.5	26
557.525	10
557.725	72
558.175	92
558.525	64
558.575	4
558.625	64
558.8	30
558.875	30
558.9	88
559.225	66
559.225	78
559.575	64
560.2	2
560.2	50
560.3	56
560.475	46
560.575	46
560.6	56
560.65	46
560.775	46
560.85	66
560.9	92
561.05	50
561.075	0
561.25	6
561.275	46
561.325	6
561.4	4
561.4	16
561.525	16
561.55	66
561.575	16
561.7	16
561.725	72
562	6
562.2	0
564.8	28
564.9	8
565.05	14
565.05	28
565.05	96
565.175	8
565.2	92
565.225	58
565.25	76
565.35	58
565.425	12
565.6	56
565.6	74
565.625	38
565.7	10
565.725	66
565.725	94
565.85	92
565.975	78
566.075	88
566.1	32
566.2	96
566.3	72
566.325	64
566.475	76
566.65	2
567.025	78
567.05	94
567.1	8
567.2	78
567.45	78
567.775	88
567.925	86
575.725	94
575.75	30
575.8	94
576.05	42
576.075	38
576.325	78
576.45	72
576.475	88
576.525	32
576.6	18
576.725	14
576.825	6
576.85	50
576.85	64
576.875	90
576.925	58
576.975	8
576.975	32
576.975	66
577	46
577.125	92
577.175	58
577.225	0
577.375	4
577.375	92
577.5	56
577.525	6
577.55	96
577.6	56
577.625	16
577.65	14
577.675	64
577.75	86
577.8	72
577.825	92
578	16
578.025	2
578.05	14
578.075	72
578.075	78
578.1	66
578.225	0
578.3	86
578.425	16
578.45	50
578.6	86
578.7	0
578.75	4
578.875	50
579.375	56
582.425	30
582.45	88
582.5	42
583	96
583.05	72
583.225	78
583.325	56
583.45	32
583.5	56
583.725	96
583.75	56
584	18
584.125	58
584.175	0
584.175	56
584.525	18
584.55	0
584.925	12
585.1	58
585.15	18
585.775	8
586.25	14
586.35	90
586.5	50
586.55	50
587.2	64
589.9	96
590.95	96
591.275	4
591.775	2
591.875	4
592.25	18
592.325	96
592.4	86
592.85	50
592.875	90
592.95	32
592.975	90
593	2
593.1	32
593.2	58
593.25	14
593.3	90
593.4	8
593.425	14
593.575	90
593.6	42
593.6	92
593.7	94
593.8	6
593.8	92
593.825	42
593.85	6
593.875	42
593.875	92
593.975	4
594.075	58
594.175	78
594.3	32
594.475	92
594.5	16
594.575	8
594.675	86
594.95	72
595.1	94
595.15	88
595.275	86
596.2	88
596.8	16
599.025	30
600.025	32
600.275	14
600.35	78
600.575	78
600.675	50
600.7	18
600.75	42
600.85	42
601	42
601.025	56
601.075	58
601.125	14
601.225	2
601.275	94
601.325	4
601.325	6
601.325	58
601.35	18
601.4	56
601.425	18
601.45	86
601.45	92
601.475	56
601.5	78
601.55	56
601.725	78
601.775	88
602.1	16
602.2	16
602.275	4
602.3	92
602.45	18
603.075	86
603.375	56
604.075	18
607.275	66
607.75	88
607.8	88
607.875	4
608.175	4
608.375	42
608.45	4
608.5	66
608.925	92
609.1	42
609.325	92
609.45	90
609.5	88
609.55	50
609.725	32
609.75	50
609.775	64
610.125	18
610.15	2
610.2	42
610.2	58
610.425	50
610.575	86
610.775	18
611.125	64
611.125	86
611.175	2
611.2	14
611.35	64
611.8	64
612.025	32
612.275	86
612.55	64
612.725	12
613.35	6
613.575	16
613.6	6
613.6	12
613.675	16
613.975	2
614.3	4
614.325	64
614.45	56
614.45	64
614.525	2
614.575	2
614.625	56
614.65	8
615.125	58
615.25	58
615.35	56
615.575	50
616.275	18
620.275	88
620.5	72
620.95	66
621	66
621.425	42
621.55	8
621.625	8
621.7	88
621.725	66
621.825	92
621.95	58
622.1	8
622.175	6
622.3	72
622.45	18
622.45	50
622.575	64
622.675	58
622.9	56
623.15	2
623.25	18
623.275	14
623.35	18
623.4	94
623.475	94
623.575	56
623.625	56
625.125	42
625.875	36
626.025	36
626.375	34
626.8	0
626.85	0
626.85	32
626.925	32
627	36
627.2	86
627.3	42
627.675	32
627.675	34
627.7	42
628.925	32
629.45	36
629.6	36
630.875	16
631.05	18
631.225	18
631.375	86
631.525	94
631.65	42
631.925	42
632.05	14
632.15	86
632.475	18
632.6	48
632.65	48
638.65	72
638.775	72
638.975	66
639.1	8
639.1	66
639.125	34
639.15	32
639.4	42
639.45	4
639.55	0
639.75	18
639.8	18
639.85	18
639.85	48
639.925	94
639.975	36
640	64
640.025	14
640.125	66
640.225	8
640.4	34
640.4	86
640.45	8
640.875	14
640.975	18
641.025	18
641.225	34
641.675	4
641.8	4
642.1	0
645.6	50
646	34
646.025	92
646.075	18
646.075	42
646.175	18
646.85	50
647.275	42
647.375	66
647.825	34
647.925	4
648.025	34
648.1	86
648.125	34
648.9	86
649.4	86
649.975	2
650.5	14
651.15	50
651.4	14
655.05	12
655.575	8
656.025	12
656.4	16
656.5	66
656.775	42
656.85	72
656.9	86
656.95	34
656.975	12
656.975	18
657.05	4
657.05	6
657.15	6
657.175	18
657.2	2
657.375	50
657.4	64
657.4	66
657.425	92
657.7	18
657.8	56
658.175	64
659.2	34
659.25	50
659.325	2
659.35	18
660.025	50
660.65	94
661.475	58
661.525	94
661.7	32
662.125	48
662.2	14
662.225	0
662.325	14
662.35	8
662.925	4
662.975	66
663.05	48
663.275	34
663.275	58
663.475	0
663.625	66
663.75	64
664.3	2
665.275	50
668.575	74
669.075	50
669.175	50
669.35	32
669.45	34
669.475	56
669.5	2
669.7	66
669.875	48
669.875	66
669.9	8
669.975	18
670.35	0
670.35	64
670.4	94
670.45	92
670.475	0
670.55	58
670.65	92
670.775	2
670.775	92
670.85	18
670.875	8
671.075	58
671.325	8
671.6	34
671.85	34
671.975	34
673.275	16
673.625	86
673.675	42
673.875	72
675.2	36
675.45	8
676.35	48
676.525	36
676.75	94
678.525	2
679.5	14
680.2	2
680.65	78
680.65	90
680.85	58
680.85	78
681.1	50
681.1	92
681.125	4
681.2	50
681.275	64
681.3	86
681.325	34
681.35	86
681.475	88
681.525	74
681.575	0
681.575	42
682	74
682.05	4
682.05	34
682.175	66
682.175	78
682.3	88
682.775	0
682.925	74
683.2	56
683.3	88
683.375	92
683.5	18
683.95	86
684.225	72
684.575	36
684.625	66
685.125	72
689.55	12
690.175	12
690.2	8
690.225	66
690.225	90
690.4	0
690.4	2
690.4	50
690.5	64
690.525	58
690.525	92
690.55	50
690.575	58
690.75	74
690.825	12
690.875	14
690.95	34
690.95	86
691.025	18
691.075	42
691.075	78
691.2	8
691.25	94
691.425	86
691.5	94
691.55	2
691.575	4
691.625	36
691.7	18
691.725	26
692	18
692.075	14
692.1	12
692.1	30
692.2	10
692.25	32
692.725	48
692.775	2
692.8	26
693.075	30
693.35	90
693.4	88
693.5	12
693.525	88
693.65	36
693.725	36
693.75	72
693.8	36
693.8	66
694.75	14
695.3	14
695.3	42
695.45	78
695.8	32
697.2	64
697.725	2
698.775	26
699.075	14
699.25	14
699.275	90
699.6	90
699.85	66
700.475	88
700.925	42
701.375	92
702.975	18
703.875	10
704.475	10
705.175	66
705.375	32
705.775	8
705.925	10
706.7	74
706.875	74
707.025	2
707.025	90
707.15	66
707.175	78
707.275	42
707.3	14
707.4	36
707.525	18
707.55	50
707.6	64
707.625	18
707.625	50
707.625	90
707.7	92
707.775	78
707.875	92
708.025	2
708.075	26
708.075	78
708.15	2
708.35	12
708.6	50
708.975	50
709.1	50
709.325	92
709.625	12
709.725	18
709.925	66
710.275	42
711.025	42
711.1	32
712.35	0
712.825	14
713.325	18
714	92
714.125	10
714.225	54
714.4	54
714.6	54
714.85	64
714.975	42
714.975	66
715.1	88
715.35	88
715.475	92
715.5	36
715.775	88
716.65	66
719.025	88
726.5	2
726.875	18
727.275	0
727.5	0
727.625	32
727.675	92
727.7	12
728	36
728	54
728.05	8
728.05	32
728.075	66
728.15	0
728.2	78
728.35	64
728.35	88
728.425	74
728.475	64
728.725	42
728.875	12
728.875	64
728.9	50
728.9	90
728.95	10
728.975	14
729.025	0
729.025	50
729.05	90
729.075	36
729.2	50
729.45	10
729.475	8
729.525	66
729.55	8
729.65	14
729.725	90
730.025	10
730.25	90
732.05	90
732.825	6
733.575	4
734.275	88
734.325	66
734.55	42
734.625	88
734.65	50
734.675	64
734.725	18
734.75	4
734.8	12
734.85	42
734.925	8
734.925	54
735	66
735.1	2
735.175	54
735.25	8
735.35	92
735.75	92
735.875	14
735.95	50
736.125	64
737.75	58
738.275	14
741.425	16
741.725	86
741.825	72
741.95	8
741.95	42
742	18
742.125	58
742.35	66
742.425	92
742.675	0
742.675	18
742.85	64
742.85	92
742.9	0
743.125	14
743.25	42
743.3	2
743.425	10
743.475	54
744.25	90
744.375	54
744.6	78
744.8	42
745	4
745.175	66
745.35	90
745.45	0
745.525	10
745.7	0
745.875	4
745.9	54
746.05	36
746.15	54
747.15	54
750.975	14
751.1	50
751.25	4
751.35	66
751.475	4
751.475	42
751.475	66
751.5	78
751.525	54
751.525	66
751.575	36
751.6	4
751.7	2
751.7	4
751.7	78
751.75	54
751.85	0
751.925	36
751.95	10
751.95	92
752.025	64
752.1	50
752.25	66
752.275	0
752.425	54
752.725	0
752.75	18
752.75	90
752.8	90
753.125	38
753.4	6
753.45	92
753.5	72
753.5	92
753.65	8
753.85	16
753.85	92
754.025	58
754.075	92
754.175	92
754.275	86
754.575	94
754.65	16
754.75	50
755	0
755.175	72
755.425	38
755.7	72
755.75	16
756.975	32
757.075	96
757.125	32
757.825	32
758.5	32
759.9	90
760.2	2
760.35	78
760.725	86
760.8	96
760.875	2
760.925	64
761	18
761.05	66
761.1	92
761.15	92
761.2	90
761.2	92
761.3	42
761.375	4
761.475	38
761.475	94
761.525	54
761.625	58
761.65	50
761.675	38
761.75	0
761.8	0
761.825	86
761.85	2
761.875	6
761.875	54
761.925	72
761.95	0
761.975	50
762.175	10
762.25	4
762.325	10
762.325	16
762.325	42
762.35	72
762.375	6
762.375	54
762.45	54
762.475	38
762.75	94
762.775	4
763.45	92
764.025	96
764.275	42
764.45	42
764.575	10
764.775	12
764.95	8
765.15	54
765.175	2
765.625	8
766.275	58
766.625	2
766.625	90
767.275	58
767.8	58
767.975	86
769.95	64
770.95	64
774.65	6
775.1	4
775.325	14
775.375	32
775.375	66
775.4	42
775.4	96
775.475	94
775.6	0
775.6	6
775.65	4
775.675	0
775.675	54
775.7	94
775.725	0
775.775	54
775.775	94
775.825	18
775.875	78
775.925	8
775.95	92
775.975	90
776	64
776.025	86
776.175	14
776.2	50
776.25	42
776.275	18
776.275	58
776.325	78
776.35	58
776.4	38
776.475	54
776.475	58
776.525	66
776.55	6
776.6	14
776.625	86
776.675	12
776.675	94
776.925	8
776.95	38
777.275	92
777.55	50
777.625	38
777.8	12
778.175	64
778.275	8
778.325	64
778.8	32
779.2	14
781.975	16
782.625	42
782.7	86
782.8	78
783.2	6
783.2	32
783.225	78
784	6
784	66
784.05	92
784.35	0
784.425	0
784.525	0
784.95	0
785.35	66
785.725	38
786.2	0
786.275	14
787.075	50
787.3	54
787.325	96
787.625	10
787.925	64
788.45	96
788.6	64
789.175	96
789.35	92
790.475	42
790.65	38
790.825	66
791.025	38
791.025	42
791.25	6
791.3	38
791.775	4
791.825	4
792.4	4
792.45	12
792.625	12
792.775	18
793.025	90
793.05	8
793.1	50
793.15	78
793.35	78
793.425	50
793.6	18
793.85	18
793.95	90
795.35	14
795.525	54
795.55	14
795.875	54
795.925	86
796.075	86
797.825	86
798	86
800.65	16
801.125	4
801.15	42
801.325	18
801.45	4
801.6	96
801.675	66
801.7	6
801.7	54
801.9	42
801.975	54
801.975	90
802.125	66
802.15	92
802.375	78
802.4	16
802.425	12
802.575	92
802.625	92
802.725	14
802.725	54
803.425	6
803.45	42
803.475	12
804.3	66
804.6	12
810.25	4
810.525	50
810.875	30
810.875	42
810.875	66
811	78
811.4	38
811.625	14
811.725	54
811.725	92
811.875	78
811.975	96
812	18
812.15	12
812.175	50
812.475	92
812.525	14
812.525	32
812.95	12
813.275	90
813.375	8
813.6	32
813.675	18
813.85	38
814.1	0
814.45	12
814.75	82
814.75	94
814.775	54
814.825	54
814.85	94
814.9	94
815	54
815.125	8
815.65	2
815.725	2
815.75	10
815.8	72
815.9	88
816.025	86
816.275	8
816.725	72
816.8	88
816.825	10
816.95	8
817.025	72
817.1	10
817.1	96
817.525	96
817.8	96
818.175	96
820.3	10
820.525	16
821	42
821.175	18
821.35	86
821.575	32
821.6	38
821.625	78
821.7	78
821.775	92
821.875	94
821.975	94
822.125	82
822.475	82
822.5	38
822.675	90
822.725	96
823.1	90
823.175	96
823.35	82
828.775	30
829.325	10
829.4	78
829.475	94
829.5	54
829.55	4
829.575	38
829.575	42
829.6	32
829.65	96
829.675	82
829.725	0
829.725	82
829.75	92
829.8	96
829.85	18
829.85	66
829.9	0
829.95	92
829.975	86
830.025	72
830.075	94
830.175	72
830.175	88
830.2	10
830.25	90
830.275	8
830.425	50
830.45	12
830.45	88
830.5	12
830.5	38
830.5	42
830.5	94
830.55	42
830.6	12
830.6	38
830.725	38
830.85	82
830.9	92
831	72
831.075	72
831.225	14
831.325	78
831.325	90
831.4	54
831.425	18
831.825	42
831.925	0
831.975	42
836.975	88
837.05	30
837.1	72
837.175	72
837.975	88
838.225	82
838.45	14
838.475	4
838.85	18
838.9	4
839.05	42
839.05	66
839.125	82
839.15	78
839.2	66
839.2	92
839.25	78
839.3	92
839.325	82
839.525	16
839.6	54
839.65	72
839.725	72
839.95	86
839.975	4
840.1	42
840.15	86
840.35	92
840.4	90
841	94
841.325	90
841.375	82
841.7	6
841.75	2
841.875	86
842.075	96
842.3	32
842.775	90
842.95	2
843.325	6
843.4	96
844.425	16
844.55	72
844.65	72
844.775	32
845.55	42
845.7	6
850.65	88
850.675	4
850.8	72
850.95	14
851.075	66
851.1	18
851.175	66
851.35	0
851.375	72
851.4	54
851.475	94
851.55	42
851.625	78
851.85	32
851.85	86
851.875	96
852	18
852.025	4
852.125	92
852.175	6
852.25	82
852.325	2
852.4	2
852.475	12
852.6	90
853.75	86
854.125	90
854.25	18
858	30
858.575	16
859	42
859.075	30
859.075	72
859.1	78
859.1	86
859.1	92
859.15	18
859.175	82
859.175	92
859.225	6
859.275	32
859.3	82
859.325	78
859.4	66
859.4	92
859.425	32
859.45	92
859.525	6
859.55	14
859.55	54
859.575	96
859.625	78
859.7	4
859.8	88
859.975	0
860.1	66
860.375	66
860.4	18
860.65	82
860.725	88
860.95	0
861.025	66
861.225	42
861.3	96
861.35	54
861.4	0
861.425	94
861.7	88
861.775	4
861.875	50
862.05	0
862.05	66
862.425	90
863.325	50
866.275	60
866.725	28
866.775	28
867.075	2
867.35	18
867.5	96
867.575	72
867.675	32
867.675	86
867.75	30
867.85	18
867.875	88
867.875	96
867.9	0
867.95	50
868	92
868.05	0
868.1	92
868.175	94
868.2	18
868.275	66
868.45	54
868.475	28
868.5	42
868.575	14
868.7	32
868.825	28
868.85	82
868.95	88
869.025	30
869.1	42
869.375	54
869.55	50
869.725	50
869.75	82
870.375	66
870.6	54
870.85	4
876.25	16
876.375	16
876.375	86
876.5	16
876.55	42
876.6	86
876.675	18
876.825	72
876.975	54
876.975	96
877.15	18
877.275	66
877.875	4
877.925	4
877.95	0
878	86
878.05	0
878.25	96
879.075	96
879.3	8
879.5	8
879.95	42
879.95	92
880.125	72
880.225	72
880.375	30
880.375	32
881.4	2
881.525	18
881.525	50
881.575	32
881.6	78
881.65	0
881.7	14
881.775	14
881.9	86
882.125	6
882.125	94
882.175	30
882.375	72
882.45	54
882.475	90
882.55	54
882.675	72
882.725	72
882.775	96
882.95	72
882.95	94
882.95	96
883	82
883.425	16
883.45	6
883.5	16
883.675	4
884.925	18
890.8	14
891.225	54
891.35	78
891.575	86
891.7	66
891.775	18
891.875	92
891.925	54
892.15	4
892.15	42
892.3	88
892.525	96
892.625	90
892.725	32
892.85	6
892.85	18
892.875	42
893.1	2
893.225	50
893.425	32
893.55	32
893.875	14
893.875	90
893.9	94
893.9	96
894	94
894.325	92
897.525	68
898.325	28
898.475	28
898.7	96
898.725	72
898.925	66
899	88
899.025	68
899.125	88
899.4	42
899.425	54
899.525	4
899.575	32
899.675	54
899.725	50
899.875	92
900.2	86
900.35	92
900.5	96
900.6	92
900.825	66
900.9	66
901.375	32
911.2	82
911.725	14
912.1	54
912.175	18
912.4	86
912.5	32
912.6	94
912.65	94
912.8	96
912.875	66
913.1	28
913.175	54
913.4	82
914.125	32
914.15	66
914.45	88
914.5	88
915.325	6
915.4	32
915.775	4
916	92
916.25	6
916.325	92
916.475	50
916.925	42
916.95	68
917.775	4
917.875	54
918.05	66
918.05	68
922.825	18
922.925	88
923.075	88
923.2	88
923.6	2
923.875	94
923.9	96
924.075	82
924.075	86
924.15	32
924.4	14
924.4	32
924.65	54
924.825	14
924.85	86
924.85	94
924.85	96
924.9	14
924.925	96
925.025	66
925.075	14
925.15	86
925.475	86
925.6	68
925.75	64
926.05	64
926.4	54
927.925	64
928	64
931.35	6
931.675	50
931.875	4
932.025	32
932.075	32
932.075	42
932.2	54
932.375	96
932.425	54
932.425	96
932.5	54
932.5	66
932.5	88
932.575	50
932.6	66
932.75	64
932.775	4
932.775	82
933.025	16
933.025	82
933.075	16
933.075	68
933.125	64
933.15	54
933.2	64
933.225	54
933.375	42
933.55	16
933.55	72
933.6	16
933.6	86
933.625	18
933.7	72
933.95	68
933.975	2
934.475	14
934.725	6
934.95	2
935.75	16
936.15	94
936.325	16
937.1	94
937.25	90
937.325	90
937.65	42
937.725	42
937.75	78
937.85	32
937.85	96
937.925	96
938.05	92
938.225	90
938.4	76
938.55	2
938.675	12
938.775	12
938.8	6
938.925	12
938.95	18
939	88
939.05	4
939.075	92
939.1	16
939.15	72
939.375	66
939.525	6
939.575	18
939.7	16
940.15	68
940.825	72
942.05	68
948.825	14
949.125	0
949.275	54
949.4	18
949.475	92
949.6	4
949.625	66
949.7	86
949.9	2
950.075	42
950.1	86
950.225	68
950.3	0
950.3	64
950.4	94
950.425	92
950.45	64
950.45	72
950.475	6
950.525	90
950.7	78
950.825	0
950.9	0
950.925	68
950.975	82
951	78
951.35	68
951.625	32
951.825	90
951.85	42
952	72
952.125	18
952.175	66
952.25	32
952.325	64
952.425	96
952.475	42
952.475	78
952.575	68
952.65	96
952.725	68
953.425	64
953.525	76
953.775	76
953.8	96
954.625	2
959.025	18
959.525	94
960.1	94
961.85	64
961.85	92
961.9	64
961.925	4
962.3	54
962.35	2
962.35	72
962.425	66
962.45	6
962.45	92
962.525	0
962.55	78
962.6	64
962.775	96
962.8	42
962.85	2
962.925	72
962.95	68
962.95	88
963.125	32
963.15	52
963.225	96
963.25	76
963.475	76
963.6	86
963.95	42
964.075	68
964.1	6
964.1	14
964.125	96
964.3	32
964.3	76
964.35	52
964.45	32
964.675	92
965.425	52
965.7	14
965.7	92
969.1	32
971.425	66
971.775	42
971.825	54
971.925	4
971.925	42
971.95	92
972.05	66
972.05	88
972.15	88
972.15	92
972.175	6
972.2	88
972.425	86
972.55	0
972.825	72
972.875	54
972.875	78
973	54
973.025	92
973.075	92
973.125	32
973.125	76
973.2	4
973.35	14
973.6	94
973.825	96
975.125	96
975.25	0
975.3	52
976.875	52
979.575	52
979.65	52
980.8	88
981.6	2
981.75	18
981.85	18
981.95	96
982.125	86
982.2	0
982.2	94
982.25	94
982.425	32
982.5	66
982.55	92
982.575	66
982.65	66
982.675	14
982.925	6
983	96
983.025	52
983.25	86
983.85	66
984.2	92
985.1	96
985.95	78
986.85	92
990	20
991.025	20
992.475	20
994.075	42
994.175	32
994.175	66
994.225	66
994.375	92
994.45	6
994.675	52
994.85	96
995.25	52
995.6	4
995.675	52
995.925	94
996.05	96
996.175	52
996.725	66
997.125	52
997.125	94
997.875	52
998.55	26
998.95	90
999	90
999.425	18
999.5	78
999.525	18
999.6	0
999.625	26
999.7	78
999.725	18
999.725	88
999.725	92
999.85	0
999.85	64
1000	90
26.5	1
26.625	1
27.325	5
27.575	3
28.375	5
28.6	7
28.6	9
29.675	9
40.025	9
43.4	87
46.225	13
46.675	17
46.725	1
47.075	19
48.05	17
48.125	15
48.25	9
49.2	17
52.5	13
52.575	1
52.6	13
52.65	15
52.675	13
52.825	13
53.125	1
53.375	11
54.1	7
54.55	3
54.675	3
54.95	7
55.275	3
55.325	17
55.65	3
63.325	7
65.225	19
65.975	17
66.525	13
67.175	1
67.325	1
67.375	1
67.95	15
68.45	11
68.475	7
68.775	9
68.8	7
69.55	11
69.7	11
71.275	89
72.425	3
84.325	19
84.475	13
84.6	15
84.7	15
84.925	1
85.1	11
85.1	19
85.25	83
85.5	17
85.575	3
85.65	17
85.7	17
85.75	3
85.775	89
86.15	3
86.275	79
86.75	29
86.875	29
88.1	9
88.275	29
88.425	15
88.475	29
93.65	7
93.9	3
94.2	29
94.975	17
95.325	29
95.8	29
96.1	3
99.55	5
100.5	1
100.65	83
100.775	5
100.825	5
101.65	15
102.4	15
102.9	17
103.325	19
103.7	79
104.225	9
106.05	45
106.325	13
107.325	13
107.475	1
107.575	9
107.575	13
108.05	19
108.85	7
108.9	7
109.775	83
109.8	7
111.95	83
112.4	45
112.7	13
113.425	3
115	3
116.775	7
117.725	3
120.675	19
121.65	19
122.675	19
123.225	5
123.55	1
123.8	83
123.925	3
124.025	15
124.1	13
124.725	17
124.95	17
125.2	7
125.3	3
128.35	13
128.575	13
129.1	17
129.775	9
130.525	5
130.8	5
130.85	11
131.15	5
131.175	3
131.275	45
132.075	11
132.275	11
132.575	11
132.675	7
132.675	11
132.825	11
133.275	3
139.525	3
140.45	19
140.95	3
141.025	5
141.175	19
141.225	3
141.7	19
142	17
144.05	7
145.575	9
146.4	3
146.725	1
146.825	1
146.975	19
147.2	9
147.325	5
147.775	1
148.2	11
148.425	9
149.9	15
150.775	17
150.975	15
151.55	17
151.675	17
151.975	13
155.25	3
155.875	3
158.425	13
158.6	13
159.025	15
159.475	79
159.625	15
159.95	79
160.175	11
160.275	1
160.35	17
160.475	17
161.575	9
161.625	9
161.85	5
162.275	9
162.375	9
162.425	9
162.45	19
162.525	19
162.55	5
163.05	3
167.05	11
167.275	11
168	11
168.35	15
168.55	53
168.575	35
169.275	1
169.9	77
170.15	3
170.275	15
170.575	7
170.875	77
171.15	1
178.45	19
178.875	53
180.6	3
182.825	5
183.2	35
183.775	1
183.825	17
183.95	17
184.025	7
184.2	11
184.325	77
184.525	17
184.675	17
184.725	9
184.725	15
184.825	11
186.9	11
190.225	53
190.35	11
190.8	35
191.25	3
191.4	9
191.8	11
193.75	13
194.275	15
195.15	15
195.25	15
195.95	1
196.3	1
196.55	7
197.075	3
197.45	17
197.525	17
197.675	3
197.75	3
201.375	9
203.1	19
203.725	17
203.725	53
204.05	53
204.15	11
204.275	19
204.45	5
205	35
205.05	13
205.35	1
205.375	3
205.45	15
205.525	3
206.05	35
207.5	7
208.575	7
208.725	9
208.8	7
208.975	5
209.675	7
214.5	53
214.925	11
215.375	13
215.5	13
215.575	13
215.775	5
215.775	15
216.2	17
216.525	5
216.575	17
216.975	17
217.65	7
220.6	3
221.325	53
221.55	19
221.55	53
222.025	11
222.15	17
222.325	19
222.375	11
222.425	11
222.725	17
223.025	13
223.075	5
223.15	15
223.35	5
223.8	13
224.1	1
226.8	7
227.825	7
227.85	17
228.15	9
228.25	9
228.6	3
229	3
229.1	53
229.15	9
229.475	5
229.575	9
229.775	11
230.725	5
231.1	5
240.375	5
240.825	5
242	3
242.35	7
242.45	53
242.6	17
242.95	11
243.525	9
243.675	1
244.275	53
244.85	1
244.85	19
245.1	5
245.1	9
245.675	19
245.75	5
246.075	15
246.4	11
246.6	19
251.325	1
253.75	15
253.95	17
254.05	17
254.7	5
254.775	17
255.95	17
256.1	23
257.175	3
257.3	3
257.575	53
258.05	11
258.6	9
259.25	1
260.125	15
263.475	13
263.6	15
264.275	7
264.325	7
265.025	3
265.45	19
265.725	53
265.8	17
266.375	5
266.4	11
266.7	1
267.2	15
267.55	17
268.35	71
268.4	71
268.425	17
272.275	5
273.475	17
273.525	17
273.85	17
274.2	17
277.05	19
277.55	71
277.6	5
277.675	5
277.875	5
278.15	7
278.525	3
278.9	53
279.15	7
279.3	11
280.225	5
280.5	11
282.175	29
282.25	29
283.225	19
283.475	29
283.95	45
284.6	1
285.25	15
285.425	71
285.475	15
286.3	29
286.525	15
286.625	19
286.7	15
289.05	83
290.55	83
297.45	23
298.075	17
298.8	17
298.825	19
298.875	29
298.975	15
298.975	53
299.175	3
299.275	45
299.325	83
299.35	45
299.4	45
299.45	19
299.475	11
299.775	5
299.775	83
299.85	3
299.95	83
300.075	5
300.075	19
300.375	1
300.4	83
300.75	53
300.8	79
301.3	1
302.3	7
302.95	7
303.025	7
305.125	17
305.35	17
306.3	53
306.35	29
306.35	61
306.375	15
306.375	53
306.425	83
306.8	45
308.475	1
308.775	1
309.1	83
309.575	5
309.925	19
310.1	53
310.25	53
310.375	79
310.7	19
312.55	15
313.075	15
313.9	57
321.775	17
322	3
322.025	15
322.3	57
322.325	7
322.45	7
322.45	29
322.7	61
322.8	83
322.875	1
322.875	45
323.025	29
323.05	57
323.1	45
323.2	5
323.2	19
323.3	17
323.325	15
323.35	57
323.4	53
323.525	61
324.15	1
324.9	1
325.325	17
328.275	9
328.425	9
328.9	15
329.025	17
329.15	29
329.475	83
329.625	29
330.1	67
330.425	57
332.075	61
332.2	61
332.5	19
332.7	17
332.975	7
333.075	53
333.525	83
333.775	7
333.875	39
334	53
334.3	83
335.1	9
335.2	7
335.375	7
335.525	7
335.625	7
337.85	57
339.575	67
340.075	61
340.85	67
340.975	61
341.325	67
341.925	67
342.075	67
342.175	3
342.625	53
342.925	83
343.1	29
343.275	57
343.525	7
343.7	15
343.75	15
343.775	3
343.85	3
343.975	83
344	39
344.075	29
344.3	9
344.4	57
344.875	17
344.9	5
345.4	3
345.5	3
346	1
346.25	19
346.45	39
346.5	67
346.55	39
346.9	17
346.975	17
347.175	61
347.25	19
351.4	57
351.925	17
352.5	5
352.925	3
353.2	67
353.425	53
353.45	39
353.575	61
353.65	3
353.65	67
353.825	19
353.95	83
354.125	1
354.3	61
354.4	53
354.975	61
361.975	49
362.65	57
362.8	7
362.825	17
363.025	39
363.1	3
363.2	53
363.275	61
363.3	3
363.525	5
363.6	1
363.7	1
364.05	3
364.125	39
364.15	53
364.2	1
364.3	61
364.55	1
366.625	19
367.775	61
368.225	61
368.375	61
368.9	43
368.95	43
369.875	33
376.275	7
376.525	3
376.6	61
376.95	53
377.075	43
377.15	7
377.3	33
377.475	1
377.525	1
377.575	3
378.025	1
380.375	67
380.8	15
381.375	15
381.775	3
381.8	7
382.1	67
382.275	7
382.9	1
383.5	1
384.65	17
385.325	33
385.4	19
385.8	53
385.95	53
386.05	33
388.075	5
388.55	3
388.65	53
389.15	5
389.575	67
389.825	61
389.9	15
389.95	15
390.225	43
390.475	7
391.625	19
391.675	19
392.15	3
392.525	53
393.575	3
393.575	53
393.7	53
394.125	53
394.175	17
394.65	33
395.25	19
396.6	33
396.625	1
396.625	43
396.95	17
397.375	67
398	61
398.725	5
399.15	67
399.525	3
400.15	53
400.3	53
400.925	53
401.8	7
401.85	7
402.125	3
402.25	53
402.375	17
402.55	53
402.85	19
402.9	43
402.95	17
402.975	33
403.1	43
403.1	53
403.15	15
403.45	43
403.6	43
403.625	17
403.75	53
404	5
404.45	53
404.625	15
409.025	33
410.55	1
410.575	53
411.075	67
411.225	17
411.325	15
411.4	15
411.5	43
411.5	61
411.6	15
411.75	3
411.95	3
414.975	5
415.925	5
415.975	5
419.5	59
419.725	1
419.725	53
420.125	57
420.2	43
420.25	67
420.3	15
420.425	43
420.5	33
420.65	17
420.7	61
420.75	17
420.9	53
420.9	59
421.2	3
421.225	49
421.225	83
421.35	19
421.45	3
421.525	43
422.1	7
422.6	43
422.825	61
422.825	67
422.95	59
423.175	59
423.7	19
423.725	57
423.8	19
424.175	59
428.5	5
428.875	3
429.125	57
429.25	57
429.5	59
429.55	5
429.65	17
429.725	1
429.925	53
429.95	83
430.05	57
430.45	17
430.7	57
430.85	43
430.925	43
430.95	83
431.075	67
437.35	57
439.675	7
439.725	3
439.85	3
440	43
440	61
440.1	61
440.275	53
440.35	1
440.525	59
440.625	83
440.675	17
441.15	43
441.325	61
441.45	61
441.5	67
441.525	61
441.7	67
441.9	83
442.35	17
442.475	61
443.1	19
443.325	19
444.85	57
444.975	57
445.3	57
446.325	5
447.1	59
454.775	5
455.225	3
455.45	3
455.65	53
455.725	53
456	83
456.225	55
456.6	17
456.875	1
457.275	67
457.6	55
457.65	59
457.825	61
458.025	1
458.1	61
458.2	7
458.5	1
459.35	61
459.875	83
461.15	53
461.375	83
461.625	19
462.55	17
463.275	5
463.625	5
463.95	5
464	3
464.125	53
464.45	55
469.525	5
470.125	9
470.6	9
470.8	17
470.875	53
471.4	55
472.625	17
475	35
475.05	1
475.4	3
475.5	83
475.675	3
475.775	9
475.825	7
475.975	9
476.075	9
476.45	9
476.45	35
477.475	7
477.525	1
478.025	83
479.6	19
480.375	7
480.4	5
481.075	43
481.55	3
481.95	95
481.975	43
483.225	95
484.6	55
484.75	9
484.95	9
484.95	17
486.35	83
486.625	53
486.675	1
486.675	53
486.75	1
487.05	35
487.2	3
487.625	43
487.85	7
488.4	53
488.525	53
488.625	17
488.725	17
489.375	55
489.45	59
491.225	15
492.1	57
493.325	55
493.7	1
493.725	55
494.45	53
494.575	17
494.925	1
499.15	3
499.3	53
499.675	53
500.075	53
500.3	3
501.05	19
501.075	71
501.2	53
501.575	9
501.7	95
501.75	5
502.1	71
502.125	17
502.15	35
502.175	17
502.35	83
502.4	1
502.45	57
502.45	59
502.6	53
502.625	17
502.675	15
502.725	9
502.8	43
503.2	7
503.2	55
503.3	35
503.325	57
503.325	83
503.525	1
503.6	57
503.875	43
503.95	59
504.1	9
504.25	53
504.45	17
505.05	83
505.15	83
505.2	83
506.75	83
509.1	3
509.6	55
510.125	9
510.325	17
510.425	95
510.475	55
510.65	17
510.725	17
510.925	53
511.175	83
511.2	17
511.225	7
511.275	55
511.3	7
511.5	17
511.675	43
512.95	19
513.425	9
513.725	43
513.775	71
514	53
514.825	87
516.275	23
517.825	23
517.95	67
518.05	67
518.35	61
518.425	59
518.725	3
518.8	43
518.85	7
518.975	53
518.975	55
519.025	57
519.05	1
519.125	43
519.175	3
519.425	67
519.525	87
519.625	9
519.625	61
519.675	61
519.725	83
519.8	7
520.025	95
520.325	87
520.525	87
520.6	87
521.475	19
522.575	71
522.65	17
522.65	71
523.45	23
523.725	5
523.775	23
523.925	9
524	5
524.15	35
524.25	23
524.3	67
524.325	83
524.375	17
524.375	55
524.575	53
524.65	43
524.925	59
525.25	67
525.375	67
525.525	57
525.65	43
525.675	3
525.875	35
525.925	43
526.725	35
526.8	35
527.35	15
528.875	15
533.075	95
533.175	17
533.325	87
533.425	87
533.825	57
534.05	67
534.15	35
534.3	87
534.4	87
534.675	15
534.775	59
535.05	97
535.075	43
535.125	97
535.2	43
535.525	59
535.575	15
535.7	55
535.775	43
535.9	55
535.9	83
536.05	83
536.2	9
536.45	9
536.45	59
536.5	35
536.55	1
536.575	3
536.8	97
536.875	7
536.9	83
537.125	57
537.525	3
538.15	47
538.5	1
539.65	95
540.925	87
541.825	19
542.1	95
542.25	53
542.375	83
542.475	19
543.375	17
543.7	83
543.75	35
544.425	9
544.95	35
545.625	67
545.7	67
546	59
546.125	1
546.175	1
546.35	43
546.575	71
546.575	95
546.825	55
547.3	3
547.375	83
547.475	5
547.625	87
547.825	57
547.975	67
548.225	23
548.375	47
548.475	7
548.525	57
548.9	97
549.575	23
551.075	7
554.975	87
555.5	95
555.75	57
555.9	17
556	97
556.125	97
556.375	83
556.65	23
556.85	53
556.85	95
557.05	83
557.725	9
557.825	95
558.125	9
558.35	57
558.375	83
558.475	19
558.925	57
559.225	71
559.65	17
559.65	35
559.8	55
560.45	35
560.575	43
561.075	9
561.4	67
562.325	23
563.05	67
564.45	81
564.575	81
564.675	29
565	5
565.05	43
565.225	5
565.4	43
565.425	3
565.45	55
565.475	3
565.55	53
565.575	15
565.7	61
565.75	1
565.75	53
565.825	57
565.9	95
565.95	87
566.125	97
566.175	29
566.175	97
566.25	17
566.275	3
566.3	17
566.3	29
566.425	15
566.5	17
566.525	1
566.525	57
566.85	1
566.95	7
567.05	47
567.05	95
567.15	47
567.2	57
567.275	1
567.3	23
567.425	97
567.475	81
567.95	83
575.025	49
575.45	19
575.875	53
575.925	71
575.925	95
575.95	87
576.025	87
576.25	83
576.3	17
576.4	9
576.475	55
576.525	81
576.55	67
576.55	87
576.625	81
576.7	53
576.8	23
576.875	29
576.95	9
576.95	91
576.975	95
577	61
577.025	29
577.075	55
577.1	57
577.225	1
577.225	43
577.225	57
577.325	1
577.325	57
577.35	83
577.4	83
577.475	47
577.5	35
577.5	63
577.5	71
577.525	57
577.575	71
577.6	97
577.65	9
577.85	83
578.125	29
578.3	61
578.325	57
578.375	43
578.425	73
578.5	43
578.6	35
578.65	55
578.7	63
579.55	17
579.675	63
581.6	49
582.3	19
582.55	87
582.775	17
582.85	95
582.875	53
583.2	55
583.2	91
583.3	9
583.45	91
583.475	9
583.7	95
583.75	95
584.925	55
585.525	35
585.925	3
586	3
586.05	3
586.25	43
586.25	55
587.375	43
587.575	73
587.625	73
589.35	33
590.475	33
590.65	33
590.8	33
592.075	33
592.275	33
592.375	17
592.375	63
592.475	3
592.8	53
592.95	17
593	3
593.05	35
593.1	55
593.15	91
593.35	13
593.35	81
593.425	91
593.45	9
593.45	63
593.5	13
593.525	63
593.575	91
593.6	43
593.775	55
593.975	81
594.225	43
594.25	9
594.3	33
594.4	9
594.575	9
594.65	13
594.7	29
594.975	95
595.95	95
597.4	95
598.875	19
599.025	19
599.175	17
599.4	17
599.4	53
599.45	17
599.55	53
599.825	1
600.1	91
600.2	9
600.3	47
600.725	73
600.775	9
600.85	35
600.9	55
601.025	13
601.05	29
601.5	73
601.75	43
601.775	35
602.3	29
603	95
603.15	29
603.6	55
607.825	91
609.075	3
609.175	3
609.55	55
609.6	53
609.7	53
610.125	29
610.175	73
610.35	73
610.525	17
610.7	3
610.775	33
613.175	95
613.25	95
613.3	1
613.475	43
613.825	35
613.975	3
613.975	73
614	91
614.05	47
614.075	3
614.15	3
614.5	13
614.525	3
614.775	91
615.375	83
615.45	47
616.425	53
616.55	83
620.1	19
620.15	19
620.3	19
620.6	91
620.8	53
620.875	95
620.925	19
621.6	95
621.95	55
622.025	29
622.25	3
622.425	53
622.675	1
622.925	49
622.975	73
623.05	13
623.275	1
623.325	87
623.4	13
623.4	47
623.65	1
623.725	1
623.825	17
623.875	13
624.325	55
624.425	49
624.525	47
624.6	49
625.3	55
625.4	47
625.525	47
625.9	47
626.025	47
626.625	83
626.875	83
627	49
628.95	49
631.3	95
631.575	17
632.05	87
632.25	17
632.275	29
632.275	87
633.325	29
638.4	19
638.5	19
638.775	53
638.8	95
638.875	91
638.9	87
639.075	53
639.075	83
639.475	95
639.5	49
639.525	1
639.525	19
639.65	47
639.75	91
639.9	91
639.95	29
639.975	73
640	87
640.1	83
640.35	13
640.4	49
640.475	49
640.575	49
640.725	49
641.275	91
641.325	53
641.475	53
642.8	13
642.925	13
644.875	3
645.2	55
645.725	9
646.125	29
646.2	13
646.225	1
646.5	1
646.725	53
646.85	29
646.9	9
646.925	91
647	55
647.025	47
647.2	29
647.475	73
648.2	55
648.6	47
650.125	73
650.325	3
650.375	17
655.2	95
655.425	83
655.55	53
655.6	83
656.15	1
656.325	83
656.5	19
656.55	47
656.6	83
656.65	35
656.675	83
656.85	73
656.875	91
656.925	53
656.95	95
657	91
657.1	95
657.2	3
657.25	19
657.625	13
657.625	91
657.825	29
657.925	91
657.95	13
657.975	91
658.075	53
658.375	87
658.525	95
659.2	35
659.325	3
659.825	13
661.125	67
661.3	61
661.35	61
661.4	67
661.6	67
661.65	43
662	17
662.15	49
662.55	9
662.7	19
662.7	83
662.75	19
662.75	67
662.8	73
662.875	67
662.925	87
662.975	53
663	49
663.3	73
664.55	87
664.8	3
664.8	17
664.9	3
664.95	83
665.85	29
666.15	3
668.7	83
668.95	55
669	35
669.05	55
669.1	55
669.225	33
669.225	73
669.325	73
669.425	35
669.65	47
669.75	9
669.875	49
670.15	87
670.175	33
670.4	55
670.525	53
670.55	67
670.675	53
671.6	35
674	29
674.375	29
674.675	83
675.525	19
675.825	49
676.025	19
676.275	87
676.9	49
677.075	83
677.225	83
677.55	33
678.025	35
678.45	47
678.85	17
678.95	35
679.175	73
679.725	67
679.9	67
680.525	15
680.875	29
681.425	83
681.575	29
682.525	55
683.275	35
683.575	55
683.8	73
683.875	87
684.125	53
684.175	53
684.35	17
684.475	17
689.675	95
689.925	3
690.1	35
690.175	3
690.175	53
690.3	3
690.4	3
690.4	15
690.425	55
690.475	53
690.475	83
690.575	29
690.625	3
690.65	67
690.775	29
690.8	73
690.85	29
690.925	53
690.95	17
691.25	53
691.275	17
691.55	83
691.725	95
691.95	87
692.225	5
692.5	9
692.6	43
692.65	15
692.7	43
692.725	49
692.75	73
693.075	33
693.225	19
693.225	23
693.275	5
693.3	23
693.325	9
693.525	47
693.675	47
693.675	81
694	87
694.025	19
694.025	23
694.35	23
694.85	19
694.95	19
695.075	19
695.25	81
696.35	55
696.775	9
697.325	73
698.625	17
699.175	17
699.425	33
699.55	23
700.1	33
700.275	81
700.375	81
700.4	47
700.425	81
701.075	29
701.7	55
702.125	49
702.15	9
702.425	29
702.6	87
702.7	87
702.925	49
702.975	19
703.2	87
703.275	19
703.45	53
703.875	87
704.05	43
706.55	15
707.075	47
707.15	3
707.15	43
707.225	73
707.25	55
707.3	55
707.45	55
707.55	33
707.65	3
707.8	55
707.875	29
708.05	3
708.225	29
708.375	55
708.775	23
708.825	95
709.2	81
709.375	81
710.025	95
710.6	29
712.35	1
712.475	73
712.825	67
712.85	83
712.9	73
712.925	67
713.525	1
713.55	53
713.55	73
713.725	73
713.775	53
713.775	91
714.075	17
714.15	67
714.25	9
714.275	43
714.6	73
714.775	91
714.825	91
714.85	73
715	29
715.425	29
715.975	81
716.025	81
716.125	81
716.55	19
716.7	49
716.95	95
717.275	81
718.425	19
718.6	91
719.9	91
720.05	91
720.25	91
721.775	91
722.6	17
722.95	17
726.925	73
727.275	53
727.325	1
727.425	73
727.625	83
727.65	67
727.75	49
727.8	49
727.825	1
727.9	53
727.925	19
727.975	1
728.1	19
728.175	95
728.275	91
728.35	43
728.375	53
728.45	67
728.5	15
728.725	29
728.725	33
728.875	55
728.95	47
728.95	91
729	73
729.1	43
729.25	9
729.325	55
729.425	73
729.575	43
729.675	81
729.725	43
730.875	3
734.2	5
734.8	91
735.175	53
735.3	73
735.325	5
735.375	17
735.675	9
735.925	73
736.525	73
736.625	55
737.5	19
738.1	91
738.45	91
741.4	91
741.575	17
741.975	73
742.3	83
742.35	83
742.575	53
742.725	73
743.05	67
743.55	17
743.8	3
743.825	43
743.925	43
744	53
744.05	3
744.1	9
744.1	53
744.3	9
744.35	55
744.425	55
744.475	55
744.725	5
744.8	43
745.225	33
745.375	33
745.475	33
747.325	33
750.55	1
750.625	1
750.75	47
750.975	83
751	67
751	91
751.125	73
751.3	53
751.325	17
751.4	53
751.775	67
751.9	33
752.25	67
752.275	43
752.3	3
752.65	55
753.15	9
753.25	67
753.3	67
753.325	43
753.55	1
753.575	13
753.625	5
753.675	47
753.75	3
753.8	49
753.95	17
754.025	15
754.075	47
754.2	17
754.225	19
754.275	49
754.875	95
755.75	49
756.2	95
756.25	7
756.375	19
756.425	19
756.625	61
757.075	97
757.1	55
758.675	61
758.775	61
759.425	63
759.775	35
759.875	91
759.925	97
760.35	97
760.625	33
760.825	47
760.85	17
761.075	13
761.425	13
761.55	53
761.775	53
761.85	5
762.175	55
762.325	3
762.4	49
762.55	19
762.725	13
762.75	5
762.75	95
762.875	55
762.925	97
763	5
763.125	91
763.425	19
763.475	19
763.65	19
763.85	53
764.125	43
764.15	9
764.35	51
764.475	5
764.5	49
764.9	35
764.925	9
765.05	35
765.175	3
765.2	83
765.25	9
765.3	35
765.35	67
765.425	67
765.8	61
765.85	1
766.225	63
766.35	13
766.725	67
766.725	83
766.775	63
767.6	83
767.85	83
770.95	97
775.025	43
775.275	51
775.55	33
775.65	33
775.675	49
775.7	53
775.75	53
775.775	91
775.8	15
775.825	83
775.9	13
775.95	35
776	47
776.075	67
776.175	9
776.25	5
776.25	17
776.275	13
776.35	13
776.475	3
776.475	33
776.475	53
776.65	61
776.7	13
776.775	63
776.9	5
776.925	15
776.95	95
776.975	19
776.975	83
777.325	97
777.475	17
777.875	61
777.925	61
777.925	63
777.975	9
778.1	1
778.475	97
778.675	1
779.025	1
779.05	3
782.725	95
783.3	83
783.6	43
783.625	33
784.175	47
784.175	49
784.7	19
785.025	49
785.15	53
786.5	15
786.95	7
787.375	61
787.4	3
787.45	3
788.05	17
788.15	17
788.5	9
789.225	43
789.55	17
789.625	49
790.9	49
792.3	33
792.325	5
792.5	3
792.575	53
792.8	53
793	91
793.025	95
793.175	83
793.275	17
793.7	95
793.875	33
794.1	5
794.525	5
795.575	19
795.625	19
795.65	9
795.7	53
801.075	95
801.25	33
801.275	97
801.5	33
801.75	5
801.775	53
801.85	53
801.875	43
802.1	43
802.15	17
802.15	91
802.2	17
802.35	17
802.375	49
802.975	19
803.4	49
803.775	97
804.05	19
804.125	17
804.5	49
811.325	95
811.35	9
811.575	53
811.725	5
811.75	17
811.825	49
811.9	9
811.9	49
811.95	9
812.125	1
812.225	95
812.3	9
812.475	83
812.55	91
812.9	47
813.05	33
813.575	83
813.625	9
813.65	47
813.725	17
813.875	43
814.375	11
815.175	3
815.175	45
815.3	45
815.5	57
815.925	83
816	3
816.05	19
816.05	45
816.3	7
816.425	9
816.475	11
816.475	91
816.625	7
816.625	97
816.85	61
816.975	19
817.05	7
817.15	63
817.575	97
817.75	97
818.2	17
821.15	97
821.85	33
821.9	33
822.025	83
823.35	83
828.925	95
829.175	53
829.2	9
829.275	17
829.325	11
829.6	45
829.625	83
829.775	57
829.825	33
829.875	33
829.875	57
829.975	5
830	91
830.075	95
830.175	97
830.2	45
830.25	11
830.3	83
830.375	53
830.425	97
830.45	91
830.675	45
830.7	5
831.1	3
831.325	91
831.5	97
831.55	97
831.775	97
831.825	3
836.475	19
836.625	91
837	95
837.225	83
837.4	83
837.45	53
837.7	17
838.2	19
838.675	9
838.675	17
838.875	83
838.95	17
839	57
839.125	83
839.375	5
839.45	97
839.95	3
840.075	3
840.575	3
841.225	35
841.85	43
842.35	3
843.575	43
845.175	7
845.275	7
850.2	57
850.675	97
851.4	53
851.65	7
851.85	35
851.875	83
852.025	9
852.3	3
852.375	3
852.575	97
852.6	53
852.675	19
852.675	43
852.925	35
852.95	3
852.95	95
853	5
853.05	91
853.1	9
853.15	91
854.125	5
858.475	17
858.475	95
858.6	9
858.675	53
859.025	97
859.15	57
859.225	35
859.25	53
859.35	17
859.6	5
859.6	83
859.9	43
859.95	91
860.175	57
860.325	35
860.65	83
860.7	43
861.075	49
861.575	19
861.825	49
861.9	33
862.225	33
862.325	95
862.375	95
862.65	95
863.15	33
866.825	53
866.9	53
867.25	83
867.275	71
867.35	19
867.55	3
867.6	53
867.825	19
867.875	55
867.925	9
868.075	17
868.125	17
868.175	95
868.2	19
868.425	83
868.475	5
868.675	49
869.075	17
869.275	55
869.375	55
869.725	95
871.275	57
871.425	17
872.55	17
872.65	57
876.675	95
876.725	97
877.1	57
877.65	57
879.825	43
879.975	19
880.575	49
880.6	71
880.775	9
880.9	9
881	73
881.075	55
881.275	5
881.375	1
881.65	57
881.725	13
881.775	57
881.825	19
881.875	57
882.1	33
882.175	47
882.4	83
882.425	17
882.45	57
882.75	49
882.85	43
882.95	73
883.1	57
883.175	47
883.2	9
883.675	5
884.125	3
884.175	3
884.475	81
884.8	47
885.15	81
885.375	81
885.4	3
885.425	81
891.7	9
891.75	17
891.825	83
892.025	33
892.075	83
892.225	5
892.225	47
892.225	81
892.45	47
892.6	57
892.7	9
892.725	73
892.825	55
892.85	1
892.875	33
892.975	1
893.075	1
893.15	83
893.175	91
893.2	3
893.25	67
893.4	33
893.5	49
893.525	33
893.55	47
893.625	55
893.85	57
893.95	61
894.075	33
894.275	43
894.375	97
894.75	49
894.825	91
895.8	91
895.875	91
896.1	67
898.175	5
898.175	53
898.525	19
898.675	83
898.725	19
898.8	83
898.9	95
898.925	83
898.975	83
899.6	91
900.1	57
900.15	81
900.5	97
900.625	97
901.125	81
912.375	53
912.625	17
913.075	83
913.1	11
913.45	53
913.625	19
914	91
914.3	83
915	83
915.425	91
915.575	91
915.65	43
916.025	1
916.125	57
916.2	1
916.425	81
916.525	67
916.575	43
916.6	97
916.95	1
917.05	1
917.1	57
917.15	67
917.225	67
917.375	3
917.425	3
917.55	57
917.95	67
922.8	19
923.25	91
923.3	91
923.55	19
923.55	53
923.725	17
923.975	83
924.5	3
924.575	33
924.875	17
925.1	53
925.225	67
925.275	67
925.7	33
925.75	17
931.5	33
932.025	57
932.1	57
932.225	17
932.5	97
933.45	95
933.5	73
933.525	17
933.6	3
933.625	97
933.7	73
933.75	83
933.825	83
933.9	83
933.95	1
934.05	1
934.2	73
934.25	83
934.3	67
934.3	91
934.375	91
934.425	91
934.95	97
935.225	91
935.6	3
935.775	61
936.275	43
936.625	91
936.875	63
936.95	63
936.95	91
937.35	35
937.7	9
937.725	7
937.8	7
937.85	97
937.925	97
937.975	49
938.1	81
938.15	49
938.225	5
938.425	19
938.55	3
938.55	95
938.675	35
938.825	55
938.925	83
938.95	95
939.05	53
939.075	5
939.075	83
939.1	17
939.175	17
939.275	97
939.375	3
939.4	5
939.475	49
939.7	43
939.725	57
940.875	53
941.7	83
948.95	53
949.45	73
949.5	83
949.525	67
949.8	9
949.875	9
949.925	53
949.925	61
950.075	3
950.075	57
950.075	81
950.125	35
950.225	3
950.275	9
950.3	43
950.325	63
950.35	97
950.45	63
950.475	17
950.5	3
950.5	55
950.5	83
950.725	91
950.85	9
950.9	35
951.05	97
951.225	33
951.375	17
951.75	91
951.825	43
951.85	33
951.85	55
951.975	17
952.3	7
952.7	49
961.45	3
961.9	3
961.9	5
962.025	35
962.225	57
962.25	81
962.475	57
962.475	81
962.6	19
962.675	81
962.675	97
962.75	33
962.775	9
962.85	7
962.9	95
962.925	67
962.95	17
963.1	53
963.125	7
963.4	3
963.45	49
963.475	35
963.475	81
963.5	83
963.575	3
963.7	1
963.775	91
964.05	91
964.125	97
964.325	33
964.35	53
964.75	81
964.925	35
965.175	91
965.475	91
968.475	33
969.175	35
969.575	35
971.85	91
971.975	9
972.175	9
972.275	81
972.475	57
972.875	1
973.075	67
973.3	83
973.35	57
973.4	29
973.4	83
973.525	63
973.6	83
973.875	53
973.95	7
974.375	9
974.55	49
974.6	3
975.125	53
975.25	53
975.625	95
975.825	49
979.525	97
980.525	97
980.675	19
981.2	91
981.375	53
981.6	95
981.725	63
982.075	3
982.15	35
982.175	53
982.225	17
982.4	7
982.475	9
982.8	33
982.825	29
982.825	83
982.85	81
983.325	17
983.5	33
983.65	1
984.6	49
985.8	49
986.15	17
986.425	83
986.75	97
987.15	97
987.275	49
987.675	83
987.775	83
987.85	83
987.85	97
988.175	97
993.725	43
994.225	49
994.475	29
994.575	91
995.05	1
995.125	1
995.2	97
995.225	51
995.45	83
995.6	13
995.975	29
996.025	81
996.075	81
996.35	83
996.475	83
996.625	83
998.3	3
998.65	53
998.825	13
999.025	5
999.1	23
999.125	5
999.375	35
999.45	35
999.65	17
