26.55	9
26.725	6
26.775	7
27	1
27.25	1
27.45	8
28.25	3
28.275	5
28.925	0
29.725	5
30.15	5
30.2	2
30.375	0
30.825	6
31.3	2
41.375	3
41.8	0
42.4	3
44.6	4
45	9
45.375	5
45.65	5
45.875	6
46.525	16
46.65	16
46.75	15
46.875	7
47.075	8
47.15	1
47.3	19
47.45	13
47.575	13
47.675	12
47.9	7
48.275	10
48.275	18
48.3	76
48.375	2
48.625	13
48.9	12
49	11
49.075	11
49.425	10
49.5	2
49.5	17
50.075	18
50.175	18
50.925	14
51.95	14
53.775	16
54.55	18
55.425	17
55.75	17
55.825	17
56	9
56.025	28
56.15	17
56.4	17
57.725	8
58.15	10
58.175	15
58.275	9
58.35	11
58.55	2
58.625	2
58.9	15
59.05	8
59.175	11
60.625	0
60.9	76
61.65	0
62.325	5
62.675	3
62.9	4
63.375	4
63.85	4
64.55	12
64.7	8
65.3	6
65.5	16
65.5	19
65.625	1
65.925	6
66.025	7
66.05	14
66.125	18
66.25	15
66.55	10
66.55	17
66.625	0
66.625	11
66.625	17
66.85	0
66.9	9
66.95	28
67	28
67.15	76
67.4	2
67.625	6
67.875	11
67.925	7
68.35	18
68.625	13
68.7	13
69.025	6
69.2	6
71.625	5
71.775	12
72.075	12
72.225	12
72.45	1
72.95	3
73.2	14
73.425	0
73.8	76
73.825	15
73.85	3
74.025	0
74.025	14
74.2	11
74.275	2
74.475	15
74.525	18
74.75	7
75.05	2
75.05	11
75.3	8
75.3	13
75.525	15
75.7	10
76.125	28
76.225	28
76.325	9
76.825	5
77.125	5
77.225	8
77.225	10
77.3	10
77.375	12
80.925	92
81.6	4
82.05	0
82.2	5
82.25	63
82.675	92
83.05	75
84.275	6
84.35	16
84.4	8
84.55	4
84.7	18
84.775	1
85.025	16
85.1	13
85.15	18
85.175	19
85.225	14
85.45	15
85.725	3
85.75	2
85.775	7
85.825	3
85.95	11
86.15	10
86.675	7
86.825	3
86.825	13
86.9	7
86.95	3
87.2	12
87.225	10
87.575	8
87.725	10
88.05	9
88.25	15
88.425	12
88.6	5
89.025	3
89.225	54
89.925	17
90.05	2
90.425	3
90.425	10
90.55	9
90.975	54
91	2
91.25	2
94.5	19
97.4	75
97.7	7
97.85	10
97.975	17
98.025	8
98.025	18
98.15	3
98.175	9
98.325	54
98.375	15
98.4	13
98.475	14
98.55	14
98.675	7
98.7	10
98.875	11
98.9	2
99.075	2
99.1	7
99.125	18
99.15	17
99.275	18
99.575	10
99.85	4
99.9	10
100.1	8
100.175	15
100.225	5
100.25	15
100.475	12
100.75	15
100.9	4
102.2	12
102.35	6
102.65	16
102.95	12
103	1
103.1	1
103.625	14
104.1	18
104.225	14
104.475	14
104.625	19
104.675	19
104.9	11
104.975	0
105.025	0
105.025	18
105.3	82
105.375	92
105.475	82
105.525	11
105.7	18
106.1	62
106.75	92
106.8	92
107	18
107.325	9
107.7	18
107.725	5
107.775	18
108.125	5
108.15	12
108.65	18
108.95	53
110.3	10
110.575	9
110.7	5
110.85	53
110.975	5
111.025	75
111.125	53
111.175	17
111.325	10
111.375	7
111.425	7
111.425	10
111.45	9
111.55	75
111.575	5
111.625	14
111.75	82
111.825	8
111.85	82
111.9	8
112.15	15
112.4	7
112.425	2
112.45	75
112.475	2
112.65	14
112.7	11
112.825	82
112.975	8
113.65	14
113.825	3
113.925	14
113.975	53
114.05	11
114.2	92
114.45	0
115.275	0
115.45	92
116.025	92
118.275	4
118.625	0
118.75	5
118.875	18
119	17
119.1	18
119.475	14
119.6	82
119.825	53
120.325	11
120.525	53
120.55	11
120.7	3
121	18
121.1	18
121.525	53
122.25	7
122.4	3
122.575	6
122.925	16
123.225	1
123.35	75
123.825	4
123.925	4
124.05	5
124.1	5
124.175	16
124.275	16
124.35	0
124.4	0
124.4	18
124.5	8
125.025	41
125.05	16
125.075	5
125.3	82
125.55	0
126.7	19
127.325	53
127.45	75
127.65	75
128.1	75
128.2	9
128.725	2
128.775	75
129.125	3
129.425	7
129.475	5
129.525	12
129.575	41
129.65	41
130.025	1
130.075	1
130.3	7
130.6	9
130.65	14
131.025	1
131.925	14
132.175	10
132.325	17
132.475	14
132.525	17
132.75	14
132.95	10
133.025	75
133.225	10
133.575	14
133.65	82
134.1	14
134.15	14
134.35	10
134.8	10
135.625	10
139.35	4
139.675	5
139.825	19
139.95	0
139.975	12
140.075	3
140.075	12
140.125	18
140.175	8
140.2	53
140.25	17
140.25	92
140.325	1
140.375	53
140.5	1
140.6	10
140.6	14
140.6	75
140.7	82
140.8	7
140.85	5
141.4	1
141.425	92
141.475	8
142.175	8
142.9	6
143.025	4
143.15	9
143.3	9
143.35	16
143.85	0
144.15	4
144.5	0
145.25	4
146.325	68
146.6	92
146.7	11
147.175	17
147.2	82
147.3	17
147.3	18
147.3	68
147.475	53
147.575	14
147.9	68
148	11
148.15	17
148.175	53
148.625	53
148.75	3
149.425	16
149.425	79
149.8	12
149.95	1
150.1	0
150.3	8
150.325	3
150.35	14
150.375	2
150.45	14
150.525	53
150.7	2
150.775	7
150.85	7
151.1	7
151.875	7
153.725	5
154.425	12
154.5	18
154.55	3
154.6	5
154.675	53
154.825	53
155.05	0
155.15	0
156.575	8
157.65	4
157.65	92
158.425	10
158.55	17
158.675	10
158.875	9
158.975	14
159.275	79
159.3	47
159.45	5
159.45	18
159.675	53
159.7	10
160.4	3
160.475	9
160.525	79
160.65	17
161.225	14
161.3	47
161.375	7
162.25	8
162.325	7
164.475	19
164.575	6
165.025	1
165.025	16
165.125	16
165.175	4
165.225	1
165.55	53
165.575	5
165.575	79
165.675	0
165.725	4
165.75	18
166.025	10
166.025	92
166.05	11
166.1	0
166.15	17
166.4	3
166.5	9
166.75	3
166.775	47
166.975	3
167.025	17
167.375	14
167.425	14
167.525	18
167.65	14
167.65	17
168.475	14
168.475	17
168.725	14
169.45	13
169.775	75
169.8	6
169.85	15
169.925	1
169.95	6
170.05	17
170.125	2
170.275	7
170.5	10
170.625	75
170.7	9
170.775	6
170.8	7
170.825	9
170.925	4
171.025	3
171.05	4
171.05	12
171.125	79
171.175	1
171.175	53
171.175	79
171.25	4
171.275	10
171.275	15
171.4	15
171.475	10
171.8	75
172.05	10
172.35	53
172.475	53
172.625	8
172.65	17
172.75	8
174.55	75
178.675	4
179.7	1
180.125	7
180.375	4
180.525	3
180.6	10
180.625	8
180.725	10
180.75	8
180.75	17
180.875	10
180.9	53
181	75
181.075	17
181.575	6
182.05	8
182.075	3
182.125	8
182.475	6
183.175	0
183.225	0
184.5	18
184.7	13
185	15
185.075	90
185.15	5
185.2	18
185.525	75
185.625	12
185.75	8
185.825	18
185.85	75
185.9	14
185.95	5
186.025	18
186.1	3
186.1	53
186.125	18
186.25	90
186.35	8
186.375	11
186.425	11
186.525	53
186.625	1
186.725	0
186.875	0
187.05	20
187.175	75
187.325	5
187.375	11
187.9	47
188.55	19
188.7	2
188.975	79
189.225	19
189.375	9
189.5	7
189.5	53
189.825	10
189.975	9
190.075	9
190.225	3
190.3	34
190.3	47
190.7	17
190.95	16
191.125	18
191.25	17
191.75	18
192.3	16
192.65	75
194	68
194.15	17
194.2	53
194.475	3
194.525	5
194.525	68
194.725	53
194.8	3
194.9	79
194.975	79
195.125	17
197.05	13
197.425	15
197.45	6
197.6	7
197.725	10
197.8	11
197.8	47
197.85	2
197.925	75
197.95	1
197.975	11
198	10
198	16
198.025	1
198.15	1
198.15	75
198.2	75
198.225	18
198.275	17
198.325	17
198.5	6
198.575	6
198.675	68
198.7	6
198.85	79
198.9	4
198.925	75
199	10
199.15	53
199.25	53
199.325	0
199.4	18
199.4	79
199.5	11
199.575	53
199.65	15
199.75	17
200.225	1
200.35	67
200.4	67
200.475	67
200.575	0
201.325	5
201.775	67
203.025	4
203.45	5
206.65	13
206.7	2
206.875	18
206.95	3
207	6
207	17
207.025	14
207.025	75
207.05	7
207.075	75
207.125	1
207.125	15
207.275	53
207.35	16
207.375	14
207.4	10
207.45	11
207.45	14
207.525	0
207.55	17
207.675	11
208.125	75
208.225	7
208.225	19
208.275	7
208.375	0
208.45	0
208.525	79
208.975	11
209.05	4
209.65	79
209.75	10
210.025	5
210.15	18
210.4	9
210.4	12
210.575	8
210.85	8
211	20
211.375	34
211.825	67
212.075	34
212.125	18
212.375	20
212.525	7
213.125	1
213.25	10
213.575	14
214.05	56
214.1	53
214.25	15
214.475	75
214.65	11
214.7	17
214.775	18
214.9	15
215	53
215.45	58
215.6	15
215.775	15
216.75	68
216.975	17
217.125	5
217.25	79
217.3	3
217.425	53
217.825	18
217.85	34
218.15	0
218.2	1
218.325	34
218.45	4
218.475	67
218.6	0
218.6	5
218.65	0
219.2	34
219.5	0
219.725	67
219.775	1
219.85	1
219.95	67
220.675	4
220.775	6
221.025	5
221.025	16
221.375	56
221.575	12
221.6	75
221.65	6
221.8	6
221.875	18
221.9	16
221.925	8
221.925	17
221.975	8
222.075	10
222.15	15
222.2	20
222.2	53
222.3	20
222.325	18
222.4	34
222.475	15
222.525	0
222.65	56
222.7	3
222.875	53
223.025	7
223.475	53
223.575	13
224	20
224.05	10
224.375	0
224.9	2
225.2	17
225.25	19
225.375	53
225.65	10
225.65	79
225.7	17
225.725	18
226.275	13
227	9
227.15	79
227.5	13
227.7	5
227.75	5
228.225	3
228.225	12
228.625	1
228.75	14
228.775	53
228.825	8
228.875	8
229	56
229.025	79
229.075	9
229.225	10
229.25	12
229.35	12
229.475	12
229.525	20
229.725	11
229.875	14
229.9	18
229.95	12
230.075	13
230.125	12
230.2	15
230.275	3
230.275	18
230.4	0
230.475	34
230.625	18
230.625	56
230.725	17
230.775	6
231.2	2
231.275	88
231.35	10
231.4	11
232.2	2
232.35	17
232.8	17
233.9	5
234.525	12
235.1	5
235.2	12
235.3	12
235.325	53
235.35	1
235.4	1
235.5	56
235.675	67
235.7	17
235.9	6
235.925	14
236	10
236.05	10
236.1	10
236.1	15
236.175	11
236.275	11
236.4	17
236.675	11
236.725	67
236.75	56
236.975	56
237.025	2
237.075	2
237.075	56
237.125	56
237.275	2
237.275	56
237.575	15
237.875	3
237.95	3
238.2	0
238.225	79
238.425	34
239.3	4
239.55	0
240.375	5
240.4	7
240.55	3
240.75	20
240.775	8
240.8	15
240.925	1
241.275	98
241.325	98
241.625	56
241.675	14
241.775	11
241.925	18
242	18
242.075	16
242.1	13
242.25	17
242.275	53
242.475	6
242.475	68
242.625	11
242.675	79
242.75	16
242.8	14
243.2	17
243.3	17
243.325	13
243.65	16
243.725	68
244.125	3
244.4	79
244.425	53
244.55	10
244.6	11
244.65	15
244.7	11
244.8	6
244.875	6
244.875	11
244.875	15
244.875	79
244.925	34
244.975	10
245.125	2
245.375	2
245.5	18
245.55	2
245.575	1
245.625	53
245.675	11
245.725	14
245.8	53
245.825	10
246.025	1
246.275	56
246.65	79
246.825	67
246.9	12
247.025	9
248.175	9
248.375	57
249.125	5
249.125	19
249.2	5
249.3	9
249.325	12
249.55	3
249.55	88
249.6	12
249.6	18
249.675	8
250	20
250.05	20
250.125	20
250.175	1
250.375	1
250.425	15
250.425	34
250.5	98
250.625	18
250.675	53
250.875	88
250.95	88
251.05	15
251.075	11
251.15	15
251.4	19
251.45	98
251.55	11
251.65	51
251.975	18
252.7	38
252.875	98
253.825	13
253.975	6
254	15
254.325	56
254.85	0
255.375	67
255.425	51
255.5	51
255.875	10
256.025	6
256.35	9
256.425	51
256.425	67
256.675	9
256.8	1
256.825	79
257.25	11
257.275	34
257.35	11
257.55	1
257.675	98
257.725	18
257.775	38
258.025	4
258.075	4
258.15	5
258.325	10
258.375	18
258.475	10
258.5	13
258.525	57
258.65	3
258.9	88
259.05	7
259.125	17
259.2	53
259.35	3
259.35	8
259.375	15
259.45	17
259.45	20
259.525	17
259.575	3
259.625	14
259.725	88
259.75	16
259.8	1
260.15	6
260.225	8
260.25	7
261.15	56
261.375	8
261.575	6
261.625	56
263.075	98
263.2	98
263.4	16
263.45	68
263.525	18
263.625	79
263.675	5
263.675	17
263.775	34
264	1
264.1	5
264.1	11
264.125	0
264.15	16
264.25	5
264.325	53
264.35	15
264.425	53
264.5	51
264.6	67
264.625	4
264.875	13
264.9	38
264.925	4
264.95	11
265.125	13
265.175	8
265.175	13
265.25	15
265.275	10
265.275	19
265.3	6
265.425	17
265.675	79
265.775	88
265.8	20
265.825	15
265.95	14
266.075	11
266.3	53
266.475	14
266.9	11
267.15	3
267.375	88
267.475	88
267.575	12
267.6	20
268.625	12
268.825	12
269.975	9
270.15	5
270.175	79
270.675	34
270.8	67
270.85	15
270.875	1
270.925	11
271	9
271	15
271.025	51
271.15	5
271.15	9
271.2	5
271.25	56
271.375	13
271.4	14
271.575	98
271.65	8
271.675	98
271.7	34
271.725	17
271.85	6
271.85	67
271.975	8
272.025	67
272.125	20
272.15	15
272.175	1
272.225	11
272.3	53
272.6	17
272.675	56
272.9	4
273.3	56
273.525	7
273.875	10
274.425	0
275.15	0
275.25	0
276.25	20
276.45	60
276.475	20
276.625	20
276.825	34
276.9	34
277.25	1
277.325	20
277.85	56
277.975	17
278.825	20
278.975	34
279	17
279.175	56
280.25	16
280.6	2
280.625	68
280.725	68
280.8	20
280.925	5
280.95	79
281	3
281	18
281.025	53
281.025	79
281.05	5
281.125	13
281.175	7
281.3	11
281.35	10
281.375	0
281.4	15
281.525	6
281.75	9
282.225	13
282.225	51
282.275	13
282.325	51
282.375	4
282.5	4
282.575	8
283.15	9
283.4	5
283.4	10
283.5	10
283.7	51
284.1	51
285.125	2
285.3	19
285.725	17
285.85	88
286.1	3
286.225	17
286.275	19
286.325	17
286.425	79
286.5	17
286.575	19
286.6	0
286.775	11
286.8	18
287	11
287.075	19
287.375	2
287.525	0
287.525	3
287.55	15
287.925	0
287.975	26
288.05	11
288.575	12
288.7	53
289.05	1
289.05	8
289.2	10
289.425	56
289.8	6
290.25	4
290.45	9
290.55	5
290.575	4
290.675	79
290.725	51
290.85	8
290.85	51
291.025	79
291.175	11
291.225	3
291.325	17
291.675	11
291.675	88
291.825	18
292.25	9
292.35	53
292.5	0
292.775	0
292.9	88
293.675	88
294.625	19
294.775	10
296.55	17
297.2	14
297.475	53
297.875	11
297.925	15
297.95	10
298.025	18
298.075	9
298.2	5
298.2	18
298.225	79
298.275	18
298.375	0
298.4	3
298.45	13
298.525	12
298.575	14
298.625	6
298.75	51
298.825	8
298.9	1
299	4
299.025	33
299.15	1
299.3	33
299.625	6
299.75	4
299.85	4
300.025	18
300.675	17
300.875	14
301.15	16
301.525	68
301.75	79
301.875	0
302.05	71
302.175	2
302.6	60
302.65	16
302.725	17
302.775	17
302.825	79
303.1	68
303.575	20
303.675	71
303.725	7
304	71
304.05	1
304.325	8
304.55	10
304.7	17
305	9
305.1	7
305.575	51
305.75	5
305.925	12
306.075	12
306.125	12
306.15	20
306.15	53
306.275	19
306.275	34
306.35	3
306.375	19
306.4	18
306.45	11
306.475	53
306.5	7
306.625	5
306.95	51
307.2	12
307.35	0
307.425	18
307.475	79
307.5	0
307.65	11
307.9	17
307.9	51
308.7	0
308.825	0
308.825	15
308.875	15
308.95	2
309.1	17
309.175	17
310.3	3
311.475	14
312.075	53
312.325	16
312.5	16
312.55	10
312.625	10
312.725	9
312.875	51
312.95	17
313	18
313.025	79
313.15	79
313.4	0
313.525	5
313.9	12
315.675	6
315.85	33
316.15	1
317	64
317.075	1
318.2	4
318.325	2
318.55	17
318.9	0
318.975	18
319.35	53
319.5	53
319.55	14
319.625	3
319.65	0
319.75	10
320	13
320.375	15
321.075	11
321.2	17
321.45	15
321.525	6
321.575	6
321.9	6
321.95	1
322.625	33
324.05	7
325.075	10
325.125	10
325.475	3
325.525	17
325.875	17
325.95	0
326	0
326.175	53
326.9	11
327.075	53
327.45	14
327.6	8
327.85	15
327.9	20
327.975	18
328.225	1
328.225	34
328.25	0
328.375	13
328.6	8
328.675	6
328.7	15
328.7	16
328.75	15
328.85	18
329.15	33
329.35	12
329.525	13
329.575	13
329.775	34
329.8	12
329.925	12
329.925	18
330.575	1
331.975	67
332.1	67
332.275	60
332.5	19
332.65	79
332.775	15
332.8	0
332.8	53
332.8	67
332.875	51
333.05	8
333.175	4
333.175	11
333.25	15
333.25	79
333.35	4
333.4	4
333.425	0
333.425	5
333.6	33
333.65	19
333.7	13
333.725	9
333.75	53
333.775	60
333.825	8
334.125	3
334.45	8
334.575	64
334.875	2
335.25	33
335.275	17
335.35	17
335.4	27
335.425	7
335.475	3
335.7	10
335.8	20
335.85	10
335.95	8
336.05	20
336.2	1
336.25	34
336.3	17
336.325	14
336.325	67
337.025	67
337.05	7
337.5	20
337.95	6
338.1	1
339.125	6
339.25	4
339.825	51
339.9	51
339.925	64
340.025	64
340.05	13
340.15	13
340.5	8
340.55	0
340.55	8
341	67
341.1	67
341.2	13
341.55	17
341.95	74
342.3	17
342.375	2
342.5	7
342.55	2
342.6	3
342.65	74
342.675	3
342.675	45
342.7	16
342.7	18
342.825	0
342.825	45
342.875	67
342.925	3
343.05	53
343.075	0
343.1	74
343.35	80
343.45	11
343.5	80
343.6	74
343.825	18
343.85	3
344.125	53
344.225	17
344.4	32
345.2	80
345.85	32
345.95	32
346.925	15
347.45	2
347.65	74
348.225	17
348.3	15
348.575	1
348.75	18
348.875	14
348.925	15
348.95	67
349.125	18
349.625	8
349.625	53
349.675	1
349.75	74
350.025	10
350.4	53
350.55	32
350.575	10
350.575	53
350.625	32
351	12
351	53
351.15	19
351.55	51
351.975	13
352.15	80
352.225	6
352.3	19
352.35	16
352.35	33
352.7	4
352.975	5
352.975	32
352.975	51
353.125	64
353.275	13
353.35	2
353.45	2
353.55	3
353.625	4
353.675	3
353.8	0
353.85	80
353.925	9
354.175	4
354.325	67
354.575	64
354.65	53
354.925	0
355.175	67
355.7	67
355.75	64
356.775	0
357.175	51
357.95	8
358.275	74
358.4	10
358.625	17
358.925	33
358.975	32
359.075	51
359.125	8
359.125	14
359.3	51
359.45	74
359.625	53
359.65	9
359.8	53
359.85	18
359.875	33
360.1	13
360.225	64
361.425	3
362	81
362.025	3
362.05	0
362.175	13
362.575	3
362.875	53
362.925	5
363.075	12
363.1	70
363.275	8
363.275	53
363.325	76
363.35	5
363.45	19
363.5	81
363.55	19
363.625	5
363.75	69
363.775	2
363.825	54
363.85	4
363.85	16
364	64
364.175	11
364.225	0
364.225	51
364.325	4
364.4	9
364.425	33
364.475	41
364.6	19
364.725	92
364.75	64
364.975	15
365.05	16
365.2	15
365.75	74
365.75	76
365.9	33
365.975	76
366.225	14
367.2	15
367.35	14
367.6	74
367.675	7
367.725	92
367.825	10
367.975	41
368.05	33
368.425	3
368.55	53
368.575	0
368.825	51
369	8
369.125	11
369.575	13
369.65	0
369.725	64
369.75	0
369.875	2
369.925	76
370.2	2
372.25	54
372.625	9
372.825	41
372.95	41
373.175	92
373.225	92
373.4	0
373.425	41
373.525	41
373.625	41
373.7	41
373.875	1
373.975	5
374	1
374.175	32
374.2	70
374.25	70
374.325	74
374.375	14
374.45	68
374.5	17
374.575	19
374.6	3
374.6	33
374.6	67
374.65	69
374.675	3
374.7	53
374.7	67
374.725	8
374.725	92
374.75	79
374.825	51
374.85	64
374.925	3
374.95	45
375	34
375.025	15
375.075	2
375.075	32
375.1	11
375.125	32
375.15	18
375.2	11
375.3	11
375.3	27
375.325	2
375.4	10
375.4	13
375.45	2
375.5	18
375.525	76
375.575	47
375.65	13
375.675	17
375.675	76
375.75	19
375.75	45
375.775	12
376.2	68
376.35	53
376.475	79
376.6	0
376.6	57
376.75	34
376.75	51
376.8	57
376.875	18
376.875	88
376.925	4
377	69
377.125	10
377.4	45
377.575	11
377.775	6
377.8	4
377.85	45
377.95	4
377.975	10
378.175	16
378.5	10
378.525	36
378.625	36
379.175	17
379.325	83
379.875	16
379.95	14
380.075	14
380.1	36
380.3	14
380.325	54
380.4	53
380.5	41
380.625	83
380.675	9
380.675	92
380.95	92
381.025	0
381.05	32
381.05	54
381.05	64
381.15	92
381.25	41
381.275	32
381.275	76
381.375	5
381.425	79
381.45	34
381.5	2
381.5	41
381.55	3
381.65	51
381.7	3
381.875	67
381.95	12
381.95	13
381.95	76
382	12
382.075	6
382.075	9
382.1	5
382.25	15
382.325	5
382.375	47
382.4	54
382.675	36
382.675	76
382.8	69
382.925	27
382.95	16
382.95	51
382.95	83
383.025	53
383.1	53
383.125	57
383.2	11
383.2	76
383.275	13
383.375	92
383.425	41
383.575	57
383.625	1
383.675	36
383.675	88
383.8	18
383.95	0
384.075	92
384.1	1
384.575	1
384.75	53
385.1	36
386.275	4
386.4	57
386.65	0
386.9	64
386.925	0
387.075	2
387.225	13
387.25	17
387.35	6
387.35	36
388.2	16
388.3	16
388.35	57
388.55	16
388.6	13
388.725	18
388.9	33
389.2	27
389.25	17
389.3	53
389.35	32
389.4	14
389.425	51
389.55	47
389.575	15
389.575	51
389.6	76
389.625	54
389.675	76
389.975	27
390.025	41
390.05	4
390.225	0
390.25	18
390.3	51
390.4	18
390.4	33
390.575	5
390.675	5
390.675	11
390.8	45
390.85	11
390.9	76
391.1	47
391.125	10
391.25	12
391.275	5
391.45	9
391.5	83
391.875	5
391.875	11
391.925	45
392.05	45
392.175	18
392.225	11
392.325	1
392.475	14
392.7	9
392.75	2
392.75	47
392.975	45
393.25	83
393.5	7
393.6	10
393.725	10
394	8
394.075	3
394.2	3
394.275	53
394.3	67
394.425	32
394.45	45
394.575	51
394.6	15
394.65	53
394.675	11
394.675	33
394.8	47
394.95	51
395.025	4
395.05	47
395.35	47
395.4	33
395.5	47
395.7	8
396.325	19
396.45	33
396.5	79
396.575	33
396.65	88
396.925	6
397	36
397.025	32
397.05	1
397.3	16
397.325	51
397.45	4
397.475	14
397.575	33
397.575	69
397.625	57
397.65	54
397.75	27
397.75	83
397.775	41
397.875	33
397.975	32
398.075	88
398.125	18
398.25	9
398.325	32
398.4	54
398.4	64
398.525	13
398.6	9
398.725	51
398.775	18
398.925	64
398.975	2
399.75	3
399.9	64
400.125	27
400.15	92
400.425	3
405.525	4
405.675	36
405.7	69
405.85	51
405.875	64
405.875	92
405.925	33
405.95	64
405.975	13
405.975	57
406	0
406	8
406.05	4
406.075	27
406.125	27
406.125	83
406.175	69
406.2	32
406.275	6
406.3	19
406.325	67
406.35	32
406.35	51
406.375	6
406.45	15
406.525	88
406.575	4
406.625	1
406.675	79
406.725	16
406.775	17
406.85	12
406.9	2
406.9	14
407.075	18
407.175	7
407.175	11
407.175	57
407.25	53
407.25	83
407.325	41
407.35	3
407.35	54
407.375	15
407.375	57
407.525	10
407.525	32
407.525	83
407.6	16
407.775	10
407.8	7
407.825	9
407.825	47
407.925	32
407.975	36
408.15	17
408.2	79
408.425	79
408.525	53
408.6	13
408.65	15
408.675	53
408.8	3
408.925	10
409	9
409.25	36
409.325	47
409.375	47
409.45	47
409.575	36
409.65	2
409.75	9
411.4	5
411.65	54
415.975	6
416.3	16
417.1	18
417.2	18
417.425	13
417.45	0
417.575	6
417.7	67
417.85	92
417.9	6
418	54
418.025	51
418.05	6
418.05	36
418.1	36
418.125	13
418.2	18
418.45	9
418.675	67
418.925	5
419.1	8
419.25	69
419.325	12
419.35	51
419.4	10
419.475	15
419.5	51
419.575	27
419.65	83
419.675	53
419.8	11
419.8	41
419.85	69
420.325	36
420.425	32
420.5	32
420.775	92
420.975	8
421.05	28
421.3	41
421.425	2
421.45	18
421.45	19
421.475	32
421.5	12
421.525	92
421.6	17
421.625	41
421.65	0
421.725	88
421.85	15
422.05	17
422.1	79
422.325	51
422.425	90
422.5	13
422.5	79
422.525	69
422.575	8
422.875	28
422.875	36
422.875	67
422.925	6
422.925	36
423.05	90
423.075	6
423.1	15
423.225	2
423.25	3
423.375	56
423.4	15
423.45	16
423.65	17
423.8	17
424.05	54
424.125	54
424.125	88
424.65	9
424.7	9
425	41
425.25	18
425.35	5
425.425	54
425.6	54
425.625	5
425.675	12
425.825	53
426.575	83
426.925	32
427	32
427.075	4
427.2	5
427.3	36
427.35	8
427.4	64
427.6	69
427.65	69
427.775	51
427.8	67
427.925	2
427.95	4
428.075	18
428.15	69
428.225	19
428.25	51
428.275	13
428.325	15
428.35	0
428.45	3
428.45	17
428.45	51
428.475	18
428.5	83
428.55	28
428.6	2
428.625	6
428.625	18
428.65	64
428.65	67
428.7	17
428.75	2
428.75	6
428.775	88
428.775	90
428.825	8
428.825	56
428.85	53
428.9	53
428.9	79
428.975	32
429.15	54
429.175	2
429.225	16
429.375	4
429.475	56
429.55	4
429.9	51
429.95	11
430	17
430.025	51
430.05	17
430.175	41
430.25	56
430.375	15
430.575	15
430.825	83
430.9	14
430.925	7
430.95	14
431.025	6
431.125	10
431.45	28
431.7	9
431.975	32
432.125	8
432.175	14
432.25	11
432.35	6
432.55	5
432.85	5
432.95	5
433	6
434.4	38
434.625	38
434.75	20
434.825	67
434.9	34
434.975	13
435	1
435.025	13
435.15	47
435.175	0
435.2	14
435.275	36
435.3	14
435.5	56
435.5	83
435.6	56
436.225	13
436.25	18
436.375	15
436.6	36
436.625	34
436.8	0
436.8	53
436.875	17
436.95	11
437.05	17
437.2	28
437.2	51
437.225	54
437.325	17
437.375	18
437.375	41
437.4	11
437.4	67
437.475	10
437.475	11
437.5	83
437.675	19
437.775	9
437.925	5
438.075	79
438.075	88
438.15	5
438.2	0
438.2	10
438.25	88
438.275	36
438.375	5
438.575	51
438.75	83
438.775	51
438.8	19
438.875	0
438.95	0
438.975	15
439	92
439.425	79
439.45	94
439.7	9
440.425	11
440.425	79
440.575	94
441.875	37
443.25	4
443.4	51
443.75	36
443.825	64
443.875	55
443.925	5
443.95	8
444	2
444.175	4
444.175	83
444.225	13
444.25	0
444.25	92
444.275	3
444.3	20
444.425	7
444.425	18
444.475	15
444.5	90
444.525	10
444.55	4
444.625	8
444.625	67
444.675	17
444.725	1
444.725	17
444.725	34
444.75	28
444.75	51
444.75	54
444.975	5
445.075	9
445.075	41
445.1	11
445.1	14
445.1	32
445.175	18
445.2	79
445.275	56
445.4	13
445.4	47
445.425	53
445.45	38
445.5	19
445.5	64
445.75	55
445.825	34
445.875	34
446.1	1
446.15	20
446.175	10
446.2	20
446.225	34
446.3	14
446.325	13
446.35	7
446.45	34
446.625	53
446.975	32
446.975	36
447.1	32
447.925	83
448.375	83
448.675	83
448.85	16
448.925	16
451.325	6
451.6	2
451.675	16
451.725	3
451.725	16
451.775	4
451.85	1
451.85	53
451.875	56
451.925	1
451.975	3
452	17
452.025	7
452.05	5
452.075	90
452.1	3
452.125	5
452.15	90
452.175	0
452.2	36
452.25	55
452.325	54
452.45	67
452.475	51
452.625	3
452.625	14
452.625	34
452.675	41
452.7	14
452.7	18
452.775	54
452.925	56
453	3
453.05	56
453.075	53
453.1	1
453.1	13
453.2	90
453.375	1
453.375	9
453.375	94
453.475	5
453.775	79
454	79
454.2	13
454.35	41
454.4	19
454.475	6
454.5	36
455.6	12
455.6	56
455.75	19
455.9	54
456.1	8
456.275	13
456.475	10
456.625	83
456.8	67
456.85	83
456.9	19
456.925	27
457.05	53
457.1	15
457.15	17
457.375	47
457.425	17
457.55	11
457.675	10
457.725	38
457.75	90
457.85	14
457.9	18
457.975	19
458	17
458.05	0
458.05	20
458.05	67
458.325	0
458.325	5
458.375	0
458.425	0
458.5	5
458.525	3
458.55	7
458.65	1
458.725	34
458.75	47
458.775	53
458.8	17
458.8	47
458.825	12
458.85	54
458.875	12
458.925	47
458.95	8
459.025	18
459.05	56
459.1	56
459.125	1
459.175	56
459.2	1
459.25	56
459.275	7
459.475	53
459.6	20
459.85	3
460.725	2
460.725	21
460.85	53
462.025	21
462.05	19
462.075	56
462.45	21
462.525	19
464.225	15
464.55	94
464.675	90
464.75	11
464.8	47
464.925	47
464.95	17
465.075	18
465.175	17
465.2	36
465.25	38
465.325	8
465.325	38
465.35	14
465.375	83
465.375	94
465.475	83
465.6	8
465.6	13
465.625	53
465.625	83
465.675	5
465.75	15
465.775	20
465.775	54
465.8	67
465.875	6
466.175	7
466.225	14
466.25	6
466.275	56
466.425	1
466.45	90
466.5	56
466.575	18
466.675	8
466.725	15
466.75	83
466.925	83
466.95	54
467.15	36
467.35	34
467.475	56
467.6	4
467.65	1
467.875	14
468.125	0
468.425	9
468.55	34
468.575	4
468.725	79
468.75	36
468.8	51
468.85	83
470.075	3
470.075	51
470.225	53
470.3	79
470.375	36
470.45	36
470.45	53
470.575	16
470.625	28
470.65	16
470.65	90
470.725	16
470.825	16
470.95	79
471	11
471.05	19
471.15	90
471.325	2
471.35	7
471.425	38
471.45	18
471.575	14
471.675	14
471.8	17
471.925	3
471.95	54
472.025	38
472.1	67
472.225	20
472.425	0
472.525	17
472.85	1
473.525	83
474.1	20
474.15	6
474.65	18
474.725	6
474.725	7
474.75	4
474.85	54
474.925	8
475.075	20
475.325	67
475.35	36
475.85	5
475.925	36
476.3	18
476.375	18
476.425	0
477.1	78
479.7	10
479.85	28
480.025	17
480.075	5
480.075	28
480.225	19
480.25	83
480.3	2
480.3	11
480.325	20
480.325	83
480.475	14
480.525	38
480.55	20
480.55	53
480.6	38
480.65	20
480.675	5
480.675	7
480.7	38
480.75	3
480.75	19
480.75	51
480.875	4
480.875	54
481	10
481	77
481.025	21
481.025	51
481.05	36
481.05	54
481.075	90
481.15	4
481.175	8
481.275	2
481.275	34
481.275	67
481.3	10
481.35	9
481.4	11
481.475	7
481.525	6
481.525	77
481.55	7
481.6	77
481.7	1
481.8	53
481.925	79
482.1	36
482.35	36
482.375	20
482.375	38
482.475	36
482.575	1
482.6	0
482.7	0
482.775	1
482.8	67
483.225	77
483.275	67
483.775	13
483.8	15
483.9	13
483.95	2
483.95	94
484	1
484.125	47
484.4	13
484.5	2
484.9	17
485.2	94
485.4	94
485.425	17
485.55	75
485.675	17
486	7
486	56
486.1	18
486.125	6
486.65	10
486.7	54
486.75	53
486.825	78
487.075	83
487.125	20
487.15	83
487.225	0
487.425	17
487.5	4
487.6	4
487.6	67
487.725	75
487.75	36
487.775	7
487.775	11
487.775	67
487.825	34
487.875	5
488.3	77
488.35	38
488.35	77
488.425	77
488.45	54
488.475	7
488.475	78
488.525	67
488.55	5
488.55	38
488.775	14
488.775	77
488.925	36
489	9
489	16
489.075	5
489.075	78
489.3	5
489.4	4
489.45	14
489.475	79
489.6	53
489.65	15
489.7	15
490.275	12
490.375	47
490.475	0
490.55	2
490.55	53
490.7	8
490.975	53
491.3	15
491.35	8
491.525	8
492.575	8
495.075	68
495.25	3
495.425	45
495.425	53
495.425	64
495.45	79
495.475	27
495.55	10
495.55	90
495.575	2
495.625	36
495.65	0
495.65	79
495.7	7
495.7	10
495.725	3
495.75	5
495.75	12
495.825	11
495.825	57
495.925	17
495.925	83
495.95	94
495.975	75
496	9
496.025	92
496.05	7
496.05	54
496.075	77
496.1	67
496.125	2
496.125	7
496.125	69
496.15	67
496.175	8
496.175	78
496.175	94
496.2	4
496.2	69
496.225	88
496.25	20
496.275	38
496.275	56
496.325	15
496.35	18
496.375	34
496.425	14
496.5	17
496.525	53
496.55	13
496.55	19
496.575	16
496.6	1
496.675	6
496.675	18
496.725	1
496.725	7
496.8	18
496.85	17
496.875	11
496.875	14
496.925	11
496.925	67
496.95	77
496.975	64
497.075	17
497.225	90
497.275	78
497.325	90
497.35	13
497.4	90
497.725	1
497.725	34
497.825	20
497.85	88
497.9	15
497.975	34
498.15	29
498.175	2
498.475	11
498.65	45
498.65	88
498.725	32
498.9	8
499.025	12
499.275	15
499.3	19
499.875	25
500.375	94
504.15	19
504.675	13
504.8	94
505.05	94
505.125	4
505.125	75
505.15	15
505.3	94
505.4	56
505.5	18
505.5	94
505.525	7
505.525	17
505.525	32
505.575	6
505.575	17
505.65	5
505.675	8
505.675	10
505.775	8
505.8	54
505.975	14
506.025	14
506.025	25
506.125	78
506.175	12
506.225	29
506.3	9
506.375	9
506.4	47
506.6	32
506.6	88
506.65	45
506.7	57
506.8	36
506.85	6
506.925	36
506.95	92
506.975	7
507	17
507.05	92
507.1	7
507.125	2
507.125	16
507.125	57
507.125	83
507.15	6
507.15	34
507.15	69
507.175	5
507.2	25
507.225	7
507.275	56
507.375	12
507.45	29
507.5	75
507.55	68
507.725	29
507.775	18
507.875	53
507.95	3
508	79
508.025	27
508.125	64
508.125	90
508.225	64
508.225	90
508.25	13
508.275	8
508.275	11
508.375	75
508.425	94
508.575	6
508.65	75
508.8	29
509.025	69
509.05	79
509.1	17
509.2	17
509.35	88
509.475	64
509.6	27
509.6	88
509.675	11
509.675	88
509.975	64
510.15	45
510.275	57
510.325	11
510.675	28
510.8	20
510.925	4
511	4
511.05	64
511.125	36
511.25	19
511.4	36
511.425	53
511.45	5
511.65	1
511.65	19
511.675	53
511.75	5
511.8	1
511.875	18
512.3	32
512.375	14
512.525	38
512.575	47
512.6	5
512.65	13
512.675	0
512.725	3
512.75	38
512.775	0
512.825	94
512.85	14
512.85	53
513.025	78
513.05	90
513.075	67
513.125	29
513.175	6
513.275	28
513.55	45
513.55	54
513.85	19
513.85	25
513.925	13
514.075	9
514.125	88
514.125	90
514.15	15
514.175	25
514.25	2
514.25	45
514.275	11
514.275	94
514.325	94
514.35	14
514.35	78
514.375	6
514.575	92
514.6	64
514.775	18
514.775	79
514.85	9
514.875	19
514.95	9
515.05	38
515.075	9
515.15	64
515.35	53
515.8	38
516.3	54
516.425	25
516.475	10
516.475	25
516.625	25
516.625	69
517.675	10
517.825	32
517.925	83
518.25	8
518.75	10
518.875	20
519.1	1
519.225	7
519.3	3
519.35	8
519.55	3
519.625	10
519.675	0
519.675	15
519.675	64
519.675	90
519.85	94
519.95	92
520.15	53
520.2	11
520.225	67
520.3	67
520.4	90
520.425	0
520.55	13
520.65	2
520.7	45
520.725	15
520.8	18
520.825	70
520.85	13
520.85	90
520.875	6
520.9	36
520.95	78
521	69
521.025	36
521.05	38
521.1	4
521.125	34
521.125	90
521.175	57
521.25	17
521.275	27
521.275	88
521.3	1
521.3	4
521.325	92
521.35	53
521.375	25
521.4	1
521.425	14
521.425	83
521.475	5
521.475	19
521.5	94
521.575	14
521.6	12
521.725	3
521.725	12
521.8	8
521.875	12
521.875	53
521.95	20
521.95	53
522	79
522.025	20
522.125	1
522.15	4
522.225	4
522.225	90
522.25	67
522.375	47
522.4	25
522.425	90
522.5	1
522.5	13
522.525	90
522.575	1
522.575	53
522.6	34
523.05	20
523.45	47
523.5	27
523.825	7
523.85	79
524.725	7
525.825	4
526.225	16
526.325	16
526.6	68
526.625	75
526.725	45
526.75	32
526.8	79
526.9	32
526.9	94
526.925	57
526.95	45
526.975	18
526.975	64
527.025	28
527.1	10
527.15	8
527.15	17
527.15	53
527.2	8
527.225	16
527.225	17
527.25	5
527.3	69
527.375	11
527.425	32
527.45	2
527.45	27
527.45	53
527.45	83
527.5	17
527.525	19
527.55	13
527.625	12
527.65	9
527.65	67
527.7	25
527.725	20
527.75	17
527.75	67
527.775	94
527.825	14
527.85	27
527.85	54
527.9	38
527.925	0
527.975	78
528	79
528.1	0
528.1	92
528.275	2
528.525	28
528.575	25
528.65	28
528.7	2
528.725	0
528.875	12
528.925	67
529.175	45
529.65	9
529.775	92
530.3	68
530.425	19
530.9	6
531.2	1
531.35	1
531.575	27
532.4	32
533.075	8
533.65	34
533.775	1
533.825	0
534.05	20
534.325	18
534.45	1
534.45	3
534.45	18
534.475	17
534.65	7
534.65	17
534.65	53
534.725	90
534.75	7
534.775	13
534.825	90
534.875	3
534.875	7
534.925	54
534.95	92
534.975	7
535	45
535.025	10
535.025	64
535.25	83
535.3	28
535.325	92
535.35	9
535.375	28
535.4	2
535.45	5
535.475	19
535.7	53
535.8	12
535.8	79
536.075	8
536.075	54
536.175	3
536.425	54
536.475	54
536.875	5
536.925	79
537	3
537.075	3
537.375	0
539.175	18
539.45	0
539.6	92
539.85	18
540.1	18
540.125	92
540.85	4
540.975	5
541.1	3
541.175	5
541.225	3
541.25	5
541.275	57
541.325	69
541.475	64
541.525	17
541.55	19
541.55	27
541.675	13
541.75	19
541.825	92
541.9	2
541.95	38
541.975	53
542	6
542.25	6
542.325	6
542.4	67
542.475	20
542.8	34
542.925	1
542.925	7
542.925	8
542.95	11
542.95	54
542.975	6
543.1	13
543.1	45
543.225	2
543.225	45
543.275	32
543.3	17
543.35	18
543.35	83
543.425	12
543.45	27
544.075	53
544.125	54
544.175	45
544.2	16
544.25	11
544.375	96
544.6	68
544.75	83
545	28
545.125	2
545.125	19
545.125	79
545.15	83
545.175	79
545.3	15
545.55	78
545.65	47
545.675	20
545.7	90
545.8	7
545.825	16
545.825	94
546	8
546	92
546.1	2
546.1	7
546.125	68
546.175	17
546.25	2
546.3	20
546.375	2
546.375	18
546.55	20
546.625	1
546.775	3
546.775	15
546.9	53
546.925	3
547	54
547.075	64
547.1	54
547.2	8
547.425	47
547.475	94
548	17
548.8	13
549.025	69
549.375	64
549.5	2
549.525	64
549.6	27
550.25	14
550.425	5
550.5	27
550.55	5
550.55	57
550.55	64
550.775	12
550.95	83
551.125	92
551.15	83
551.25	54
551.275	6
551.375	1
551.45	78
551.5	14
551.55	6
551.65	92
551.675	4
551.675	96
551.725	16
551.875	16
551.975	53
552.025	54
552.075	54
552.125	0
552.125	6
552.55	67
552.575	68
552.7	17
552.7	47
552.725	6
552.725	16
552.775	11
552.975	37
553.125	28
553.225	94
553.3	90
553.35	51
553.45	94
553.575	11
553.675	0
553.675	14
553.85	8
553.875	20
553.975	74
554	20
554.05	3
554.05	8
554.1	68
554.225	28
554.25	54
554.325	3
554.35	33
554.375	41
554.4	4
554.4	15
554.475	33
554.5	37
554.5	75
554.55	32
554.55	69
554.6	34
554.625	55
554.7	8
554.7	19
554.75	32
554.875	3
554.875	7
554.875	9
554.875	15
554.875	69
554.9	32
554.925	47
554.95	3
554.975	56
555.025	10
555.025	69
555.225	79
555.3	4
555.65	20
555.775	20
556	15
556.075	33
556.875	3
558.275	4
559.425	0
560.275	4
563.125	16
563.25	75
563.475	68
563.525	18
563.65	53
563.675	94
563.725	17
563.725	32
563.825	56
563.875	13
563.875	79
563.9	3
563.9	5
563.925	27
563.925	83
563.95	57
563.975	79
564.05	56
564.05	64
564.075	10
564.075	33
564.1	4
564.1	11
564.1	14
564.1	69
564.1	92
564.15	6
564.15	15
564.2	28
564.225	54
564.25	12
564.25	70
564.325	4
564.4	2
564.425	4
564.5	34
564.525	1
564.525	19
564.525	20
564.55	88
564.575	67
564.575	78
564.6	0
564.65	4
564.675	7
564.675	8
564.7	9
564.875	9
564.875	94
564.9	51
564.925	47
564.95	37
564.975	51
565	37
565.15	75
565.175	3
565.175	55
565.25	11
565.325	14
565.325	53
565.325	56
565.35	28
565.4	10
565.425	32
565.475	2
565.475	55
565.55	28
565.55	88
565.625	37
565.65	13
565.675	34
565.675	51
565.775	6
565.775	41
565.825	4
565.825	55
565.875	1
565.95	57
566	1
566	4
566.075	12
566.1	17
566.1	32
566.1	34
566.225	67
566.325	18
566.4	18
566.475	18
566.475	27
566.475	47
566.625	0
566.75	51
566.975	70
567.025	41
567.025	88
567.15	0
567.25	0
567.3	18
567.4	32
567.525	51
567.575	37
567.575	92
567.625	50
567.675	51
567.725	41
568.125	0
568.2	55
570.275	56
570.35	56
570.6	56
570.875	17
571.1	6
571.525	17
571.525	69
571.9	19
572.25	27
572.375	88
572.425	69
572.475	88
572.6	57
572.65	6
572.7	57
572.775	56
572.85	10
572.9	92
572.975	7
573.125	20
573.375	92
573.45	65
573.475	92
573.5	32
573.55	34
573.6	92
573.65	0
573.7	50
573.775	57
573.775	83
573.825	0
574	18
574.075	92
574.35	50
574.375	20
574.4	51
574.725	55
574.925	0
575.1	51
575.125	18
575.125	26
575.55	5
575.85	54
575.9	12
576.025	65
576.05	41
576.05	78
576.075	83
576.225	17
576.275	50
576.3	9
576.4	92
576.475	4
576.625	65
576.65	69
576.675	51
576.75	51
577.375	41
577.5	34
577.675	9
577.75	3
577.8	54
577.925	0
578.075	57
578.15	34
578.325	55
578.525	50
578.825	17
578.9	51
579.05	4
579.125	57
579.55	51
579.725	55
579.825	55
580.075	17
580.5	27
581.975	27
582.2	11
582.325	50
582.6	50
582.675	2
582.975	18
583.125	0
583.325	7
583.425	0
583.575	92
583.65	51
583.8	20
583.825	3
584.15	55
584.35	34
584.55	54
584.6	51
584.7	9
584.7	54
584.725	51
584.9	78
584.925	41
584.975	41
585.075	4
585.15	15
585.225	57
585.25	69
585.275	47
585.3	34
585.3	69
585.325	4
585.4	34
585.5	57
585.55	0
585.6	11
585.725	17
585.725	51
585.775	27
585.9	51
586	51
586.1	9
586.35	16
586.35	78
586.525	18
586.6	18
586.65	57
586.75	17
586.75	68
586.825	75
586.875	64
586.95	57
587.05	17
587.05	32
587.05	56
587.1	28
587.1	79
587.15	5
587.175	13
587.175	32
587.175	51
587.2	17
587.3	9
587.3	53
587.3	69
587.35	14
587.35	65
587.45	6
587.475	54
587.475	79
587.55	10
587.55	19
587.55	37
587.575	4
587.575	83
587.6	32
587.625	83
587.7	54
587.725	78
587.75	5
587.825	12
587.85	4
587.85	41
587.875	88
588.075	6
588.1	4
588.125	19
588.2	4
588.325	14
588.4	68
588.525	20
588.55	14
588.6	5
588.7	56
588.7	83
588.775	64
588.825	56
588.925	8
589.05	65
589.15	20
589.175	13
589.2	28
589.25	15
589.7	50
589.875	68
590.55	13
590.775	13
590.825	13
590.925	13
591.475	13
591.675	13
592.2	17
592.525	15
593.175	10
593.225	2
593.225	7
593.3	7
593.3	11
593.3	17
593.4	18
593.4	32
593.425	69
593.45	8
593.6	53
593.675	3
593.675	18
593.75	10
593.75	54
593.75	83
593.825	34
593.825	53
593.875	3
593.9	75
593.95	28
593.975	7
593.975	10
593.975	15
593.975	20
594.05	55
594.1	0
594.125	37
594.125	92
594.15	64
594.2	0
594.275	56
594.325	2
594.325	56
594.475	51
594.5	9
594.65	41
594.7	5
594.7	20
594.7	79
594.775	53
594.8	6
594.8	9
594.8	79
594.825	4
594.85	6
594.9	83
595.075	57
595.175	15
595.35	27
595.35	64
595.5	53
595.5	56
595.55	88
595.7	92
595.725	11
595.85	92
595.875	11
596.075	34
596.125	79
596.325	17
596.7	57
596.7	88
596.825	92
597.05	92
597.275	3
597.3	71
597.85	19
597.975	51
598.325	19
598.45	64
598.85	79
599.125	79
599.425	4
599.475	79
599.55	57
599.675	57
599.875	4
600.05	57
600.325	92
600.825	64
600.85	35
601.6	92
602.7	35
603.175	35
604	17
604.2	17
604.3	17
605.15	37
605.425	83
605.5	51
605.55	69
605.625	51
605.675	64
605.75	4
605.775	14
605.95	27
606.1	15
606.1	53
606.1	71
606.125	18
606.125	27
606.275	17
606.4	14
606.4	57
606.425	0
606.425	11
606.45	46
606.525	13
606.525	92
606.55	0
606.575	37
606.75	6
606.9	6
606.925	75
607.05	16
607.2	35
607.275	71
607.325	56
607.375	27
607.475	68
607.575	69
607.625	71
607.65	79
607.675	69
607.725	3
607.75	28
607.8	28
607.95	19
607.975	0
608	5
608	19
608.1	5
608.75	64
609.15	13
609.15	54
609.35	5
609.5	41
609.65	6
609.75	6
609.775	56
609.8	34
609.875	34
609.95	6
610.1	56
610.25	6
610.275	7
610.375	9
610.425	3
610.6	8
610.6	54
610.825	20
611.15	56
611.2	12
611.25	37
611.35	83
611.775	83
611.85	7
611.85	13
612	69
612.1	35
612.225	46
613	64
613.05	27
613.05	46
613.175	9
613.45	57
613.7	27
613.9	92
614.1	51
614.85	28
615.125	57
615.3	2
615.35	11
615.65	17
615.75	18
615.875	53
616	28
616.025	14
616.125	0
616.5	11
616.5	54
616.5	83
616.6	75
616.65	41
616.65	75
616.775	28
616.775	37
616.8	19
616.9	56
616.975	37
617	53
617.025	92
617.1	34
617.15	92
617.175	79
617.2	56
617.25	79
617.325	79
617.375	46
617.425	1
617.45	2
617.475	0
617.475	6
617.5	37
617.55	2
617.55	32
617.575	1
617.6	46
617.7	2
617.725	4
617.725	32
617.75	70
617.825	35
617.825	75
617.85	46
617.9	8
617.925	5
617.925	18
617.975	0
617.975	7
618.05	2
618.15	20
618.15	88
618.2	64
618.225	27
618.25	1
618.25	53
618.375	12
618.375	28
618.4	14
618.425	2
618.425	64
618.5	70
618.525	2
618.625	54
618.875	10
618.925	8
619.025	12
619.05	4
619.125	1
619.2	64
619.225	34
619.5	17
619.625	9
619.775	92
619.85	79
620.225	9
620.3	0
620.375	64
620.375	79
620.45	34
620.65	34
621.075	78
621.2	92
621.375	10
621.875	17
622.65	4
622.775	64
622.825	43
623.275	2
623.325	14
623.45	18
623.475	37
623.5	53
623.625	0
623.725	18
623.8	28
623.925	0
624.025	54
624.075	3
624.25	20
624.25	83
624.425	1
624.425	43
624.575	37
624.625	1
624.775	54
624.9	9
624.975	20
625.05	53
625.1	34
625.475	79
625.65	34
626.3	79
626.325	16
626.425	88
626.7	75
626.725	57
626.85	27
627.15	56
627.2	7
627.275	17
627.3	70
627.325	20
627.5	6
627.525	5
627.575	5
627.625	69
627.65	5
627.65	20
627.675	10
627.725	12
627.75	1
627.775	3
627.85	4
627.85	78
627.85	83
628	0
628.1	83
628.175	19
628.2	43
628.325	64
628.375	19
628.4	10
628.425	5
628.45	75
628.6	17
628.6	27
628.625	3
628.725	69
628.75	19
628.825	7
628.875	92
628.925	7
629.475	10
629.6	69
629.625	83
629.65	2
629.775	18
630.05	15
630.225	11
630.275	12
630.55	28
630.75	61
631.325	11
631.6	19
638.125	11
638.525	4
638.675	6
638.775	10
638.825	69
638.9	43
638.925	0
638.975	0
639.075	17
639.175	92
639.2	19
639.225	28
639.3	83
639.325	19
639.4	19
639.925	17
639.975	17
640	11
640.1	11
640.175	92
640.2	18
640.55	10
640.575	53
640.65	43
640.7	11
640.925	75
641.05	28
641.375	11
642.1	53
642.525	3
642.575	75
642.7	3
642.725	0
643	17
643.375	75
644.65	4
644.7	8
644.9	0
644.925	20
645	4
645.025	37
645.05	3
645.075	20
645.15	20
645.2	0
645.2	14
645.2	69
645.225	15
645.225	34
645.35	43
645.35	53
645.375	78
645.5	1
645.5	83
645.625	1
645.65	19
645.75	4
645.85	16
645.85	54
645.875	18
645.925	5
646.05	92
646.125	15
646.15	75
646.2	57
646.225	64
646.25	57
646.25	68
646.25	78
646.325	17
646.375	4
646.375	27
646.375	37
646.4	92
646.475	53
646.525	2
646.525	19
646.55	79
646.625	61
646.65	34
646.7	4
646.725	61
646.825	11
646.825	12
646.85	28
646.875	18
646.875	54
646.95	43
647	34
647.075	79
647.125	2
647.175	79
647.275	6
647.425	4
647.65	34
647.75	13
647.8	16
647.975	27
648.025	27
648.05	0
648.1	53
648.85	7
648.925	13
648.95	68
648.975	13
649.025	68
649.15	8
649.225	68
649.3	9
649.325	15
649.45	79
649.575	10
649.725	8
649.85	7
649.875	37
650.15	64
650.225	10
650.225	64
650.5	10
650.775	37
650.875	9
651.325	83
655.05	32
655.45	8
655.875	43
656.025	10
656.05	34
656.15	37
656.25	15
656.25	83
656.3	1
656.3	32
656.4	17
656.45	0
656.475	69
656.675	2
656.75	10
656.825	19
656.9	32
656.9	64
656.975	27
657.025	3
657.075	53
657.1	18
657.125	7
657.2	11
657.2	83
657.275	18
657.3	61
657.375	79
657.4	3
657.425	79
657.425	92
657.475	92
657.5	28
657.55	13
657.6	10
657.65	19
657.675	11
657.675	32
657.75	11
657.875	79
658.425	61
658.5	61
658.675	72
658.975	27
659.175	19
660.1	4
660.225	4
660.675	25
661	12
661.075	28
661.075	38
661.125	14
661.225	38
661.3	67
661.375	20
661.45	54
661.45	78
661.475	5
661.6	3
661.6	8
661.775	3
661.775	37
661.85	83
661.875	8
661.9	65
661.925	9
661.95	65
662	9
662.025	8
662.1	83
662.125	16
662.15	34
662.15	71
662.175	20
662.2	10
662.2	16
662.225	8
662.225	41
662.25	9
662.275	17
662.275	67
662.3	32
662.3	57
662.325	63
662.375	34
662.4	38
662.45	6
662.45	68
662.525	79
662.55	7
662.55	8
662.6	7
662.625	28
662.65	56
662.775	4
662.8	12
662.8	27
662.8	67
662.825	8
662.825	62
662.875	78
662.9	5
662.925	43
662.95	79
662.975	25
663	27
663.1	14
663.1	61
663.15	75
663.175	54
663.175	65
663.35	16
663.35	69
663.425	9
663.5	0
663.625	61
663.675	20
663.725	41
663.8	1
663.825	67
663.925	43
664.05	0
664.075	62
664.125	14
664.2	62
664.275	9
664.35	9
664.375	78
664.4	10
664.575	67
664.625	83
664.725	65
664.85	71
665.125	13
665.25	6
665.35	69
665.5	19
665.525	64
665.95	2
665.975	6
666.075	6
666.475	15
666.65	78
666.75	38
666.8	3
666.8	69
666.925	64
667.325	69
667.375	11
667.9	18
668.025	17
668.4	25
668.45	25
668.6	25
668.675	0
668.725	25
668.8	67
668.875	3
668.95	71
668.975	67
669	71
669.075	71
669.1	65
669.875	65
670.1	65
670.9	93
672.05	93
672.425	45
672.675	10
672.775	57
672.875	2
672.9	12
672.975	7
672.975	57
673.025	78
673.025	83
673.1	27
673.125	4
673.125	43
673.15	78
673.175	69
673.2	1
673.2	11
673.225	75
673.25	0
673.25	17
673.275	1
673.275	61
673.3	3
673.35	53
673.375	78
673.4	1
673.425	67
673.45	45
673.475	3
673.5	64
673.6	32
673.625	14
673.625	19
673.625	38
673.65	18
673.675	2
673.725	2
673.725	28
673.8	67
673.825	32
673.85	63
673.925	13
673.925	45
673.975	71
674.025	25
674.075	25
674.125	79
674.2	6
674.225	3
674.225	4
674.225	67
674.225	71
674.25	53
674.25	62
674.275	0
674.3	9
674.3	62
674.325	17
674.425	28
674.425	69
674.45	75
674.475	1
674.5	27
674.55	28
674.55	75
674.55	79
674.575	3
674.65	25
674.65	53
674.65	63
674.65	79
674.675	17
674.7	63
674.8	25
674.85	25
674.9	17
675.15	14
675.15	32
675.25	9
675.275	69
675.35	75
675.475	3
675.6	17
675.65	62
675.675	0
675.75	69
675.875	1
675.875	32
676.175	13
676.175	92
676.225	13
676.3	69
676.35	6
676.35	62
676.475	62
676.725	64
677.175	62
681.75	18
682.075	8
682.2	0
682.325	17
682.45	43
682.475	10
682.55	67
682.55	69
682.6	15
682.65	13
682.675	64
682.725	11
682.725	78
682.75	32
682.775	6
682.85	28
682.85	32
682.85	75
682.875	2
682.875	92
682.9	6
682.9	11
682.9	71
682.925	83
682.975	14
682.975	32
683	64
683.025	67
683.075	9
683.125	1
683.175	45
683.225	38
683.3	14
683.4	3
683.4	8
683.45	17
683.525	17
683.65	63
683.675	14
683.7	43
683.725	67
683.775	62
683.85	2
683.85	92
684.325	18
684.425	45
684.475	1
684.475	64
684.625	18
685.075	5
685.275	12
685.325	12
685.35	16
685.4	12
685.525	65
685.625	53
685.7	57
686.625	35
686.775	78
686.8	3
686.9	64
686.925	27
686.975	64
687.05	62
687.075	27
687.475	62
688	2
688.05	27
688.55	2
688.625	2
689	27
689.2	17
689.275	7
689.45	3
689.55	3
689.625	61
689.775	63
689.85	10
689.925	8
690	32
690.075	11
690.075	43
690.175	11
690.275	45
690.35	67
690.4	38
690.425	67
690.45	45
690.475	65
690.5	67
690.575	28
690.575	32
690.6	67
690.625	10
690.65	71
690.7	9
690.7	13
690.75	17
690.8	0
690.8	32
690.9	7
690.925	5
690.975	63
691.075	12
691.075	63
691.15	8
691.175	12
691.2	6
691.35	12
691.375	6
691.45	67
691.575	38
691.625	64
691.675	78
691.8	17
691.8	35
691.8	78
691.825	16
691.9	6
691.925	2
692.075	63
692.1	32
692.15	32
692.175	3
692.2	35
692.225	78
692.25	18
692.25	57
692.325	27
692.325	57
692.45	32
692.6	53
692.625	63
692.625	64
692.65	35
692.75	63
692.85	2
692.875	17
692.95	2
692.975	13
693.025	45
693.125	17
693.2	13
693.25	15
693.65	2
694.375	63
694.625	4
694.75	5
694.875	3
695.375	5
695.425	0
695.45	35
695.5	12
695.55	65
695.575	3
695.7	69
695.875	27
696	57
696.075	0
696.075	57
696.125	57
696.15	8
696.175	17
696.2	69
696.425	27
696.675	8
696.75	10
696.825	12
696.925	57
696.95	69
697.075	57
697.15	57
697.275	32
697.425	9
697.8	64
698.15	27
698.4	13
698.45	32
698.525	69
698.75	6
698.925	8
699.075	6
699.25	16
699.275	19
699.45	19
699.55	40
699.75	38
699.75	40
699.75	79
699.775	53
699.85	13
699.85	18
699.9	10
699.9	15
700.075	11
700.2	16
700.2	45
700.225	17
700.325	0
700.675	18
700.85	18
700.925	18
701.125	0
701.525	79
701.625	53
701.675	1
701.925	67
702.3	11
702.95	17
703.15	15
704.775	70
704.8	4
704.925	27
704.925	69
704.95	64
705.075	20
705.075	34
705.1	4
705.1	15
705.225	13
705.3	34
705.3	69
705.325	2
705.425	13
705.45	0
705.475	3
705.5	18
705.5	57
705.5	65
705.525	8
705.525	19
705.525	93
705.55	7
705.55	13
705.575	18
705.6	7
705.65	13
705.65	63
705.675	64
705.725	40
705.775	40
705.8	6
705.825	17
705.85	12
705.85	13
705.85	27
705.875	93
705.9	53
705.975	35
706	16
706.05	10
706.225	9
706.275	32
706.325	38
706.425	3
706.425	8
706.475	40
706.575	12
706.575	79
706.6	40
706.65	34
706.7	15
706.775	45
706.8	40
706.825	14
706.825	66
706.875	6
706.875	14
706.9	57
707	10
707.025	3
707.025	11
707.075	78
707.125	16
707.325	16
707.325	79
707.375	92
707.45	9
707.525	4
707.575	11
707.675	11
707.75	32
707.975	8
708.025	79
708.25	8
709.2	92
713.05	33
713.35	70
713.425	32
713.425	51
713.45	35
713.525	12
713.6	33
713.625	3
713.625	27
713.65	34
713.675	1
713.675	78
713.775	4
713.8	2
713.8	67
713.825	51
713.85	8
713.85	12
713.85	47
713.875	13
713.9	28
713.9	78
713.95	12
714	28
714.025	92
714.05	57
714.075	92
714.1	15
714.125	14
714.125	17
714.125	66
714.15	65
714.175	5
714.175	50
714.2	92
714.225	19
714.275	18
714.325	11
714.325	73
714.375	15
714.375	68
714.5	9
714.525	6
714.55	38
714.575	53
714.6	18
714.625	38
714.65	0
714.65	16
714.7	14
714.7	64
714.7	79
714.725	32
714.775	45
714.8	3
714.8	14
714.825	20
714.875	14
714.875	67
714.9	38
714.95	70
715	10
715.05	0
715.125	62
715.15	3
715.2	7
715.325	3
715.35	17
715.35	19
715.375	16
715.425	47
715.45	16
715.475	40
715.525	10
715.6	64
715.65	34
715.85	79
715.875	1
715.875	2
715.875	73
716.15	73
716.4	45
716.725	2
721.55	68
721.675	3
721.7	64
721.9	53
721.95	3
722	28
722	50
722.075	5
722.1	2
722.175	45
722.325	10
722.325	20
722.325	33
722.35	70
722.375	33
722.4	0
722.4	40
722.475	35
722.5	66
722.5	70
722.525	40
722.6	1
722.625	34
722.65	70
722.675	18
722.675	35
722.7	11
722.775	7
722.8	9
722.8	11
722.8	68
722.825	78
722.85	6
722.85	27
722.85	51
722.9	47
722.925	8
722.925	92
722.95	6
722.95	45
722.975	10
723.15	64
723.2	8
723.2	57
723.2	62
723.225	0
723.225	9
723.35	62
723.35	92
723.425	14
723.425	35
723.45	0
723.45	20
723.475	15
723.475	35
723.525	62
723.625	50
723.7	35
724.05	9
724.125	8
724.15	27
724.275	51
724.475	15
724.575	15
724.6	20
724.9	7
725.125	20
725.475	61
725.5	9
725.6	63
725.9	43
726	32
726.1	13
726.4	38
726.4	71
726.55	38
726.6	6
726.6	38
726.775	33
726.775	73
726.9	35
726.925	66
726.975	2
727	66
727.075	43
727.075	66
727.15	35
727.175	66
727.2	13
727.375	63
727.55	61
727.775	71
728.15	73
728.425	26
728.85	12
728.9	68
729.1	18
729.225	51
729.3	27
729.325	53
729.35	64
729.375	8
729.4	26
729.75	16
729.75	45
729.825	10
729.875	11
729.9	57
730	10
730.1	64
730.175	62
730.2	70
730.35	92
730.375	10
730.55	10
730.6	27
730.8	45
730.8	57
730.975	27
732.075	17
732.25	14
732.375	53
732.625	78
732.775	51
732.8	64
732.925	33
733.05	51
733.05	66
733.175	35
733.225	51
733.225	66
733.3	13
733.325	14
733.375	19
733.45	14
733.5	78
733.6	53
733.725	53
733.75	9
733.775	19
733.85	38
733.875	64
734.025	5
734.05	15
734.075	19
734.125	20
734.225	20
734.25	5
734.375	12
734.375	53
734.4	13
734.475	7
734.5	8
734.525	1
734.625	10
734.65	50
734.7	15
734.7	32
734.75	4
734.75	38
734.775	8
734.8	70
734.825	1
734.9	61
734.925	5
734.925	68
734.95	8
734.975	0
735	47
735.1	73
735.225	8
735.275	57
735.3	3
735.3	43
735.325	1
735.45	8
735.55	27
735.575	12
735.7	45
735.75	62
735.775	27
735.825	20
735.975	3
735.975	64
736	0
736.175	17
736.2	66
736.45	33
736.55	50
736.675	32
736.7	47
736.75	47
736.75	68
736.825	3
736.825	32
736.95	33
736.975	13
737.025	64
737.05	53
737.125	17
737.15	2
737.25	33
737.275	18
737.375	64
737.575	32
737.625	53
739.65	11
740.1	18
740.25	17
740.425	95
740.475	17
740.7	11
740.875	45
741	13
741.15	13
741.375	12
741.475	57
741.6	27
741.625	18
741.725	33
741.775	1
741.775	92
741.8	14
741.85	66
741.875	8
741.975	92
742	43
742.025	33
742.025	62
742.05	15
742.075	19
742.1	18
742.125	70
742.225	62
742.275	12
742.275	32
742.275	78
742.325	4
742.45	51
742.525	0
742.55	50
742.65	32
742.65	64
742.7	73
742.75	92
742.825	73
742.825	92
742.925	62
742.95	1
743.075	51
743.25	32
743.425	78
743.5	27
743.525	50
743.625	51
744.825	68
744.975	53
745.1	68
745.25	53
745.325	11
745.425	45
745.6	11
745.65	27
745.8	32
745.95	18
746.05	32
746.15	13
746.375	5
746.4	11
746.85	3
746.9	3
747	64
747.325	68
747.425	17
747.65	33
747.775	51
747.8	33
747.975	14
747.975	17
748.075	66
748.125	68
748.25	32
748.275	70
748.375	78
748.4	27
748.5	17
748.7	92
748.875	4
748.875	6
748.95	14
749	5
749.075	16
749.075	62
749.1	1
749.2	57
749.225	43
749.25	1
749.25	16
749.45	95
749.725	95
750.7	1
753.775	7
753.9	8
753.95	61
754.275	43
754.4	3
754.4	32
754.4	66
754.45	50
754.55	70
754.575	11
754.575	57
754.675	66
754.7	0
754.7	27
754.725	33
754.725	92
754.8	64
754.85	17
754.85	68
755	13
755	45
755	70
755	73
755.025	5
755.05	73
755.075	14
755.125	2
755.125	78
755.15	12
755.15	62
755.175	45
755.225	14
755.225	51
755.25	33
755.275	12
755.3	53
755.35	18
755.4	5
755.425	15
755.45	6
755.5	50
755.575	4
755.625	70
755.65	1
755.7	57
755.775	57
755.825	57
755.875	95
755.9	92
755.975	27
756.075	16
756.075	17
756.075	51
756.075	79
756.1	5
756.125	33
756.225	12
756.3	33
756.4	34
756.45	68
756.475	73
756.525	4
756.775	61
757.475	10
757.55	79
757.625	32
757.8	32
758.025	34
758.075	79
758.55	99
761.025	6
761.25	19
761.55	53
761.725	16
761.75	51
761.85	57
762.075	45
762.125	79
762.275	11
762.3	95
762.35	17
762.425	32
762.5	2
762.575	6
762.65	12
762.675	51
762.8	19
762.875	18
762.925	11
762.925	73
763	18
763.025	32
763.025	78
763.225	95
763.275	0
763.375	17
763.525	4
763.525	5
763.9	7
764.075	50
764.1	3
764.2	3
764.225	95
764.375	8
764.4	92
764.45	8
764.5	64
764.5	70
764.575	99
764.65	2
764.85	34
764.875	43
764.925	34
764.95	43
764.975	13
765.05	27
765.075	15
765.25	66
765.275	70
765.375	61
765.5	32
765.525	18
765.6	70
765.775	17
766.125	50
766.2	64
766.275	0
766.35	64
766.5	66
767.025	13
767.1	61
767.125	1
767.175	2
767.275	1
767.3	18
767.325	73
767.375	15
767.375	16
767.5	50
767.525	2
767.65	15
767.675	50
767.8	3
767.825	32
768.05	95
768.575	16
768.8	73
768.825	57
769.1	5
769.35	92
769.6	99
769.725	99
769.75	27
769.9	61
770.225	61
770.525	61
770.65	19
770.925	11
771.475	19
771.6	95
772.7	51
773.05	4
773.175	8
773.425	64
773.6	0
773.6	43
773.65	66
773.675	0
773.775	2
773.775	73
773.8	4
773.8	43
773.875	4
773.875	57
773.95	13
774.05	32
774.15	6
774.225	92
774.3	3
774.3	6
774.3	17
774.35	57
774.475	1
774.475	73
774.575	16
774.725	0
774.725	13
774.75	18
774.775	66
774.8	18
774.85	1
774.875	6
774.9	15
774.975	70
775.15	4
775.525	1
775.575	73
775.7	16
775.85	11
776.025	70
776.25	12
776.55	78
776.6	15
776.65	17
776.675	51
776.675	78
776.8	10
776.875	17
777.6	66
777.975	78
778.05	78
778.075	66
778.15	66
778.35	4
778.675	42
778.675	71
778.75	42
778.875	26
778.975	10
779.05	9
779.075	32
779.125	99
779.325	51
779.35	79
779.4	32
779.45	32
779.475	0
779.475	5
779.5	34
779.6	34
779.6	51
779.6	73
779.625	0
779.625	1
779.625	18
779.625	92
779.775	8
779.775	64
779.9	10
779.9	71
779.925	32
779.95	1
780.1	2
780.125	3
780.125	95
780.2	13
780.325	6
780.325	18
780.35	15
780.4	14
780.475	10
780.475	66
780.5	99
780.55	18
780.55	99
780.65	6
780.725	18
780.825	1
780.95	5
781.05	53
781.175	26
781.4	16
781.4	45
781.4	95
781.45	43
781.45	45
781.525	57
781.55	6
781.55	51
781.55	79
781.725	57
781.75	27
781.9	61
782.075	18
782.15	16
782.15	70
782.375	43
782.55	43
782.725	6
782.725	61
782.75	34
783.075	68
783.125	68
783.225	17
783.25	13
783.325	3
783.35	26
783.425	92
783.65	19
783.65	92
783.8	51
783.85	17
783.85	79
783.85	95
783.925	4
783.925	17
784.05	57
784.175	68
784.35	13
784.475	79
784.6	6
785.225	43
785.25	16
785.65	32
785.675	68
785.875	50
785.975	43
786	68
786.125	43
786.2	42
786.2	53
786.325	10
786.4	11
786.7	17
786.7	53
786.75	10
786.8	53
786.825	11
786.875	43
786.975	43
787.35	26
787.475	18
787.6	17
787.775	92
788.025	7
788.35	51
788.45	13
788.55	8
788.9	3
788.9	4
788.975	6
789	15
789.1	43
789.15	4
789.2	61
789.35	0
789.425	4
789.5	57
789.6	64
789.625	17
789.675	64
789.775	17
789.775	53
789.925	45
789.975	70
790.1	64
790.2	0
790.7	14
790.75	70
790.9	16
791.425	68
791.85	64
792.3	45
792.425	45
792.925	42
793.125	32
793.25	8
793.5	92
793.625	8
793.85	43
794.15	2
794.325	92
794.95	7
795.225	2
795.275	61
795.4	50
795.45	43
795.525	3
795.525	51
795.55	7
795.55	42
795.55	43
795.55	68
795.65	70
795.7	2
795.8	0
795.825	34
795.85	4
795.95	53
796.075	13
796.1	34
796.1	57
796.275	6
796.525	6
796.6	53
796.775	15
796.875	3
796.925	34
796.95	16
797.175	61
797.275	2
797.5	18
797.575	18
797.85	73
798.275	32
798.65	79
798.725	48
798.9	48
798.925	34
798.95	48
799	8
799.95	9
800.3	5
800.35	5
800.625	12
800.75	99
800.8	99
800.925	79
800.95	99
800.975	66
801	95
801.025	1
801.05	78
801.075	79
801.1	11
801.15	50
801.2	79
801.425	68
801.45	92
801.625	45
801.65	14
801.65	17
801.725	17
801.725	64
801.825	32
801.825	57
801.85	53
802.05	4
802.1	2
802.15	32
802.2	14
802.4	92
802.475	78
802.55	11
802.55	73
802.575	32
802.575	64
802.925	1
803.125	2
803.375	66
803.475	66
803.525	2
803.7	70
804	57
804.65	92
806.8	19
807.15	95
807.175	51
807.2	16
807.225	79
807.325	4
807.325	22
807.325	73
807.375	13
807.475	4
807.5	2
807.5	6
807.55	73
807.625	6
807.625	66
807.65	1
807.675	11
807.675	13
807.675	18
807.725	42
807.725	57
807.725	64
807.775	2
807.775	53
807.825	2
807.85	6
807.85	78
807.875	42
807.9	43
807.925	34
807.975	68
808	32
808.05	32
808.1	17
808.15	92
808.175	0
808.175	14
808.175	79
808.2	92
808.225	1
808.35	4
808.35	18
808.35	48
808.35	92
808.4	8
808.45	66
808.475	51
808.55	3
808.65	8
808.675	70
808.7	42
808.7	99
808.725	2
808.75	9
808.75	53
808.775	4
808.775	15
808.8	53
808.825	15
808.85	53
808.925	17
808.925	53
808.95	51
809	50
809	51
809.05	14
809.1	8
809.1	32
809.125	2
809.175	5
809.175	6
809.175	51
809.3	9
809.3	70
809.525	12
809.575	7
809.6	99
809.725	92
809.9	17
809.9	61
809.95	99
810.375	12
810.5	50
810.625	50
810.75	61
811	68
811.15	64
811.275	3
811.35	48
811.375	61
811.425	48
811.55	64
813.85	48
814.95	10
815.2	5
815.35	43
815.4	17
815.5	32
815.625	12
815.675	3
815.7	99
815.775	92
815.85	3
815.875	51
815.975	51
816	28
816	43
816.075	9
816.2	28
816.3	20
816.35	33
816.35	71
816.375	17
816.4	14
816.4	79
816.4	99
816.425	1
816.425	8
816.425	11
816.5	64
816.575	34
816.625	26
816.625	28
816.65	0
816.675	32
816.7	70
816.725	7
816.75	1
816.75	10
816.825	19
816.825	22
816.825	66
816.85	15
816.9	92
816.925	18
816.925	73
816.95	32
817.025	18
817.025	68
817.1	4
817.125	61
817.15	95
817.2	78
817.3	22
817.375	11
817.375	53
817.475	2
817.55	48
817.575	0
817.7	73
817.875	9
817.9	34
817.9	78
817.925	2
817.925	66
817.975	17
818.075	64
818.125	26
818.2	22
818.25	79
818.275	68
818.35	18
818.5	78
818.55	78
818.575	26
818.625	64
818.675	79
818.7	95
818.8	79
818.875	73
819.975	53
820.65	14
821.125	52
821.35	14
821.525	23
821.675	16
821.825	68
821.975	64
822	42
822.025	13
822.025	57
822.125	32
822.125	78
822.15	6
822.175	48
822.2	79
822.375	17
822.375	68
822.45	92
822.5	64
822.55	92
822.6	23
822.675	9
822.7	68
822.7	73
822.7	79
822.725	43
822.75	1
822.8	33
822.825	4
822.85	0
822.9	20
822.925	22
823.05	66
823.1	3
823.125	2
823.125	4
823.125	66
823.225	20
823.275	3
823.275	9
823.3	73
823.425	33
823.45	34
823.475	71
823.475	92
823.5	1
823.5	64
823.55	99
823.575	22
823.575	64
823.625	99
823.75	78
823.775	64
823.8	8
823.825	7
823.825	9
823.85	78
824.025	78
824.1	16
824.15	61
824.2	33
824.275	78
824.3	20
824.35	12
824.375	71
824.425	9
824.65	11
824.675	52
824.7	11
824.725	12
824.8	12
824.975	26
825.025	34
825.375	23
825.475	71
825.925	19
826.05	79
826.175	34
826.3	50
826.4	79
826.475	22
826.6	71
827.15	22
827.225	79
827.825	50
827.925	14
828.975	14
829.125	3
829.2	3
829.2	78
829.3	22
829.4	3
829.775	22
830.825	6
830.9	34
831.15	34
831.15	43
831.225	1
831.25	4
831.275	42
831.3	16
831.3	43
831.325	1
831.375	57
831.45	14
831.475	66
831.5	32
831.525	52
831.55	92
831.6	32
831.6	71
831.625	8
831.625	18
831.625	42
831.625	64
831.65	17
831.675	14
831.7	5
831.725	4
831.75	0
831.75	8
831.775	18
831.8	33
831.8	78
831.825	23
831.825	26
831.825	50
831.825	57
831.875	8
831.875	20
831.9	13
831.925	53
831.95	99
831.975	22
832	92
832.05	33
832.1	12
832.1	22
832.125	68
832.175	20
832.2	16
832.3	50
832.375	52
832.4	3
832.425	0
832.45	50
832.525	71
832.55	42
832.575	11
832.7	0
832.7	4
832.725	50
832.775	4
832.925	92
833	64
833.05	79
833.075	20
833.2	0
833.25	32
833.375	3
833.45	7
833.55	3
833.625	61
833.675	3
833.825	52
833.975	20
834.1	12
834.125	13
834.125	64
834.75	61
834.975	2
837.525	14
837.65	18
837.95	53
837.95	78
838.25	0
838.35	17
838.4	17
838.425	18
838.475	32
838.5	23
838.55	32
838.575	0
838.6	64
838.625	53
838.65	13
838.675	18
838.75	26
838.8	11
838.825	8
838.85	34
838.9	0
838.9	34
838.95	8
838.975	18
838.975	52
839.025	1
839.025	6
839.025	20
839.15	33
839.15	43
839.225	0
839.3	16
839.325	68
839.425	4
839.45	0
839.475	4
839.475	71
839.55	66
839.9	3
839.9	64
839.925	79
840.05	92
840.075	43
840.075	68
840.15	2
840.275	3
840.325	22
840.4	19
840.6	10
840.725	17
840.9	9
840.95	17
840.95	28
841.05	5
841.1	33
841.3	42
841.375	22
841.425	12
841.425	50
841.45	18
841.475	19
841.5	22
841.5	34
841.575	61
841.575	99
841.675	61
841.7	53
841.725	43
841.8	61
841.95	97
842	20
842.175	10
842.275	18
842.35	17
842.65	28
842.65	53
842.8	42
842.85	43
843.275	99
843.4	33
843.55	33
845.775	44
845.9	44
847.675	55
848.05	6
848.05	34
848.05	56
848.075	3
848.1	18
848.1	75
848.125	56
848.15	9
848.175	16
848.225	3
848.3	9
848.325	1
848.325	43
848.35	92
848.375	17
848.425	0
848.45	4
848.475	42
848.475	43
848.475	62
848.5	1
848.5	53
848.525	33
848.575	17
848.575	28
848.575	68
848.6	32
848.675	97
848.75	50
848.75	66
848.8	20
848.8	53
848.85	5
848.85	42
849.025	99
849.075	14
849.075	42
849.075	53
849.225	7
849.225	12
849.25	56
849.375	61
849.475	66
849.5	78
849.55	1
849.6	75
849.675	8
849.675	10
849.725	75
849.775	19
849.775	42
849.8	10
849.8	43
849.9	12
849.925	66
850.025	64
850.05	33
850.075	43
850.125	97
850.15	4
850.225	64
850.25	2
850.25	7
850.275	64
850.65	4
850.7	7
850.7	32
850.725	10
850.85	7
851.025	61
851.175	97
851.375	3
851.375	28
851.5	50
851.6	64
851.75	19
852	5
852.075	3
852.725	19
853.075	11
853.2	11
853.8	17
854.475	17
855.35	9
855.85	92
855.875	42
855.95	92
856	64
856.025	5
856.175	78
856.275	5
856.275	78
856.4	50
856.475	12
856.525	50
856.575	4
856.6	66
856.75	12
856.8	32
856.825	92
857.075	5
857.15	50
857.25	9
857.3	0
857.425	12
857.425	17
857.625	32
857.9	42
858.1	66
858.7	57
858.825	97
858.975	92
859.275	22
859.55	52
859.625	61
859.675	2
859.7	10
859.7	34
859.7	97
859.75	10
859.775	11
859.8	20
859.825	2
859.9	43
859.925	18
859.95	1
859.975	28
860.025	3
860.05	18
860.125	52
860.15	5
860.225	52
860.35	3
860.35	8
860.35	19
860.375	64
860.4	53
860.45	14
860.475	8
860.525	3
860.6	7
860.7	53
860.725	2
860.75	7
860.75	10
860.825	2
860.9	50
860.95	4
861.1	92
861.125	62
861.15	17
861.15	48
861.175	3
861.2	14
861.275	17
861.325	20
861.375	23
861.5	18
861.5	92
861.5	99
861.525	8
861.625	2
861.7	53
861.8	8
861.825	32
861.95	38
862.025	17
862.125	17
862.15	14
862.35	64
862.4	3
862.4	53
862.875	22
862.875	78
863.45	38
863.5	22
863.75	22
863.95	22
864.9	78
865.55	78
868	7
868.3	6
868.375	3
868.425	3
868.475	16
868.525	61
868.6	43
868.6	97
868.725	1
868.725	20
868.775	42
868.775	43
868.825	57
868.875	32
868.875	33
868.875	52
868.9	14
868.925	22
868.95	11
868.95	53
868.95	68
868.975	92
869	97
869.025	52
869.05	18
869.05	34
869.075	0
869.075	20
869.075	52
869.1	92
869.1	99
869.125	3
869.15	0
869.15	4
869.15	38
869.15	64
869.175	17
869.2	57
869.2	78
869.225	4
869.225	5
869.225	19
869.275	52
869.3	48
869.3	66
869.35	66
869.375	28
869.4	23
869.425	52
869.45	53
869.475	4
869.5	2
869.55	50
869.8	11
869.825	9
869.825	62
869.925	64
869.975	5
869.975	92
870.25	92
870.35	34
870.375	52
870.4	92
870.55	52
870.625	50
870.65	78
870.775	22
870.8	57
870.925	4
871.025	52
871.15	97
871.225	11
871.225	62
871.35	11
871.675	11
871.675	17
872	52
872.125	97
872.275	66
872.325	99
872.55	34
872.575	99
875.2	12
875.325	53
875.65	8
875.675	1
875.75	78
875.825	32
875.9	17
876.05	4
876.075	12
876.075	14
876.075	38
876.1	20
876.1	43
876.15	17
876.175	4
876.2	43
876.225	33
876.225	34
876.25	1
876.275	4
876.35	48
876.375	8
876.4	20
876.4	33
876.4	34
876.4	92
876.45	1
876.45	52
876.45	66
876.475	34
876.55	99
876.6	12
876.625	20
876.625	78
876.7	23
876.725	78
876.725	99
876.775	97
876.85	33
876.975	4
876.975	34
877.075	9
877.125	62
877.225	62
877.35	48
877.425	97
877.55	0
877.625	0
877.625	5
877.75	99
877.825	12
877.825	62
878.075	17
878.275	0
878.55	38
878.625	50
878.625	62
878.85	20
878.85	33
878.975	1
879.05	57
879.325	11
879.35	22
879.525	34
879.7	57
879.875	2
880.075	57
880.125	17
880.25	0
881.45	22
881.6	2
882.25	52
882.375	20
882.4	52
882.425	5
882.75	12
882.8	5
882.9	1
882.925	5
883	5
883.025	97
883.05	5
883.3	20
883.425	5
883.65	34
883.7	97
884.05	20
884.175	23
884.6	48
884.875	62
884.95	9
885.075	9
885.225	17
885.65	17
885.925	62
886.45	54
886.575	16
886.625	25
886.7	6
886.775	40
886.775	68
886.875	18
886.9	5
886.9	9
886.9	13
886.9	66
886.9	68
886.925	51
886.95	28
886.975	14
886.975	42
887	38
887	63
887.05	0
887.05	32
887.1	53
887.125	4
887.125	38
887.125	61
887.15	57
887.15	71
887.15	78
887.2	33
887.25	43
887.25	64
887.25	71
887.275	8
887.275	17
887.3	11
887.3	27
887.3	92
887.325	75
887.375	7
887.375	55
887.4	48
887.475	0
887.5	9
887.5	52
887.55	92
887.6	2
887.6	48
887.625	22
887.65	20
887.675	3
887.675	50
887.7	15
887.75	35
887.775	1
887.775	20
887.8	9
887.8	56
887.825	87
888.025	25
888.1	25
888.2	18
888.275	0
888.3	71
888.35	53
888.425	33
888.475	38
888.6	11
888.675	22
888.675	63
888.7	14
888.7	28
888.75	26
888.75	42
888.825	26
888.825	28
888.825	92
888.875	68
888.95	27
888.95	43
889.025	10
889.05	68
889.075	71
889.15	1
889.175	14
889.175	70
889.275	99
889.3	34
889.375	22
889.425	0
889.425	42
889.45	23
889.475	0
889.475	35
889.5	19
889.55	20
889.7	66
889.75	48
889.8	2
889.825	87
889.925	87
889.95	26
889.975	42
890.025	1
890.025	66
890.05	8
890.1	66
890.25	10
890.275	19
890.325	18
890.375	87
890.425	0
890.6	20
890.6	87
890.625	0
890.675	51
890.825	28
891.475	34
891.6	70
891.725	20
891.725	34
891.875	18
891.9	20
892.05	53
892.1	9
892.225	42
892.225	51
892.275	53
892.4	53
892.6	9
893.5	42
893.6	42
893.775	32
893.9	48
894.025	18
894.5	8
894.95	10
894.975	43
895.1	32
895.175	55
895.2	8
895.2	32
895.3	18
895.325	20
895.4	17
895.4	55
895.4	92
895.425	56
895.475	20
895.475	55
895.525	23
895.55	0
895.55	3
895.55	66
895.55	71
895.6	62
895.675	23
895.675	34
895.725	4
895.8	62
895.85	21
895.875	64
895.875	66
895.9	1
895.9	87
895.925	14
895.925	26
895.95	75
896.025	42
896.25	2
896.25	19
896.375	2
896.425	25
896.45	1
896.45	32
896.475	22
896.6	53
896.725	50
896.75	12
896.75	56
896.8	50
896.875	87
896.9	12
896.9	34
897.075	68
897.075	78
897.125	1
897.125	35
897.175	1
897.25	2
897.4	17
897.475	26
897.575	1
897.575	92
897.625	14
898.35	26
898.425	64
898.475	68
898.525	35
898.9	28
899.3	78
899.425	4
899.625	4
899.775	11
899.8	35
899.825	20
899.825	92
899.85	78
899.875	19
899.9	78
899.975	3
900	87
900.1	22
900.175	7
900.325	50
900.4	22
900.425	11
900.425	50
900.475	71
900.475	97
900.575	22
900.575	55
900.675	34
900.7	26
900.85	8
900.925	1
900.95	8
901.05	0
901.1	1
901.125	87
901.15	8
901.325	26
901.375	50
902.725	48
903.175	70
903.225	23
903.4	48
904.05	64
904.15	17
904.225	48
904.275	34
904.4	18
904.425	21
904.475	17
904.575	14
904.6	18
904.75	53
904.9	28
904.975	87
905.05	11
905.15	11
905.175	9
905.175	32
905.2	25
905.275	32
905.275	78
905.3	51
905.35	92
905.375	14
905.625	92
905.65	42
905.75	4
905.75	12
905.8	87
905.9	92
906.05	11
906.075	23
906.075	75
906.1	55
906.15	10
906.15	16
906.3	1
906.3	35
906.4	71
906.45	3
906.475	57
906.5	43
906.575	25
906.6	0
906.625	22
906.625	68
906.65	7
906.7	97
906.8	68
906.825	16
906.85	42
906.9	50
906.95	21
906.975	66
907.075	34
907.1	16
907.225	4
907.35	11
907.4	34
907.425	57
907.45	12
907.475	50
907.6	50
907.7	68
907.775	52
907.875	3
907.875	22
907.9	42
907.9	57
908.025	92
908.25	26
908.35	68
908.525	75
908.925	71
908.95	17
909.25	52
909.3	26
909.575	43
909.95	20
910.075	8
910.125	13
910.375	6
910.425	2
910.6	15
910.7	56
910.725	15
910.725	33
910.75	11
910.825	23
910.85	32
910.95	64
910.975	51
911.025	20
911.1	66
911.1	99
911.15	3
911.15	32
911.225	48
911.225	78
911.275	92
911.325	7
911.35	55
911.35	68
911.4	52
911.5	11
911.625	9
911.625	87
911.65	35
911.725	9
911.75	13
911.75	42
911.75	97
911.8	78
911.85	56
911.875	9
911.875	50
911.875	51
911.9	2
911.975	50
912.025	92
912.125	92
912.2	4
912.225	51
912.325	55
912.35	32
912.35	48
912.375	55
912.475	66
912.65	87
912.725	57
912.85	14
912.85	54
912.95	91
913.075	68
913.225	40
913.225	53
913.375	13
913.55	61
913.625	7
913.7	28
913.725	70
913.725	75
913.75	7
913.75	26
913.875	10
913.875	68
913.95	23
914.1	7
914.2	17
914.25	43
914.25	71
914.6	0
914.625	54
914.7	66
914.875	85
914.95	23
915.175	86
915.425	68
915.475	23
915.55	53
915.65	53
915.725	53
915.9	0
915.95	10
916	85
916.075	9
916.075	51
916.1	43
916.15	61
916.2	2
916.25	37
916.3	43
916.375	32
916.4	85
916.45	14
916.45	51
916.45	70
916.45	86
916.6	2
916.6	83
916.675	43
916.675	64
916.675	69
916.7	51
916.8	93
916.825	14
916.85	91
916.875	22
916.95	93
916.975	27
917	71
917.05	43
917.1	15
917.1	57
917.1	93
917.2	27
917.275	19
917.5	52
917.625	59
917.65	1
917.65	15
917.675	50
917.725	15
917.775	97
917.975	83
918.05	62
918.225	56
918.325	57
918.45	69
918.625	59
918.675	50
918.725	6
918.85	27
918.85	50
919	19
919.3	16
919.35	62
919.45	68
919.5	93
919.65	42
919.775	92
920.325	54
920.825	86
920.925	54
920.95	66
921.05	51
921.075	4
921.2	54
921.2	57
921.3	57
921.4	4
921.45	4
921.5	85
921.6	34
921.65	0
921.725	1
921.825	91
922.175	42
922.35	69
922.4	65
922.4	70
922.475	23
922.5	18
922.525	19
922.525	34
922.525	63
922.55	1
922.6	83
922.625	17
922.65	35
922.75	56
922.85	71
922.85	87
922.875	6
922.9	17
922.925	20
923	65
923	93
923.025	3
923.05	27
923.075	7
923.1	13
923.125	52
923.15	2
923.15	21
923.175	78
923.2	22
923.2	26
923.2	43
923.225	4
923.225	52
923.225	53
923.225	61
923.275	59
923.325	22
923.325	25
923.375	92
923.4	91
923.425	22
923.425	92
923.45	28
923.45	99
923.475	10
923.475	51
923.475	83
923.525	50
923.6	22
923.6	52
923.625	12
923.625	56
923.65	11
923.65	22
923.675	50
923.75	20
923.8	64
923.875	0
923.875	56
923.925	35
923.95	83
924.025	8
924.075	87
924.125	63
924.175	64
924.25	64
924.275	66
924.3	43
924.375	22
924.4	65
924.4	93
924.425	35
924.45	70
924.475	15
924.525	34
924.525	57
924.55	3
924.55	18
924.6	28
924.725	11
924.75	1
924.85	11
924.925	10
925.025	42
925.05	11
925.1	92
925.15	12
925.175	99
925.3	92
925.375	63
925.575	32
925.575	97
925.65	10
925.675	63
925.7	33
925.85	15
925.875	35
925.9	33
926.025	99
926.225	51
926.3	15
927.05	15
932.275	19
932.4	87
932.55	87
932.65	53
932.75	51
932.8	83
932.875	14
933	28
933.075	4
933.1	10
933.175	13
933.175	33
933.2	32
933.225	54
933.25	78
933.275	65
933.325	0
933.325	33
933.35	10
933.375	92
933.425	20
933.425	57
933.425	66
933.45	15
933.475	18
933.5	64
933.5	69
933.525	0
933.525	93
933.55	2
933.6	17
933.6	42
933.625	34
933.625	35
933.625	85
933.65	25
933.7	25
933.7	63
933.725	85
933.75	2
933.75	52
933.775	59
933.775	97
933.8	12
933.8	85
933.825	1
933.825	27
933.85	3
933.85	35
933.875	22
933.875	28
933.875	63
933.875	64
933.9	1
933.9	87
933.95	12
933.95	64
933.95	87
933.975	26
934	28
934	56
934.075	68
934.125	28
934.15	10
934.15	70
934.2	83
934.275	20
934.3	61
934.3	68
934.4	57
934.425	14
934.45	22
934.725	52
934.725	99
934.75	18
934.75	32
934.75	92
934.775	1
934.825	97
934.975	25
934.975	35
935	69
935.05	11
935.075	68
935.1	3
935.125	14
935.175	9
935.175	27
935.225	27
935.325	33
935.525	54
935.525	61
935.9	2
936.225	22
936.325	25
936.35	28
936.7	19
936.7	33
936.825	18
936.85	9
936.975	87
937.95	69
943.225	48
943.275	48
943.5	9
943.525	83
943.6	9
943.6	99
943.625	52
943.65	19
943.675	18
943.675	99
943.75	97
943.775	23
943.775	52
943.775	70
943.775	99
943.825	87
943.9	34
943.9	85
943.925	51
943.975	20
943.975	26
944.125	59
944.15	20
944.2	0
944.2	1
944.2	64
944.225	17
944.225	27
944.3	4
944.3	17
944.35	2
944.4	28
944.525	4
944.525	25
944.525	33
944.55	56
944.55	66
944.575	92
944.6	14
944.625	69
944.65	14
944.725	22
944.725	57
944.75	35
944.75	70
944.775	65
944.8	27
944.825	54
944.85	56
944.875	68
944.875	99
944.9	16
944.925	99
944.975	85
945.025	20
945.05	10
945.05	16
945.1	13
945.1	42
945.125	70
945.15	7
945.2	87
945.225	10
945.275	87
945.3	0
945.325	15
945.325	86
945.375	86
945.475	3
945.525	19
945.55	13
945.575	61
945.575	70
945.625	99
945.675	8
945.675	85
945.775	51
945.825	61
945.85	11
945.9	4
945.9	11
945.975	27
946	13
946	28
946.025	50
946.125	13
946.125	68
946.175	85
946.225	15
946.25	66
946.3	87
946.4	25
946.55	56
946.75	10
946.75	17
946.875	25
947.075	56
947.425	17
947.475	61
947.9	56
947.975	12
948.125	8
948.3	56
948.375	1
952.725	78
952.85	83
952.9	33
953.05	33
953.075	17
953.075	92
953.15	35
953.15	69
953.175	4
953.175	64
953.225	99
953.325	70
953.5	2
953.525	3
953.55	0
953.625	13
953.625	19
953.625	27
953.725	83
953.75	61
953.8	22
953.85	50
953.925	51
953.975	4
953.975	73
954.025	7
954.025	65
954.025	86
954.075	87
954.3	14
954.4	1
954.425	10
954.45	1
954.45	8
954.45	42
954.45	59
954.45	99
954.475	16
954.525	8
954.575	42
954.625	83
954.675	3
954.7	9
954.725	15
954.8	27
955.125	54
955.25	8
955.3	2
955.3	8
955.325	51
955.4	50
955.525	8
955.525	25
955.65	22
955.7	22
955.725	54
955.9	2
956.125	1
956.3	51
956.475	51
956.775	71
956.85	25
956.975	21
957.1	52
957.1	99
957.15	26
957.25	34
957.25	51
957.275	1
957.375	20
957.4	0
957.45	12
957.45	20
957.5	1
957.575	3
957.975	68
958.2	35
958.2	65
958.225	64
958.3	65
958.35	16
958.35	34
958.35	64
958.425	12
958.425	16
958.425	64
958.7	9
958.775	3
958.875	1
958.875	3
958.925	64
959.025	13
959.2	16
959.425	68
959.725	20
959.85	1
959.875	8
960	20
960.025	15
960.475	16
962.05	28
964.4	6
964.45	6
964.475	12
964.625	43
964.75	56
964.75	71
964.775	33
964.8	93
964.825	1
964.825	53
964.85	93
964.875	26
964.9	35
964.9	65
964.925	32
964.925	73
964.95	16
964.95	87
965.025	0
965.025	52
965.05	2
965.05	21
965.05	68
965.075	26
965.075	93
965.1	9
965.1	66
965.125	8
965.125	27
965.125	51
965.125	86
965.15	20
965.15	99
965.2	19
965.2	48
965.2	51
965.2	78
965.2	92
965.225	17
965.25	54
965.275	8
965.275	10
965.275	11
965.275	15
965.275	34
965.3	3
965.3	42
965.325	4
965.325	34
965.325	83
965.4	69
965.4	83
965.4	97
965.425	2
965.45	13
965.45	59
965.475	6
965.475	61
965.5	70
965.525	2
965.55	48
965.575	23
965.6	21
965.6	48
965.625	4
965.65	12
965.65	14
965.65	64
965.675	2
965.675	18
965.675	20
965.675	70
965.725	17
965.825	73
965.875	25
965.875	27
965.9	1
965.9	85
965.925	21
966.1	68
966.15	9
966.15	10
966.15	32
966.15	54
966.175	42
966.275	33
966.3	93
966.375	4
966.375	73
966.475	6
966.5	27
966.5	87
966.525	51
966.525	92
966.575	6
966.775	17
966.8	11
966.825	97
966.875	9
966.9	42
966.975	87
967	8
967.15	14
967.225	50
967.25	8
967.25	51
967.4	51
967.4	87
967.6	73
967.7	12
968.15	18
968.2	12
968.6	7
968.725	3
968.85	64
968.9	42
969	87
969.075	54
969.1	73
969.2	51
969.275	61
969.35	25
969.725	54
969.85	86
970.025	14
970.5	14
973.475	73
974.45	86
977.375	0
977.75	13
977.825	51
977.85	13
977.9	6
977.95	91
977.975	6
978.15	2
978.175	51
978.275	7
978.4	28
978.425	7
978.45	18
978.5	3
978.55	17
978.6	20
978.6	21
978.6	61
978.65	61
978.775	11
978.8	19
978.8	33
978.8	71
978.875	87
978.925	25
978.925	33
978.925	86
978.925	99
978.95	8
978.95	64
978.975	7
978.975	23
979.025	64
979.05	23
979.15	9
979.15	85
979.225	14
979.225	73
979.25	51
979.25	99
979.325	14
979.35	13
979.4	48
979.5	42
979.525	86
979.625	3
979.675	54
979.8	17
979.875	28
979.925	14
980.05	23
980.125	19
980.125	71
980.3	33
980.45	13
980.575	42
980.625	3
980.75	48
980.825	33
980.9	48
980.95	42
981.2	26
981.3	33
981.325	54
982.85	1
983.075	16
983.375	97
983.5	91
983.5	97
983.8	73
983.9	1
984	86
984.25	93
984.375	73
984.4	10
984.525	9
984.6	2
984.675	1
984.9	7
985.05	7
985.1	17
985.125	28
985.15	3
985.575	33
985.6	21
985.825	19
985.9	2
986	25
986.125	99
986.25	4
986.275	99
986.475	0
986.575	19
986.675	64
986.75	51
986.825	13
986.825	42
986.95	15
987	7
987.05	25
987.1	99
987.25	99
987.325	7
987.35	50
987.375	11
987.4	7
987.625	42
987.65	64
987.75	59
987.75	68
987.85	17
987.875	4
988	25
988.1	11
988.125	27
988.175	6
988.175	14
988.25	6
988.3	48
988.325	15
988.35	1
988.45	3
988.475	14
988.475	15
988.5	61
988.525	64
988.575	93
988.625	71
988.65	61
988.825	61
988.95	97
988.975	59
989.275	26
989.35	97
989.375	25
989.4	1
989.775	10
989.775	68
990.05	12
990.1	14
990.275	48
990.75	1
990.8	8
991.775	85
994.675	2
995.025	21
995.025	73
995.175	7
995.25	7
995.25	17
995.275	4
995.35	4
995.375	3
995.4	13
995.4	18
995.4	99
995.475	25
995.5	54
995.55	54
995.55	97
995.6	6
995.6	97
995.675	14
995.7	0
995.725	87
995.75	14
995.75	16
995.75	33
995.775	51
995.8	10
995.8	14
995.8	33
995.825	61
995.85	26
995.875	86
995.925	1
995.925	26
995.975	1
995.975	12
996.025	0
996.025	9
996.05	28
996.075	68
996.075	97
996.075	99
996.15	42
996.175	61
996.2	54
996.2	93
996.25	15
996.3	64
996.375	2
996.375	11
996.45	48
996.475	6
996.475	27
996.475	61
996.5	48
996.525	17
996.625	33
996.65	91
996.7	0
996.825	97
996.85	61
996.875	73
996.925	15
997	13
997	19
997.025	51
997.075	13
997.075	87
997.15	8
997.2	16
997.225	61
997.35	15
997.4	71
997.525	10
997.65	25
997.65	27
998.05	18
998.2	9
998.325	42
998.575	47
998.7	13
998.7	66
998.825	93
998.925	50
998.925	57
998.95	62
998.95	93
999.025	91
999.075	69
999.075	91
999.175	18
999.225	18
999.225	92
999.25	54
999.275	22
999.325	97
999.35	53
999.35	57
999.35	59
999.375	47
999.4	18
999.425	59
999.475	27
999.5	23
999.5	26
999.5	83
999.525	42
999.55	10
999.55	93
999.65	10
999.65	34
999.7	52
999.775	52
999.875	85
