12	31	39	65	68	73	79	81	103	108	125	137	151	158	164	204	207	219	226	232	250	
4	4	16	20	35	39	40	41	45	49	53	58	64	67	69	70	72	75	86	97	116	121	160	169	210	213	220	225	253	254	
5	13	18	22	25	39	48	56	57	58	72	92	104	106	130	171	186	191	194	194	213	213	217	228	238	240	247	
17	22	26	53	59	81	85	88	110	115	116	124	137	139	140	141	146	149	160	168	179	183	185	205	213	214	219	245	245	
0	1	3	12	13	23	46	67	67	68	71	83	112	114	114	136	150	153	161	172	181	181	192	195	205	
34	36	39	66	74	75	76	78	86	93	115	147	150	159	169	174	224	229	232	235	244	245	
14	20	30	44	58	69	76	132	152	153	161	165	182	185	190	194	202	210	
1	8	8	11	21	36	49	54	61	62	84	104	108	144	147	156	167	171	177	178	210	221	223	234	242	255	
0	1	6	33	53	73	100	101	128	137	140	141	153	159	160	162	166	167	169	175	184	185	210	223	228	235	
0	2	13	26	43	52	87	98	125	136	139	148	188	192	199	200	200	204	216	222	227	239	250	255	
11	12	18	19	42	55	58	71	77	82	85	95	98	114	120	129	148	149	168	177	181	189	201	203	204	213	223	248	
19	30	36	50	56	69	96	97	106	107	118	123	126	142	144	146	156	162	166	168	201	212	237	
2	2	2	28	48	58	63	67	86	96	99	102	107	120	146	154	195	201	206	209	217	217	223	225	225	246	254	
6	38	49	60	66	80	87	98	111	119	120	126	130	132	136	143	162	172	193	227	243	
2	4	28	42	44	54	59	61	68	70	87	108	117	145	174	174	178	179	190	190	191	196	197	221	227	238	243	
0	63	73	78	84	107	110	131	137	146	161	170	175	184	191	200	211	213	214	217	218	219	221	235	236	251	
17	17	32	37	41	42	57	66	67	94	98	105	122	125	127	135	138	180	183	231	235	238	243	243	253	
2	35	38	42	50	51	52	59	64	71	76	84	84	101	129	136	138	141	157	179	216	246	
9	16	23	24	26	34	41	44	45	47	83	89	90	90	92	93	98	111	113	123	127	134	160	181	184	188	188	195	195	244	247	
1	6	34	40	42	45	61	74	85	112	126	128	128	141	153	155	156	157	182	187	187	196	211	212	223	225	229	230	249	
3	10	28	35	54	61	94	94	100	103	127	140	154	160	163	172	176	179	198	200	240	241	
6	60	65	69	79	90	92	99	115	131	144	147	151	151	152	155	167	168	174	182	185	206	207	235	243	245	253	
18	50	61	63	84	87	107	116	118	129	134	135	140	146	155	159	171	179	179	180	192	198	198	206	214	216	229	233	
4	10	12	24	29	38	46	48	57	70	74	89	94	110	111	133	156	162	171	179	183	204	210	217	218	250	252	
20	30	40	62	67	82	85	90	94	95	106	114	116	118	119	128	130	138	142	151	155	155	163	164	169	194	201	215	230	232	
4	8	15	24	26	27	40	40	44	68	69	76	118	155	163	174	186	194	203	227	227	232	233	236	243	245	251	
12	13	30	32	39	56	60	76	80	81	112	115	118	123	125	127	128	177	187	
1	7	21	22	24	30	31	35	43	61	71	76	80	95	98	101	115	131	132	132	157	208	208	209	213	214	215	218	229	244	248	248	250	252	254	254	
5	11	18	21	22	25	29	38	44	48	52	66	74	90	101	102	105	110	114	123	148	152	156	167	181	194	199	221	224	232	244	
6	16	28	35	42	54	63	96	133	138	139	144	146	157	158	165	170	195	196	208	218	252	
32	38	40	43	43	80	93	110	121	133	136	147	158	165	182	191	193	194	195	202	204	209	214	231	237	
1	10	25	36	48	50	123	133	134	147	154	162	167	167	183	184	199	211	211	213	216	226	233	
26	34	55	82	83	96	102	111	120	129	130	150	151	158	160	173	193	199	201	205	206	207	212	216	223	238	250	251	
7	14	27	39	41	45	63	71	77	80	83	89	97	118	121	122	122	124	130	134	145	169	185	188	205	210	245	
3	16	21	23	33	41	57	69	83	85	88	113	113	123	124	127	139	143	155	164	165	168	175	202	225	230	239	239	
1	4	44	50	51	56	56	59	62	66	72	82	92	96	100	108	114	120	121	133	143	145	151	166	170	176	178	212	224	231	237	239	247	253	
7	22	39	79	97	149	152	153	162	168	175	182	184	185	186	191	193	194	198	209	218	222	230	234	249	250	254	
6	18	36	36	46	49	53	64	70	82	91	97	106	118	131	132	134	145	155	206	217	220	
7	7	18	19	69	78	79	96	103	104	111	116	136	143	149	157	165	170	171	174	177	188	202	205	240	249	251	
15	30	33	43	50	54	54	68	76	77	80	89	100	115	156	163	184	186	188	188	196	210	218	224	254	255	
3	11	12	20	23	23	35	39	48	64	91	92	101	107	109	120	150	193	195	198	207	215	228	244	247	254	
17	25	37	55	70	70	80	80	81	81	86	91	93	98	98	112	117	119	133	140	147	153	153	163	173	189	225	242	253	
13	33	47	51	52	56	67	73	87	89	98	99	102	103	112	121	122	144	164	204	209	226	227	233	237	238	245	246	250	
2	8	10	12	30	32	36	39	40	62	80	81	94	99	112	136	138	138	152	189	209	224	241	247	251	
8	17	31	32	37	60	73	82	86	104	105	117	130	142	161	169	182	186	188	193	193	197	216	222	241	253	254	
4	16	31	32	36	63	66	72	103	105	109	110	131	142	146	152	154	159	171	175	190	190	219	226	236	238	249	
9	15	19	29	43	44	48	65	69	70	88	92	102	110	114	118	120	134	135	142	164	165	172	173	174	177	182	218	228	240	242	255	
8	14	14	24	31	34	36	40	59	65	66	72	77	84	91	96	100	108	114	119	159	163	164	166	180	219	220	222	230	235	239	249	253	
28	55	58	62	81	92	109	111	121	150	153	167	170	176	181	189	204	232	241	
9	11	20	30	32	33	41	45	50	57	60	74	91	92	99	131	134	147	150	180	183	186	197	199	239	
5	10	28	68	112	134	136	157	180	203	203	211	214	227	
7	13	21	21	33	38	74	86	88	90	99	108	109	110	124	130	132	135	152	156	158	164	192	199	204	209	219	223	230	
0	3	5	9	10	15	15	46	51	89	115	123	128	138	140	143	162	163	180	208	210	230	240	
16	24	25	42	46	52	54	55	72	75	113	117	129	145	161	177	178	181	190	197	198	199	202	221	234	234	236	237	242	252	
0	11	15	23	27	33	55	91	101	104	106	136	144	164	184	192	202	202	205	226	237	237	239	246	247	
1	32	60	96	99	107	128	152	157	175	178	203	211	221	224	229	231	236	254	
4	7	8	61	86	91	96	119	137	142	146	157	174	175	187	195	195	200	203	228	232	234	
21	23	25	33	41	48	65	70	88	100	101	121	135	142	148	166	168	185	186	189	191	203	211	215	221	229	229	242	246	
26	29	32	38	41	55	55	75	85	89	117	119	125	127	129	131	144	149	159	182	188	214	233	237	239	239	241	244	251	253	
10	37	45	56	56	60	74	85	90	93	106	107	141	153	167	173	196	205	208	219	222	227	228	248	253	
5	8	9	22	43	46	47	51	58	87	87	93	116	133	143	150	161	175	187	198	206	214	217	217	242	242	244	252	
4	14	25	28	59	65	66	78	88	89	125	127	167	181	197	198	221	222	231	235	242	245	
11	14	15	36	37	51	72	83	124	126	135	138	154	155	157	171	201	205	209	212	226	229	236	238	247	
8	29	33	34	99	107	113	119	135	140	140	145	166	173	173	191	216	224	242	243	
18	19	22	27	37	38	45	57	61	77	84	104	112	124	145	173	176	178	189	192	194	196	197	200	203	207	220	254	
0	24	33	37	43	49	51	52	72	75	76	78	95	104	105	113	121	122	131	135	145	146	154	158	161	163	172	176	185	209	232	
2	16	31	47	48	50	62	65	75	95	101	113	151	159	207	224	228	231	252	255	255	
6	48	60	75	103	103	108	120	134	147	158	169	170	183	185	207	210	218	222	243	247	247	
14	15	17	19	61	64	67	72	82	94	106	113	117	141	151	156	172	177	190	193	199	200	206	211	211	212	215	230	233	249	
29	38	39	42	46	60	65	71	114	119	128	143	148	186	191	192	203	220	228	233	
0	9	9	10	16	17	22	23	26	46	64	67	69	88	95	105	113	117	135	163	183	188	200	203	208	223	
9	20	24	42	54	54	73	79	84	125	140	177	187	189	201	215	217	218	227	240	247	252	255	255	
1	3	8	18	34	37	44	61	73	93	105	117	122	123	145	158	160	186	222	224	236	
20	40	45	46	78	78	87	95	107	109	130	130	156	159	165	172	178	183	184	192	240	
0	7	15	21	50	62	70	95	104	108	120	137	166	169	170	172	235	240	
20	24	34	46	51	62	64	64	73	81	82	90	95	96	143	150	160	163	168	171	172	176	190	201	208	232	236	
5	11	15	28	78	84	101	106	109	118	122	159	162	169	209	210	221	231	
9	31	41	47	53	56	74	93	93	112	115	148	149	150	176	189	196	199	217	220	223	225	238	241	252	255	
11	12	14	25	34	49	53	58	63	102	113	141	160	177	197	204	220	235	238	244	245	246	246	
21	37	43	44	52	53	58	59	66	71	75	75	83	86	97	116	154	169	180	180	189	226	227	242	246	249	250	251	
18	47	52	53	62	94	100	104	123	125	129	133	135	165	179	181	182	182	190	222	224	229	234	234	241	251	
26	27	38	58	89	110	123	124	126	130	142	144	191	199	205	216	232	233	241	251	
11	12	37	59	59	77	79	87	91	99	111	138	151	153	161	173	177	183	192	202	230	236	250	
13	19	68	82	102	109	129	131	139	148	152	171	185	195	212	213	219	226	231	235	243	246	
0	3	14	17	23	35	63	71	77	78	81	97	97	105	117	127	164	173	198	206	207	212	214	216	219	220	228	249	249	252	
3	5	27	30	34	35	35	45	49	57	64	74	79	88	102	116	118	132	144	149	149	165	187	202	206	215	216	222	225	229	230	237	241	248	
7	13	29	49	62	65	69	71	73	91	95	124	126	132	139	140	141	154	157	176	178	200	212	219	240	241	253	
3	5	6	6	9	20	28	31	73	79	85	94	102	103	109	109	126	162	170	176	183	196	200	228	233	237	245	248	
5	17	21	30	68	78	79	117	125	137	139	139	145	148	149	154	162	170	186	187	201	225	248	248	
6	13	22	23	42	49	52	53	57	63	81	86	91	105	109	119	120	127	131	137	139	143	155	160	168	171	178	178	213	226	231	234	239	249	
16	31	68	92	93	98	99	104	112	121	124	144	152	154	156	206	212	243	250	252	
1	12	20	24	25	31	41	47	59	83	84	90	94	115	126	126	133	137	142	143	147	149	179	180	181	193	196	197	205	214	255	
7	27	40	47	47	53	55	55	57	64	70	74	79	103	106	108	116	119	139	141	174	193	215	
4	17	19	27	29	35	45	47	49	63	97	121	126	142	150	167	204	223	233	234	
2	19	22	29	60	77	100	122	124	132	133	159	165	168	175	197	201	220	221	231	
3	5	18	19	25	28	44	76	76	77	80	82	90	97	100	102	111	111	136	147	148	151	161	187	191	192	207	208	215	215	234	248	
2	10	14	27	27	50	68	83	85	88	89	100	106	115	127	132	134	141	148	158	166	172	174	175	184	184	236	244	244	251	
16	43	51	52	67	75	77	88	114	128	129	164	176	189	190	220	238	246	248	
26	29	32	72	87	92	101	103	105	107	122	129	146	158	161	166	170	173	179	187	208	211	218	225	
10	13	26	51	54	56	57	65	66	71	83	85	86	108	110	111	116	122	125	128	137	138	166	180	194	196	197	198	202	207	208	226	240	
