1	14	22	27	33	35	38	39	91	101	128	133	137	149	156	164	174	186	188	191	196	202	226	226	227	229	231	241	245	249	254	
2	16	30	45	55	72	78	93	100	114	118	141	150	160	170	173	182	188	188	198	203	203	206	212	229	236	245	253	254	
5	19	28	30	31	36	62	70	71	71	74	99	99	101	103	111	114	122	126	127	131	136	162	186	194	223	223	236	
8	21	22	24	27	31	38	69	86	86	91	98	115	121	124	132	138	144	150	152	158	177	178	192	202	202	212	215	219	222	229	245	253	254	
2	11	19	29	52	55	64	76	85	90	96	98	112	141	176	178	191	195	201	214	233	240	
52	72	75	94	95	113	130	145	146	151	167	172	183	196	200	208	227	227	227	240	
8	21	23	34	48	59	92	100	127	148	148	157	200	211	215	221	237	
15	17	26	39	52	83	99	103	143	147	151	157	164	172	197	197	202	216	230	244	255	
4	25	25	35	42	44	46	60	61	62	66	77	78	88	100	103	131	132	152	152	156	161	162	178	178	186	195	228	229	231	232	
1	29	34	39	44	83	84	94	109	119	126	141	160	161	164	191	195	207	210	215	216	240	255	
4	17	32	46	58	70	87	121	142	156	159	166	173	207	213	217	217	225	231	236	237	243	251	
7	10	32	85	97	128	139	163	168	176	178	191	199	214	228	231	233	250	255	
0	6	7	15	30	35	43	51	51	69	81	84	108	117	135	135	139	139	141	157	161	167	180	186	187	194	200	218	242	
1	3	15	20	32	35	37	38	39	51	72	91	91	95	100	100	102	113	124	131	133	140	151	163	175	190	216	218	230	232	244	255	
17	22	29	31	59	76	80	81	95	111	126	137	138	141	146	163	172	224	232	250	252	
17	29	32	51	60	63	70	99	105	107	120	131	142	143	144	155	157	162	184	194	223	242	251	252	255	
30	33	37	57	75	89	93	106	109	111	124	128	183	183	206	217	222	231	239	254	
15	18	30	41	63	65	71	73	76	80	86	87	98	108	116	140	163	169	175	177	181	185	189	202	206	208	215	234	239	246	248	
0	9	11	28	30	33	51	59	71	72	73	74	95	101	104	104	137	141	143	143	152	166	168	171	175	175	201	221	224	233	243	251	
12	17	26	36	58	61	67	71	84	104	108	109	124	144	184	185	185	214	219	219	227	231	244	
11	22	28	50	51	55	57	78	79	80	86	92	113	114	142	146	147	151	155	158	161	165	179	197	215	215	220	224	230	237	
46	48	79	80	102	123	157	163	180	180	203	205	214	216	223	235	
4	13	27	47	58	65	68	82	86	99	105	109	110	114	122	142	181	206	210	211	227	230	244	245	255	
2	3	9	12	33	34	44	60	76	176	187	190	201	206	210	218	220	243	247	254	
13	34	50	56	74	82	84	86	88	98	114	123	123	127	142	151	158	162	163	180	183	199	227	228	228	228	230	232	236	238	238	
5	6	6	37	41	44	50	51	60	62	85	86	108	116	117	137	139	145	149	153	177	182	192	199	200	213	222	223	224	240	254	254	
4	4	7	7	24	25	25	27	37	52	58	74	85	95	96	108	124	131	132	133	135	136	143	146	152	157	163	163	189	207	213	220	222	235	241	244	250	250	254	
5	5	12	19	21	32	39	51	59	61	72	72	75	77	78	78	90	107	112	117	126	131	158	168	169	183	201	208	210	221	224	248	
1	22	33	35	36	42	50	55	88	92	92	99	102	110	115	120	127	129	140	156	166	193	234	234	237	241	248	249	
11	27	35	36	58	77	83	99	103	131	137	148	162	164	165	200	208	212	
4	4	4	5	6	20	22	24	47	50	56	56	58	68	71	74	76	80	116	134	147	155	160	184	186	186	191	230	249	
13	24	57	63	96	127	135	135	144	152	153	159	169	170	178	179	180	182	196	203	208	209	219	242	242	
0	1	11	14	45	46	51	76	83	116	118	120	135	143	144	147	148	185	212	214	225	255	
2	5	17	19	22	35	39	56	62	68	74	76	94	98	103	103	123	124	125	156	173	173	175	181	187	204	211	215	228	251	
6	16	30	36	40	41	42	43	48	65	67	72	82	89	94	95	101	102	133	135	151	155	156	160	167	168	178	178	182	188	193	194	218	238	239	249	
9	17	21	21	37	37	48	54	57	61	89	106	112	118	150	157	160	177	178	184	185	188	194	206	238	
1	10	34	42	47	48	63	79	84	86	94	105	119	121	123	125	147	150	167	173	179	185	192	194	198	212	221	229	235	241	242	244	245	
8	30	33	39	47	65	67	96	99	125	147	152	153	174	187	188	222	231	231	244	250	
7	11	67	72	79	85	90	98	113	119	133	143	156	164	167	187	188	193	198	201	206	207	208	244	
25	57	58	66	72	77	82	92	130	133	138	147	151	152	153	155	165	176	186	186	187	190	191	192	203	203	205	209	214	244	
4	9	10	24	32	54	59	64	69	75	80	81	114	114	116	155	167	172	174	203	215	218	231	239	244	
13	27	27	40	54	55	59	62	67	73	78	79	108	116	118	124	154	154	161	179	187	199	204	204	243	
23	28	30	38	48	64	78	96	107	110	118	118	122	124	127	163	177	188	192	199	202	245	246	
16	21	26	30	35	41	44	47	62	67	80	93	103	107	127	153	158	166	168	204	233	235	252	
11	12	13	18	26	30	38	40	42	45	50	60	72	80	96	102	104	121	122	126	145	152	153	159	190	195	210	210	223	
14	24	36	42	43	47	48	60	69	86	90	97	107	134	139	139	145	148	153	176	182	189	189	214	215	221	
9	12	19	28	32	34	39	61	68	84	84	85	93	121	172	173	174	191	221	224	235	249	252	
1	4	54	60	77	78	80	84	85	86	114	129	155	163	175	194	205	206	214	222	233	244	248	
0	1	11	21	29	36	40	42	44	56	79	85	85	92	93	117	117	154	167	172	179	223	230	240	242	245	247	248	252	255	
10	13	14	20	32	46	48	53	65	78	98	100	107	107	112	120	128	130	143	179	180	189	195	222	249	
2	6	7	8	22	30	31	66	75	80	95	103	113	118	128	157	164	165	184	199	202	208	220	221	224	242	244	
15	16	23	61	63	83	100	106	115	125	129	150	151	160	163	170	170	173	181	185	187	188	189	197	219	233	237	238	245	246	246	253	
5	29	58	59	61	66	67	71	79	103	105	110	133	137	169	202	212	227	241	241	
4	12	14	21	41	54	61	66	89	93	99	102	108	110	128	136	159	164	174	182	186	198	207	227	238	253	
40	47	58	78	94	98	99	109	117	136	147	192	194	196	240	
1	3	37	44	53	77	85	90	98	112	134	170	182	196	206	225	
4	5	36	65	83	85	90	103	110	112	120	128	129	131	144	160	167	188	206	212	213	216	224	254	
1	12	19	31	41	53	58	75	85	88	91	92	102	104	105	117	130	132	159	171	171	180	212	219	220	224	228	234	238	247	248	
2	11	14	18	27	35	40	56	57	57	59	60	61	81	95	102	111	137	139	146	147	162	166	169	171	176	180	193	199	211	223	224	227	227	231	252	
1	11	12	36	39	55	65	71	77	83	83	89	89	106	110	127	132	149	190	212	214	243	247	253	
21	38	65	68	93	93	104	106	113	137	145	161	165	166	183	201	209	210	212	236	
6	8	14	18	25	35	48	57	63	76	98	103	114	117	131	133	156	173	179	185	191	192	218	221	233	240	255	
0	1	2	2	6	9	29	77	78	94	104	107	116	118	118	130	142	169	176	177	186	191	196	208	210	214	216	230	
1	62	80	82	84	92	95	108	114	118	159	163	192	201	202	217	218	226	226	232	238	245	
12	14	19	26	32	35	48	60	73	77	86	105	119	122	140	149	161	165	167	171	181	187	197	208	213	215	222	228	234	242	
30	82	97	102	122	125	169	169	179	191	196	196	198	203	208	225	227	
10	15	16	23	28	49	63	67	71	78	81	93	96	96	115	126	130	144	177	177	183	185	200	213	248	252	
23	25	29	45	45	79	84	84	96	99	122	125	138	163	165	166	181	201	203	204	236	
1	30	36	43	45	52	69	81	85	101	102	106	108	122	126	156	199	205	206	228	232	233	244	244	
2	17	26	28	32	45	52	57	62	95	101	101	103	113	115	115	119	129	143	152	155	156	162	202	211	248	
4	19	36	46	57	64	74	82	92	110	111	143	160	163	168	172	177	187	213	216	224	229	231	231	240	246	
14	19	23	38	46	48	62	69	88	93	95	110	120	142	156	165	169	171	174	174	178	183	184	220	227	236	
20	27	28	42	58	91	99	116	127	140	148	153	160	161	161	168	183	198	229	235	244	
19	23	25	33	70	95	100	105	127	133	139	144	157	174	175	175	178	198	215	237	
8	16	20	27	43	54	55	58	64	67	85	96	101	107	108	121	125	151	152	153	168	169	175	190	202	207	216	235	242	
14	17	38	43	66	67	73	77	80	85	95	112	114	117	122	129	134	154	159	178	183	192	208	220	227	234	239	
16	17	24	24	48	60	64	64	69	74	85	85	87	94	105	126	134	141	151	156	157	169	175	179	194	195	219	225	242	
10	29	30	58	98	99	107	108	124	126	130	166	170	194	203	219	224	226	229	236	
4	6	42	43	46	49	61	76	86	105	111	113	123	142	142	147	148	159	164	180	185	211	215	231	237	240	
2	11	11	25	55	71	74	104	107	109	133	152	158	161	165	176	176	182	189	203	213	248	250	
9	11	19	60	64	64	73	86	89	97	99	100	108	110	116	123	137	151	153	187	229	255	
0	21	30	33	58	61	61	73	83	110	115	116	122	125	131	140	144	147	149	153	161	173	176	188	189	199	203	211	234	240	242	245	255	
3	23	23	24	42	51	94	107	118	119	154	156	158	163	185	201	211	222	224	246	251	251	
8	10	39	44	48	51	52	56	60	63	70	90	101	103	109	112	128	147	148	157	173	174	183	184	205	206	228	234	254	
2	31	35	54	59	62	71	73	75	83	85	89	94	115	116	119	128	130	133	135	138	150	160	167	171	174	198	207	211	218	225	235	238	254	
2	3	8	10	15	18	21	31	36	36	37	38	51	52	57	66	72	74	96	103	112	125	159	162	166	186	190	192	195	204	217	242	247	251	
11	16	23	56	64	75	92	106	110	126	134	142	161	177	180	201	206	226	226	233	236	248	
22	50	69	76	85	96	103	109	121	144	167	169	173	189	193	195	215	227	244	
2	23	33	37	37	62	70	82	92	101	133	133	135	139	141	141	142	167	176	202	206	206	241	247	248	
2	5	16	20	40	58	79	90	91	107	107	113	136	154	162	165	165	207	208	215	218	239	
13	17	30	41	47	78	80	83	88	106	111	148	149	180	191	193	204	210	220	226	252	255	
2	3	4	7	11	12	13	21	23	27	58	79	80	90	107	118	122	153	155	174	180	185	204	205	213	215	215	248	255	
13	31	49	51	60	72	84	91	93	119	138	155	170	174	175	182	187	194	195	209	224	230	238	244	248	
7	13	25	26	48	53	65	101	109	112	140	144	187	197	197	198	224	236	237	237	242	251	253	
9	10	25	34	44	52	55	91	117	147	149	154	209	210	223	250	251	
2	3	25	40	47	53	54	104	108	118	135	141	154	158	163	165	172	175	189	203	232	241	248	254	
2	6	6	7	12	13	14	19	38	43	46	56	74	122	139	148	156	159	165	168	168	176	200	216	218	219	228	
8	47	62	69	70	70	85	101	106	112	118	118	119	146	147	157	186	200	200	203	205	205	228	231	248	
14	31	46	63	70	83	91	102	132	149	167	177	177	180	182	188	196	198	208	211	231	235	237	246	247	248	
8	18	25	34	60	60	66	85	102	103	114	130	134	150	157	169	176	182	191	209	222	226	233	
6	7	14	16	18	30	39	40	61	71	124	136	138	149	150	152	163	169	176	177	184	185	189	201	207	217	221	221	223	231	231	232	232	234	238	239	247	253	
6	11	12	29	38	55	60	71	78	78	86	103	121	179	189	196	197	201	225	226	230	244	
0	10	28	34	35	42	43	46	48	69	73	83	88	88	95	106	108	111	121	123	128	136	155	156	160	164	190	214	221	244	251	252	
1	24	51	53	63	80	100	106	142	153	158	165	172	177	187	211	222	223	232	232	
0	2	53	67	71	81	98	115	118	118	134	139	145	147	148	151	153	160	162	193	194	194	199	202	202	207	222	237	
3	9	12	14	43	56	61	92	92	101	119	121	133	159	166	185	187	204	213	225	236	244	244	
10	14	18	23	24	28	34	37	37	38	70	81	110	115	116	119	120	120	126	154	159	163	165	166	166	178	197	215	250	
15	32	36	41	50	50	82	83	84	105	112	120	124	149	156	158	159	168	181	183	201	203	206	207	209	228	234	235	237	242	251	
37	69	94	116	128	132	141	142	155	157	160	161	181	187	205	218	235	237	244	
18	51	68	72	75	82	87	111	111	112	116	134	157	181	193	204	205	210	212	229	230	231	236	253	253	
36	36	40	41	47	49	71	92	99	109	112	113	127	128	149	166	172	181	188	192	209	232	233	246	247	248	252	
10	12	34	36	47	52	68	83	86	104	115	129	138	169	172	175	211	217	220	234	234	253	253	
0	8	13	14	24	35	51	62	76	79	92	99	111	115	145	162	167	182	186	219	233	238	249	253	
3	5	5	13	15	16	39	51	59	66	89	120	123	126	132	139	140	151	154	181	206	207	212	226	234	239	255	
3	3	9	12	25	45	50	55	56	58	67	103	121	125	135	140	147	156	171	181	207	208	210	214	218	225	228	230	248	252	
3	8	11	23	52	52	61	67	69	70	84	111	140	146	150	153	159	167	191	199	208	218	227	236	237	240	247	248	250	251	
4	9	22	38	50	64	68	71	88	88	102	129	139	167	180	198	200	203	227	231	249	252	
20	29	33	44	58	71	77	82	90	107	114	118	122	160	163	167	168	169	177	180	191	197	200	217	222	234	237	239	246	
9	19	44	58	80	100	117	117	137	152	156	162	184	185	186	202	205	221	236	245	
105	108	113	141	146	153	172	185	209	210	219	250	250	254	255	
31	36	42	57	58	59	62	80	84	91	98	103	124	132	133	135	147	150	164	180	191	203	209	209	210	221	230	234	235	242	249	
14	29	49	49	61	70	71	75	100	110	113	115	134	138	149	156	168	177	182	198	215	226	241	249	253	
23	30	31	45	49	78	89	106	108	117	121	142	154	168	180	211	218	219	224	229	243	249	254	
6	18	18	24	39	41	53	54	67	68	73	79	84	91	150	156	198	207	211	219	227	232	238	241	252	
6	25	32	49	74	89	117	129	136	139	151	153	153	167	177	191	199	206	212	214	233	233	242	
10	11	18	27	28	42	43	52	56	69	113	114	120	121	124	138	138	143	169	187	193	199	213	253	
5	8	10	31	31	53	57	69	70	92	97	115	127	132	141	143	148	152	171	174	176	184	185	185	205	208	215	219	221	243	249	
8	13	13	16	28	38	40	50	57	65	75	87	99	106	117	129	137	150	158	167	183	195	214	222	232	243	245	248	
3	12	13	20	39	45	100	112	118	123	132	135	142	163	164	169	182	191	195	206	209	212	228	239	244	248	251	
10	13	23	24	37	41	61	83	92	104	109	127	131	131	173	180	186	188	195	199	210	226	244	248	249	250	
3	5	10	22	40	50	60	89	92	94	114	134	141	142	148	156	182	216	218	242	
18	24	26	38	61	62	64	65	72	77	79	83	108	115	125	136	159	174	186	188	246	246	255	
8	31	34	64	70	79	114	118	130	139	154	156	172	181	181	184	192	206	213	225	231	
3	19	23	28	29	56	80	89	107	112	136	137	150	151	157	189	192	195	201	205	214	216	224	230	231	232	237	237	238	244	248	252	
10	15	24	27	35	35	69	74	77	78	79	82	96	104	107	119	124	150	166	170	170	175	177	190	190	219	223	228	236	
2	3	12	16	24	33	52	87	100	100	111	118	124	126	150	158	170	175	177	201	227	232	247	250	253	
2	15	30	31	35	42	44	69	80	81	84	95	98	107	121	130	144	167	169	171	174	193	195	211	233	237	
13	20	27	47	49	51	54	78	84	101	101	103	113	113	162	166	176	181	190	205	225	250	
0	15	37	38	43	56	62	86	96	97	110	116	119	119	125	139	143	155	159	181	183	183	220	237	253	253	253	
13	24	49	73	94	103	116	146	168	171	176	183	195	197	210	224	
28	35	55	59	61	73	88	91	100	107	109	114	115	120	127	138	149	161	169	172	185	189	193	194	195	198	206	216	220	240	246	252	254	255	
5	11	18	23	40	45	54	66	68	71	74	76	99	124	140	143	164	172	188	211	227	
12	73	79	103	112	114	119	125	135	143	160	163	166	174	217	218	218	221	225	254	
5	10	13	14	22	24	67	80	93	94	100	117	130	138	146	157	159	165	168	178	179	208	222	230	242	248	
26	59	61	93	98	100	102	104	113	118	143	143	170	200	209	220	252	
4	4	16	28	32	62	64	66	76	95	97	118	141	143	163	180	190	193	201	208	253	
15	19	21	37	60	65	65	66	82	87	98	118	130	161	176	192	208	222	224	240	249	249	250	
13	34	41	49	51	67	85	92	96	102	114	118	128	130	141	144	145	160	173	178	185	187	195	206	207	242	242	242	245	251	
24	31	50	115	115	116	119	121	132	133	133	137	143	145	167	174	178	182	190	204	214	220	238	251	
2	7	14	14	21	31	41	44	44	53	60	97	105	106	109	127	127	135	139	154	156	186	198	209	219	230	250	
13	34	34	39	50	67	69	116	121	126	132	135	146	165	173	188	196	207	212	220	249	251	
20	26	27	34	39	46	65	66	69	73	89	94	102	105	112	113	114	114	126	140	168	173	188	202	217	228	233	237	247	249	255	
22	33	63	64	75	81	87	142	151	154	193	195	203	210	212	215	240	243	249	254	
9	18	18	21	38	49	67	81	87	90	104	112	115	121	123	129	149	154	182	185	193	211	232	241	
10	15	31	35	47	60	66	70	70	74	88	97	97	104	108	117	119	124	145	152	155	168	172	203	223	235	
0	3	5	13	17	26	28	35	38	49	91	94	98	103	108	138	153	172	179	181	184	187	190	190	204	225	229	245	254	
31	77	84	91	98	115	118	120	128	131	132	140	140	158	158	169	170	189	200	214	235	
2	12	19	23	39	43	48	58	86	96	105	111	111	120	120	136	137	144	144	148	203	204	205	217	227	238	238	246	250	251	253	
20	31	35	42	54	54	55	58	82	94	106	111	116	130	143	150	155	182	183	216	
10	14	35	36	62	67	87	105	107	111	113	113	130	132	144	146	153	153	164	181	209	212	219	225	233	250	
34	50	54	72	95	105	106	117	123	145	152	161	177	182	186	233	235	
1	37	43	52	57	58	67	75	78	93	137	139	162	168	174	178	191	210	219	219	243	
8	39	47	52	79	85	90	91	99	112	116	122	183	190	200	214	227	233	246	
9	15	18	20	24	41	43	46	68	69	82	83	85	107	113	123	130	145	145	149	153	160	164	171	185	188	191	241	247	248	
4	10	41	58	72	96	100	101	108	128	143	152	162	172	175	176	180	197	198	205	207	217	227	242	242	245	247	249	254	
5	7	31	33	45	50	54	63	79	87	98	109	112	113	119	125	128	135	152	223	227	247	
2	14	15	16	19	19	32	35	41	64	64	73	76	128	162	174	179	201	215	216	220	226	227	228	233	253	
53	63	92	93	93	110	134	183	193	226	228	253	254	
2	16	19	27	32	34	40	54	56	66	86	95	106	107	112	123	125	126	135	135	138	176	238	
18	21	32	38	41	55	59	62	72	77	92	96	110	119	133	145	146	158	171	193	193	200	219	222	222	223	229	234	255	
3	4	13	15	18	41	47	89	124	129	129	145	178	195	205	205	207	222	240	240	251	252	
8	17	18	23	38	45	46	51	61	64	71	82	90	96	97	112	139	170	175	202	
7	22	25	108	115	117	151	154	161	183	188	205	210	212	217	218	218	225	245	247	
20	30	34	52	57	59	66	66	69	80	81	94	98	102	111	130	149	150	156	174	196	203	213	240	
6	12	17	18	20	20	20	21	55	57	61	99	101	104	124	126	134	142	148	162	175	183	194	203	208	222	222	224	229	235	246	
25	25	31	38	39	48	63	67	67	68	100	106	135	154	157	181	195	198	199	199	203	205	216	233	
2	8	20	23	28	38	50	55	65	66	82	86	86	87	104	110	116	129	131	134	159	160	181	188	214	229	255	
20	41	53	53	68	68	76	98	105	123	133	140	150	151	178	183	216	227	244	245	247	247	252	
13	19	24	42	54	63	79	82	90	91	97	108	122	124	132	151	157	176	184	193	200	204	206	207	208	227	229	
17	20	23	36	38	69	73	77	83	87	88	92	97	111	120	148	153	171	173	182	183	190	199	210	221	222	223	229	237	248	
2	8	9	31	40	40	42	45	76	86	91	98	120	126	128	163	165	166	191	194	197	203	209	224	228	249	252	254	
50	56	56	56	89	100	109	113	119	129	158	170	171	198	199	201	226	235	250	255	
6	9	18	27	28	29	63	66	67	68	93	104	119	120	123	126	137	140	146	153	153	154	155	177	184	188	196	230	234	241	
3	9	42	43	52	55	60	61	65	74	92	110	121	136	138	147	147	168	175	201	224	246	252	252	
22	58	76	80	88	89	103	114	115	139	140	149	155	182	183	186	188	190	193	195	201	209	214	234	245	
7	8	16	16	17	27	32	39	46	54	56	70	73	79	87	92	98	109	143	145	160	192	205	245	249	250	
18	40	40	44	54	57	57	70	91	95	103	119	125	140	145	170	191	202	205	206	208	220	235	254	
1	9	9	23	27	29	60	76	93	100	108	122	128	133	137	162	166	173	186	206	206	214	217	218	219	223	229	231	232	235	236	250	255	
30	37	41	43	53	54	90	102	123	127	139	142	143	146	162	171	171	178	184	184	193	198	227	230	233	237	240	242	254	
1	5	10	16	18	53	61	64	66	97	101	104	124	131	166	183	187	222	241	245	
7	17	18	27	37	39	39	55	64	78	85	95	127	130	136	137	145	164	165	165	201	210	211	214	226	
0	24	24	28	29	33	87	107	121	125	128	145	155	168	192	204	210	232	246	
11	12	24	45	78	84	90	109	140	145	147	161	169	188	199	208	225	241	246	
5	14	23	29	55	65	68	76	81	88	93	98	99	100	126	157	181	198	226	230	235	236	236	247	252	
3	8	13	26	27	44	50	60	61	66	100	115	118	135	137	150	166	193	196	228	229	240	
12	13	13	28	39	42	66	86	90	93	97	104	106	129	137	139	140	145	150	162	171	192	223	235	243	244	251	252	
11	27	62	69	72	75	77	90	139	152	159	162	165	169	186	189	190	194	194	207	208	216	220	226	235	238	239	242	251	
1	1	10	11	25	29	41	43	43	49	64	71	103	129	129	143	144	144	151	165	170	176	181	186	193	207	226	227	233	243	
39	43	44	48	49	53	86	87	103	123	128	133	145	163	168	170	181	189	189	189	199	210	215	224	229	234	242	252	254	
22	25	38	45	59	75	94	106	112	130	135	145	152	154	154	155	160	163	214	223	224	225	246	
3	9	62	70	82	84	95	96	97	104	109	134	137	142	145	154	158	159	172	179	187	205	209	244	248	
17	19	24	29	44	45	50	56	72	76	99	116	122	135	138	150	157	166	180	191	206	233	247	247	
10	36	37	45	56	67	72	84	107	112	120	132	134	142	153	171	175	199	216	216	239	243	
6	42	52	54	59	65	71	79	86	101	104	104	108	117	124	125	127	144	158	164	171	175	189	194	216	219	231	255	255	
16	50	57	62	64	76	77	86	87	92	109	134	136	143	154	155	164	166	181	182	189	194	194	200	202	231	241	246	
0	12	20	20	27	36	55	104	120	131	138	147	160	164	175	207	214	253	254	
4	14	30	30	36	38	87	88	107	126	131	140	174	192	196	197	201	215	223	247	250	253	
3	25	39	41	57	77	80	82	124	136	142	148	150	154	158	161	181	194	201	204	209	218	218	253	
7	17	61	67	72	77	82	117	119	123	124	126	144	150	163	164	171	173	210	211	212	241	248	255	
0	1	11	21	40	45	54	84	104	106	106	139	148	151	152	158	174	177	200	212	216	240	247	
9	13	14	22	28	38	65	77	79	87	96	96	122	129	136	170	173	178	191	224	225	234	239	
16	21	22	22	47	58	72	73	81	90	93	102	125	144	147	171	173	175	193	197	202	223	227	236	239	
60	91	92	133	136	175	179	181	184	192	203	217	228	254	
21	56	67	68	77	80	112	125	136	137	140	167	179	199	201	204	219	245	
5	23	26	29	44	77	78	100	108	110	114	148	149	150	155	155	158	160	163	190	194	197	198	200	207	209	218	220	222	225	228	240	243	
7	17	18	22	28	46	47	48	54	79	96	102	103	115	134	136	140	140	168	168	170	172	178	181	186	191	196	206	207	221	235	241	241	251	
6	19	22	28	42	43	43	44	62	63	74	105	111	120	126	155	161	162	170	173	195	209	221	234	238	249	
6	7	19	25	34	46	68	74	77	111	112	120	121	134	138	152	152	158	159	161	192	193	227	235	236	238	238	239	
13	26	26	30	32	46	64	69	71	79	82	88	94	97	110	113	114	121	122	128	131	133	153	173	179	199	204	217	223	239	
4	8	16	18	19	27	27	29	47	78	84	91	106	111	117	140	140	148	162	166	167	211	211	225	251	
28	45	80	81	119	142	151	154	167	169	179	189	194	196	210	217	230	239	243	243	251	255	
15	17	22	25	44	50	60	74	79	90	92	95	109	110	111	113	120	129	138	176	193	201	229	235	249	253	
12	49	72	77	86	92	110	110	130	170	174	186	188	189	197	197	209	224	233	
8	9	12	21	24	42	48	49	52	72	81	92	128	138	142	158	162	163	171	172	176	191	196	196	197	197	210	220	230	231	252	
15	20	25	32	35	36	40	48	51	58	70	76	77	85	85	99	101	136	139	146	169	192	196	210	225	235	238	241	
26	26	26	41	46	74	74	78	78	104	105	109	132	157	164	173	188	238	241	251	
1	5	35	41	57	63	88	93	97	108	122	126	144	145	146	172	198	202	205	212	219	221	253	
25	31	33	38	65	73	92	105	117	129	135	159	164	175	185	193	197	210	218	244	248	248	253	
13	26	27	29	67	86	108	117	130	140	149	159	160	208	211	211	215	225	227	231	
8	22	30	39	41	53	63	83	88	99	118	126	129	142	156	157	157	161	190	196	197	199	204	210	213	220	240	241	246	
11	16	40	43	53	61	71	82	93	93	114	125	127	128	130	156	165	173	174	179	182	188	211	217	220	250	
6	50	53	65	71	73	81	83	91	97	102	125	126	132	138	146	148	161	187	190	195	236	238	240	253	
0	22	22	38	41	74	77	79	94	134	153	157	160	162	162	175	181	184	190	207	211	213	234	243	
6	10	12	15	42	53	61	87	90	91	94	98	98	116	127	141	155	167	179	181	185	185	187	188	207	226	
1	11	28	46	53	76	79	96	100	125	136	144	151	174	187	189	207	213	221	255	
5	15	28	40	44	44	51	73	75	75	85	88	121	122	137	167	181	185	197	199	213	225	233	
0	12	23	47	49	73	78	79	101	106	118	118	126	128	132	147	176	194	197	200	202	216	228	230	233	234	242	
4	16	24	31	37	64	71	112	129	139	150	159	163	174	177	182	182	190	191	191	202	209	217	218	226	
18	33	48	59	60	83	84	121	123	137	137	142	147	151	156	192	199	213	219	244	246	
17	19	32	37	50	53	58	58	59	60	67	75	87	97	134	138	142	148	163	167	170	175	178	179	185	192	196	216	243	245	248	
14	21	56	66	74	110	110	117	122	122	130	133	158	177	184	190	204	215	219	238	
2	8	12	16	43	66	82	90	94	112	137	142	148	150	184	187	194	197	221	222	225	243	
11	35	37	49	58	63	74	75	95	137	140	162	180	183	191	192	199	202	205	212	217	227	229	
8	12	15	25	44	47	52	56	82	93	105	110	112	112	115	128	130	132	156	166	166	194	196	208	232	247	
3	10	15	19	21	22	26	29	32	55	83	88	90	100	111	111	112	113	124	133	168	218	233	234	247	251	254	
3	21	21	31	44	67	72	75	76	99	138	175	184	198	223	249	251	
19	26	49	73	75	84	94	124	132	132	135	137	143	146	156	168	190	204	222	239	250	
37	39	47	54	79	87	89	91	97	108	117	126	129	134	136	157	168	169	169	176	195	212	212	216	217	226	228	240	241	242	249	249	252	
14	26	29	36	41	59	68	68	87	90	123	124	149	169	173	194	213	231	231	242	249	
0	10	20	23	39	50	51	63	68	75	82	110	116	121	146	147	150	160	167	169	170	199	211	212	230	237	242	246	253	254	
6	22	34	39	46	65	89	90	113	117	117	119	125	131	148	149	172	173	174	176	179	183	186	189	210	242	
5	26	35	48	74	89	102	120	133	145	152	157	157	170	184	192	241	
1	7	18	24	29	33	35	47	49	80	82	86	87	92	96	109	112	115	120	132	136	155	177	179	202	206	223	234	235	244	249	250	
0	9	31	39	43	54	89	89	90	122	124	134	154	157	160	168	191	192	211	228	228	229	230	237	
3	30	58	60	62	72	91	95	101	108	121	135	144	149	164	168	169	204	209	238	240	241	243	246	246	253	
25	34	41	43	45	45	61	66	130	131	141	148	154	155	170	186	192	196	206	239	252	252	
11	15	19	24	33	37	48	56	57	65	66	88	88	97	111	126	132	164	167	172	178	219	227	232	232	246	247	250	
0	2	7	18	27	31	32	51	51	62	74	81	87	94	106	116	118	122	153	162	164	167	176	190	216	220	225	234	
45	79	88	105	107	116	120	127	129	147	159	177	180	192	194	201	219	236	245	251	255	
1	4	4	10	16	21	25	30	33	45	72	77	85	100	100	104	106	128	152	156	158	164	215	223	236	239	
7	8	11	11	22	32	58	59	82	108	125	134	154	164	166	198	199	231	238	250	
2	2	20	28	32	36	39	46	55	59	90	90	92	95	110	127	133	149	181	204	208	245	252	
0	1	23	32	47	63	75	79	80	89	95	106	117	130	172	173	179	182	192	199	200	213	218	229	243	
7	8	8	15	26	36	51	68	95	107	131	136	155	195	212	214	230	230	242	249	
6	11	13	31	33	33	36	48	49	52	53	59	70	76	80	98	116	133	137	146	157	187	191	205	213	216	227	239	
5	7	8	19	30	44	51	54	66	75	85	95	96	108	110	115	119	128	137	138	141	141	141	145	152	155	160	165	172	173	182	190	196	211	221	223	229	241	
9	62	88	90	94	96	127	131	134	146	176	200	213	216	246	246	248	
3	11	25	36	44	49	70	79	80	91	98	98	108	113	129	130	145	159	164	189	202	206	218	232	240	241	243	
0	5	5	7	20	31	33	34	36	40	64	67	72	100	102	113	135	138	149	165	183	195	208	211	213	217	250	
15	19	21	26	29	60	70	74	79	87	99	99	111	121	123	141	148	151	154	196	198	203	204	229	231	246	255	
15	42	44	49	97	100	106	115	123	132	143	148	159	162	163	168	179	193	201	204	211	223	226	235	
2	16	19	33	36	39	40	78	108	113	116	132	133	142	150	163	170	171	180	186	196	196	217	231	241	242	
0	14	34	39	46	57	78	79	127	128	133	135	157	165	166	176	220	220	225	238	239	252	
1	10	14	16	19	27	35	35	38	60	60	66	73	76	76	77	84	91	97	97	99	111	113	134	137	137	144	144	151	175	185	221	222	223	224	229	230	233	239	239	250	
34	34	37	51	52	56	68	75	78	86	87	92	93	106	120	124	136	144	161	166	209	213	215	223	228	252	253	
3	3	10	13	25	34	36	42	54	65	84	106	123	126	144	151	179	184	190	192	199	200	228	232	233	236	250	
4	16	41	50	68	72	73	85	97	142	166	174	179	185	188	191	197	210	215	239	240	251	253	
18	25	43	57	69	97	111	119	122	136	151	151	165	174	182	185	209	214	217	218	229	239	254	
3	29	31	36	38	52	65	68	68	100	102	113	122	130	135	143	149	152	152	172	186	210	218	226	235	255	
16	18	25	39	47	57	59	63	73	83	87	104	120	149	150	154	155	158	164	184	185	192	193	195	202	206	219	233	239	248	
3	4	12	22	32	42	46	49	65	72	80	90	96	107	137	141	161	175	186	193	202	206	207	211	226	246	
7	31	35	45	50	66	68	85	97	101	117	128	139	197	198	199	205	212	227	235	247	
17	40	44	46	54	56	66	72	74	88	121	145	154	154	157	171	172	175	178	187	220	220	247	
0	16	17	62	86	114	118	118	119	127	138	153	159	164	168	196	197	206	223	248	249	251	
6	15	36	42	46	52	54	58	62	71	74	92	108	111	124	134	138	148	151	161	161	161	165	170	178	190	195	216	235	254	
9	16	28	32	33	33	51	87	102	104	111	112	112	124	135	144	147	155	159	189	217	
1	19	21	33	36	42	51	73	91	100	107	114	125	131	139	147	166	172	186	199	207	211	220	245	250	253	
0	11	37	40	54	61	67	74	81	87	93	94	110	116	123	136	138	146	148	160	164	165	166	177	190	193	205	208	208	222	231	237	249	
13	28	48	49	55	57	66	67	69	70	80	81	89	108	109	115	136	142	148	154	158	158	171	176	180	183	198	205	231	237	244	254	255	
0	12	13	27	29	50	50	55	55	69	70	91	108	113	114	124	125	133	133	136	167	184	194	207	216	224	233	236	
7	37	43	50	53	53	53	57	63	84	90	91	109	115	132	141	156	163	183	187	195	217	221	221	232	
21	23	27	48	58	63	70	71	97	100	119	125	135	145	146	156	161	170	187	190	199	207	209	221	224	225	226	
7	13	19	33	37	69	73	79	93	105	125	132	134	137	143	171	178	228	232	234	236	
1	1	1	11	27	44	48	48	63	90	91	102	104	127	130	143	147	170	207	209	220	221	224	239	239	239	240	
14	24	36	38	50	55	87	88	89	109	142	149	169	198	205	213	220	229	231	239	244	246	251	
6	26	33	46	48	52	67	72	95	130	140	141	153	169	174	193	203	243	248	250	
7	14	15	20	39	44	45	56	66	68	71	77	84	90	93	109	117	126	129	129	150	151	152	162	169	172	178	181	194	197	203	207	245	246	248	249	
0	8	21	63	68	83	89	126	127	129	133	148	165	174	180	201	202	213	219	234	249	
7	20	24	38	46	55	58	59	61	64	75	89	139	147	163	175	179	180	183	189	198	201	209	222	232	234	248	251	
5	5	13	20	25	32	42	64	69	70	73	79	88	92	92	97	101	104	131	135	146	164	168	173	174	178	209	212	214	222	224	242	
17	20	45	52	55	63	72	89	102	103	119	121	136	146	157	159	176	183	185	187	213	219	229	239	240	252	
4	23	40	57	63	77	97	139	142	145	174	176	177	205	208	209	220	230	230	237	253	254	
6	28	40	49	65	73	78	97	101	105	113	120	125	125	127	132	134	143	150	158	170	170	171	225	229	231	
5	25	28	33	35	43	46	68	75	82	87	89	95	101	102	106	128	143	158	171	198	203	204	213	213	213	223	228	230	234	241	245	254	
11	20	21	27	32	46	47	53	56	81	84	86	90	106	114	116	125	132	133	146	160	162	165	179	192	203	207	215	224	244	251	
22	28	41	46	51	62	62	68	86	99	105	114	130	132	134	162	172	188	209	210	225	247	
4	13	44	47	49	53	62	73	97	101	113	160	177	179	182	187	196	198	220	222	228	229	230	237	238	251	
9	22	24	26	33	34	38	41	43	44	46	47	53	53	55	69	76	109	117	121	127	157	172	176	179	197	197	208	208	210	214	218	237	
0	1	2	10	14	15	17	31	32	42	51	67	71	89	95	96	104	113	125	127	134	154	182	184	192	200	208	243	243	
8	24	29	30	49	66	89	114	115	129	149	151	164	164	178	184	188	193	197	239	247	247	247	
26	44	47	48	49	61	75	75	107	114	116	120	123	131	139	139	167	173	179	183	186	191	192	194	195	201	203	243	245	245	245	250	
6	26	48	51	57	105	105	121	123	127	129	130	133	139	148	151	165	166	178	184	192	198	214	246	250	
5	11	20	33	38	40	60	63	70	75	78	78	79	81	84	98	102	110	140	146	158	159	166	181	192	250	
1	2	44	45	48	49	62	65	74	77	88	92	93	139	152	153	154	157	210	218	229	230	234	240	246	251	
23	24	25	34	37	89	93	99	107	115	125	125	155	173	177	180	180	183	184	186	198	205	214	222	228	239	252	
16	40	63	68	72	73	85	91	94	104	116	116	120	124	126	130	138	146	147	151	168	173	193	211	217	225	225	235	249	
9	18	33	62	64	75	93	94	160	165	176	190	202	222	229	233	236	250	255	
7	7	9	28	51	51	64	74	80	85	88	88	93	94	101	108	110	115	118	118	126	127	135	138	146	146	178	188	195	222	223	230	236	255	
9	14	19	23	38	76	77	77	86	88	103	103	107	123	124	133	136	146	161	169	217	246	246	247	
5	5	11	14	19	32	51	60	78	82	84	88	95	96	114	121	122	147	151	159	161	174	195	198	212	214	224	225	225	
3	5	31	36	49	57	59	60	62	63	71	83	87	99	102	126	131	135	179	188	200	215	215	231	238	243	255	
3	8	69	75	99	105	111	140	140	184	184	191	204	208	213	216	226	229	240	
30	45	52	55	57	60	67	75	76	81	107	110	112	133	138	142	167	184	212	214	215	216	233	
8	9	26	30	30	46	54	56	64	65	65	76	82	85	93	93	95	102	130	131	132	138	141	147	156	158	164	217	224	228	239	
2	17	32	45	45	47	52	52	64	73	74	87	88	96	98	116	147	159	159	164	170	171	191	214	214	221	
5	14	31	31	42	51	52	59	59	61	70	83	101	112	132	144	146	149	173	178	188	203	210	221	221	225	226	232	235	236	245	
42	66	89	105	111	145	149	154	156	157	167	172	197	200	203	212	213	229	251	
23	29	33	36	43	50	67	71	75	77	78	85	88	94	99	115	122	122	122	139	145	152	178	180	182	184	185	195	195	201	202	225	235	243	
0	1	7	7	27	32	53	69	82	88	95	98	101	103	107	114	117	119	134	141	173	177	180	182	204	233	240	247	
0	9	15	40	72	73	76	76	81	101	106	106	137	147	162	173	188	201	213	215	239	247	251	
3	6	18	44	57	58	66	72	88	89	91	98	101	103	112	121	121	123	131	131	136	137	142	175	176	188	207	232	240	249	
4	4	16	17	45	55	68	94	102	105	175	191	191	200	201	221	226	226	229	230	240	243	
0	18	26	43	47	52	55	64	65	71	81	87	100	116	122	128	141	143	161	162	170	185	187	189	203	220	233	237	249	
21	22	27	34	43	60	100	101	104	108	111	120	133	148	159	175	177	193	199	204	209	212	219	239	240	
7	27	27	28	62	83	83	83	85	99	106	128	131	136	141	152	161	162	170	174	186	196	203	212	216	217	232	234	234	250	
0	10	28	40	42	48	55	56	59	65	66	79	82	93	95	99	102	112	113	114	115	151	154	165	170	175	204	206	213	226	245	245	248	
18	20	39	42	51	65	75	86	95	123	125	131	146	153	153	154	156	167	182	190	193	205	211	217	217	222	222	226	241	
18	24	29	31	34	43	62	73	74	96	97	105	116	129	147	159	165	200	203	220	234	250	
0	6	10	40	53	57	59	62	64	73	86	91	98	108	121	123	128	150	151	158	161	171	185	186	193	200	224	226	237	238	
17	20	23	28	42	46	46	59	86	90	91	104	105	114	129	134	146	162	167	180	180	181	197	200	212	219	220	236	255	
6	13	17	27	45	50	77	97	113	119	120	124	134	142	146	158	162	170	182	182	189	190	194	200	204	216	235	238	243	245	253	
3	4	12	30	53	61	82	85	87	91	99	105	139	159	167	183	189	195	204	204	214	240	241	242	249	
6	23	54	56	71	83	89	109	113	119	141	152	170	173	180	196	215	216	218	245	245	245	
6	44	49	80	89	102	103	112	124	140	143	156	164	172	187	202	221	237	238	241	242	250	
12	15	22	24	26	26	27	49	53	75	77	77	78	81	90	94	103	107	109	125	135	137	138	165	171	172	180	187	191	195	200	202	232	232	235	243	
6	7	29	53	57	68	86	88	92	94	100	103	115	168	175	181	209	222	243	
5	27	33	36	37	37	44	48	52	59	85	89	95	102	104	120	122	124	129	139	141	146	147	151	172	178	186	187	187	189	199	207	208	220	228	243	245	
31	35	53	54	57	67	75	82	82	86	87	97	120	128	141	148	165	177	178	196	205	206	223	224	239	244	
1	6	17	34	47	69	83	91	105	106	109	123	127	131	132	171	181	185	199	204	213	214	215	221	221	222	222	246	255	
19	83	93	96	124	138	145	150	155	160	165	169	204	213	221	225	225	231	234	235	236	241	242	253	
23	27	41	53	57	59	67	71	96	116	117	120	121	121	131	136	142	149	150	167	169	173	189	196	229	240	249	251	254	
4	8	41	59	65	72	86	117	117	121	136	139	152	163	171	181	182	191	209	212	221	230	246	253	
20	28	35	44	47	49	59	60	70	81	93	125	129	178	182	190	202	202	203	205	211	220	223	240	255	
12	29	35	52	55	63	69	70	89	111	113	114	132	141	144	144	145	160	162	180	182	183	197	214	217	234	237	245	
0	23	44	53	56	77	81	92	106	107	127	131	132	140	148	171	179	179	188	200	203	206	212	219	228	230	
3	20	32	37	45	50	51	69	73	97	99	102	105	109	123	130	135	144	150	158	161	168	183	186	191	197	222	233	242	244	246	
1	16	21	35	38	39	62	70	83	84	100	120	132	150	176	184	187	200	206	208	218	237	244	
9	10	21	33	56	58	59	64	66	68	76	80	90	101	101	109	111	117	144	196	212	215	218	228	251	252	
8	9	10	17	28	41	42	57	59	61	69	78	87	90	109	119	122	126	129	142	151	153	158	179	180	187	201	
6	9	14	16	32	33	35	46	50	83	99	118	131	139	141	172	194	219	230	236	247	249	
3	3	5	12	15	29	39	45	48	52	54	60	65	66	74	75	84	93	97	105	151	152	155	158	161	163	164	186	195	197	203	208	219	223	224	226	227	229	234	243	
12	34	45	59	61	61	83	88	91	97	98	106	108	126	154	155	164	166	168	172	192	202	209	209	238	241	
2	8	12	14	15	16	17	48	104	115	138	148	157	160	189	221	223	225	227	231	235	236	
0	2	7	14	17	20	32	47	48	69	72	74	83	99	100	101	115	119	127	146	149	150	155	156	157	180	193	195	201	207	216	224	226	
0	4	17	46	64	67	73	78	78	79	84	88	98	103	120	124	132	136	137	140	141	145	149	174	175	180	186	214	216	232	252	253	253	
8	9	15	32	37	41	50	105	110	133	138	140	156	158	160	176	190	194	199	208	234	237	241	248	
1	4	4	9	12	21	22	29	39	41	49	55	60	64	65	66	67	69	70	103	106	111	117	122	123	123	134	145	145	158	169	171	177	179	190	210	214	252	254	
5	6	22	26	30	30	33	57	68	85	86	96	116	123	130	149	154	178	179	194	195	200	206	228	237	238	244	
2	9	10	16	17	34	52	73	82	87	93	119	128	134	135	148	169	171	171	177	181	185	193	195	227	236	242	249	255	
3	7	10	15	51	64	65	70	82	95	105	110	114	128	132	134	141	165	192	196	197	223	232	243	
4	8	35	37	43	56	81	82	103	104	111	136	144	169	185	185	201	205	227	231	236	240	241	241	254	
5	43	63	63	64	76	94	111	135	148	149	166	166	167	171	184	198	203	246	
8	9	17	28	39	45	45	46	49	59	62	79	94	96	120	126	144	153	156	161	173	189	207	210	229	230	243	
1	2	4	16	26	32	40	47	63	70	71	94	109	123	135	144	153	160	197	200	205	205	217	218	220	234	238	252	
5	21	38	38	50	84	109	130	143	153	159	177	194	226	231	
2	21	26	30	40	47	48	58	69	70	74	81	81	83	91	96	97	99	115	128	137	140	152	163	166	177	180	215	221	225	243	
0	21	29	31	33	45	46	55	65	128	147	149	149	158	172	177	184	186	194	201	212	217	230	250	
18	21	24	25	30	31	37	42	52	54	73	77	81	98	101	102	131	142	148	162	168	168	169	175	183	187	196	198	204	209	215	216	219	235	236	252	
15	22	37	38	45	47	53	54	64	70	71	81	103	114	123	127	136	152	165	176	181	205	210	216	224	233	237	254	
4	19	35	38	53	63	82	90	107	109	121	127	138	139	184	186	189	207	210	211	212	236	255	
14	26	47	52	56	56	64	81	98	118	155	155	160	194	208	213	217	225	232	232	237	245	
25	49	57	68	96	104	142	161	164	220	226	243	247	254	
5	6	14	17	18	29	40	41	49	55	65	69	71	76	76	80	80	81	81	95	96	102	107	109	119	120	145	147	159	166	166	204	209	226	238	
22	36	37	37	42	42	52	59	76	109	116	117	126	127	161	168	174	175	182	200	215	218	220	230	232	239	243	
9	11	19	25	34	52	54	56	69	70	70	80	83	101	123	125	136	141	143	146	152	188	194	199	200	211	215	224	235	
11	40	49	56	63	68	68	71	100	116	140	145	160	166	170	189	219	223	233	238	
18	32	34	34	41	42	46	48	68	71	74	81	98	102	109	122	122	123	126	146	149	153	163	170	174	187	190	202	211	232	237	237	239	242	254	255	
0	7	7	20	21	23	30	43	47	54	72	80	87	95	119	134	144	144	157	179	202	207	217	
1	6	10	10	17	20	34	34	70	81	106	134	136	189	204	218	236	248	252	
2	3	12	25	26	26	26	32	61	74	74	76	78	89	94	155	156	163	173	179	191	233	240	251	251	
0	0	15	17	25	29	34	43	47	55	110	114	119	130	143	149	155	162	168	173	177	204	205	217	232	243	
0	19	22	22	24	29	29	40	55	60	65	72	94	111	124	129	147	170	174	184	190	192	198	213	221	241	244	
9	11	23	33	37	40	40	75	81	98	101	121	131	141	143	155	160	163	192	201	206	216	216	234	244	
7	10	12	16	24	41	78	80	90	91	96	110	121	130	131	138	183	189	196	200	201	202	213	221	247	254	
1	6	30	58	80	81	104	110	115	118	129	141	150	160	161	172	185	188	197	198	204	211	217	
54	55	84	94	102	105	107	118	125	129	131	148	171	196	199	200	201	217	219	223	223	228	236	
35	43	56	63	113	119	122	133	141	143	144	152	159	164	167	174	181	198	213	218	226	241	241	247	
20	22	33	75	84	105	122	122	149	183	184	184	189	196	209	211	247	
3	15	15	23	28	50	61	61	63	66	84	89	92	101	110	127	131	134	138	143	150	153	154	177	182	228	232	236	252	
4	11	13	20	41	43	50	54	58	62	76	83	109	117	118	128	129	135	137	140	140	150	157	176	178	178	188	193	193	198	202	212	214	218	219	220	238	
