2	6	6	20	21	24	34	35	36	74	74	88	96	
5	16	27	42	51	51	70	74	74	77	79	93	
59	97	
14	16	22	23	26	43	52	87	
5	14	15	24	60	69	73	81	97	
8	15	18	24	33	63	66	82	90	91	
1	8	14	17	20	40	43	56	60	80	83	89	93	95	
12	14	32	41	51	58	80	87	89	90	90	96	
23	29	32	36	47	54	54	61	64	68	71	73	79	
2	5	15	17	30	31	33	39	40	44	49	55	78	81	83	
5	8	11	15	30	46	47	52	58	72	73	84	85	86	87	90	92	98	
2	4	18	35	59	62	73	95	
11	32	39	45	
7	10	20	20	31	35	37	46	53	64	65	72	76	88	97	98	
4	8	19	28	33	45	46	55	64	64	68	77	89	94	
11	11	19	30	33	34	44	49	55	68	78	81	82	85	89	98	
5	6	10	11	23	27	29	30	33	40	44	54	63	63	64	65	83	95	98	
10	44	46	58	61	70	76	86	86	90	94	
2	5	5	7	8	16	22	53	73	75	77	84	
4	15	15	21	24	33	37	37	40	42	96	97	
3	11	17	24	30	36	56	63	74	75	78	78	79	97	
27	39	46	47	58	59	69	
9	14	44	55	60	78	79	85	91	
30	67	69	80	81	83	91	92	
5	13	29	34	55	63	83	84	89	
31	31	35	62	85	88	88	
17	32	36	49	51	53	53	57	58	62	66	69	71	72	78	79	90	93	94	
1	20	22	50	87	98	
9	21	23	26	33	35	51	52	72	79	82	
0	12	13	21	48	64	67	88	92	98	
4	12	17	26	46	48	54	56	61	62	71	82	86	93	
7	13	13	32	37	53	62	63	81	99	
18	22	26	30	34	39	39	67	90	
1	3	10	18	19	25	40	41	49	61	62	69	70	80	
4	43	44	49	86	
42	45	54	76	89	90	
18	48	53	74	83	85	
3	13	25	26	47	58	70	99	99	
3	7	7	11	16	31	55	75	80	81	85	88	89	92	92	96	
10	24	57	58	93	97	
2	9	14	20	21	25	27	30	34	51	60	64	78	80	96	
1	12	14	26	28	31	38	53	57	66	80	86	93	95	
18	19	20	21	25	57	60	65	73	82	85	91	
0	7	12	21	22	28	38	44	54	66	84	
7	25	47	63	66	77	93	95	99	
7	34	35	43	50	51	52	55	65	92	98	
9	14	18	27	31	47	52	54	56	67	
3	9	10	45	45	66	68	74	76	78	87	
2	15	41	41	42	55	56	68	80	80	82	94	98	
3	12	22	46	61	64	71	79	82	
4	11	17	26	35	38	43	60	66	91	92	97	
0	14	15	20	36	36	49	58	59	71	90	97	
0	5	24	28	40	45	49	54	69	77	81	84	92	
0	25	27	29	58	89	96	
2	21	44	57	61	71	73	
6	17	42	43	48	83	91	94	
12	27	37	43	45	47	60	70	74	86	91	98	
6	7	19	96	
22	46	68	69	70	81	86	94	96	
0	28	33	41	72	93	99	
50	61	68	72	79	84	
3	10	11	13	22	39	47	51	52	63	72	75	88	88	
1	18	44	45	45	46	48	52	70	78	90	92	94	95	99	
6	8	17	32	69	88	
5	13	22	42	65	68	78	91	99	
1	8	27	28	36	39	50	53	57	59	72	83	84	87	94	95	99	99	
1	9	39	49	56	71	82	86	95	97	
18	23	26	33	37	38	46	49	56	60	76	85	85	95	
13	17	38	61	82	84	87	89	
6	8	40	52	54	71	71	79	79	82	84	84	91	94	
0	12	15	16	37	41	64	67	98	
9	56	56	65	68	88	93	
1	16	36	38	48	81	85	94	99	
2	4	6	28	28	75	87	91	
8	67	70	76	76	86	96	
8	17	23	29	32	37	37	61	65	72	
25	29	35	57	72	75	83	89	92	95	96	
9	10	25	30	33	37	42	54	59	65	80	87	97	
19	23	29	43	62	70	71	76	77	
0	9	15	38	41	65	69	73	77	81	83	87	93	
3	4	6	19	27	39	41	47	48	53	57	58	61	67	
13	16	24	42	50	51	66	
10	23	34	41	59	64	
0	12	16	21	27	32	39	57	62	
20	35	44	50	67	
16	22	29	35	45	47	55	75	
12	25	26	29	50	50	65	66	
0	1	2	13	24	32	63	75	
31	43	56	59	
3	9	31	36	40	50	59	
19	20	34	38	38	48	55	60	62	77	
7	18	34	59	67	
4	21	40	42	51	60	69	74	
34	53	57	67	76	77	
11	26	28	30	42	52	63	73	73	
2	14	29	36	40	43	62	68	
1	3	6	19	23	28	50	52	75	75	77	
19	23	25	48	70	76	
4	10	16	24	31	48	49	66	
32	38	41	74	
