112	272	209	376	289	249	287	390	62	283	191	354	335	364	253	18	328	81	308	12	102	232	48	138	332	363	32	257	205	390	391	104	262	387	268	338	236	155	329	297	
226	308	252	348	273	293	366	388	373	62	187	262	293	234	0	13	197	32	57	189	209	48	293	259	36	161	197	59	103	313	356	328	9	394	63	68	286	28	55	47	
89	241	96	168	261	95	180	58	313	23	33	308	257	324	166	79	271	362	136	373	62	91	88	69	85	149	135	157	176	375	389	50	1	84	4	261	363	368	104	62	
389	135	369	244	245	133	320	114	280	55	85	128	330	170	194	13	105	115	355	278	275	130	113	275	398	114	321	360	267	23	207	254	341	360	95	183	91	200	82	155	
40	351	280	366	306	259	164	8	370	116	70	30	30	366	301	26	78	219	170	341	26	373	379	364	331	259	331	206	56	10	145	91	145	22	53	47	276	399	237	30	
299	303	56	325	265	141	346	126	143	299	251	165	268	226	312	382	268	27	371	319	33	113	193	360	130	30	2	189	25	235	214	319	320	52	27	367	374	155	89	113	
50	123	61	100	343	367	78	394	388	231	96	203	338	284	345	250	96	342	34	302	359	30	216	62	264	25	25	233	174	295	340	217	12	182	311	348	330	382	124	101	
208	215	298	328	93	26	172	369	149	387	265	290	11	263	345	268	281	363	96	50	252	217	260	257	393	165	387	317	328	292	12	317	100	91	26	185	296	190	334	38	
171	194	321	362	50	260	223	323	3	99	365	37	97	6	74	83	351	241	180	61	127	372	370	219	243	176	185	132	358	112	162	309	85	263	263	126	115	265	229	297	
357	187	114	46	372	180	307	316	200	266	368	318	18	118	317	40	285	94	163	23	384	105	323	62	359	365	366	253	223	187	329	358	153	35	182	116	392	80	210	183	
125	357	94	134	66	189	164	129	273	106	143	36	388	244	275	126	388	233	369	202	11	77	338	154	102	111	49	85	368	249	259	83	197	130	393	40	308	335	159	358	
32	80	384	197	101	38	312	79	260	59	58	48	125	385	192	4	86	18	79	44	256	115	304	230	234	287	260	319	399	196	267	20	264	29	392	141	242	293	209	91	
341	44	128	243	19	96	236	280	289	91	101	135	195	393	353	205	57	389	114	46	174	157	241	27	361	223	344	192	105	142	59	222	360	362	53	366	233	64	23	111	
143	112	22	113	93	150	306	137	128	195	170	289	127	399	92	264	210	24	44	90	340	91	299	288	228	127	31	49	178	41	147	96	139	155	195	218	292	275	129	194	
58	75	71	359	248	149	210	45	159	240	308	273	105	382	149	319	96	166	143	49	380	64	318	106	206	100	98	272	362	0	53	193	61	296	325	294	32	121	112	363	
136	7	224	13	163	146	107	244	85	235	66	51	284	369	329	263	243	12	308	378	398	134	344	233	17	256	113	221	362	398	170	270	390	166	269	138	296	360	154	365	
368	393	1	237	135	315	273	362	100	166	113	271	285	43	89	74	283	373	279	230	356	34	86	331	185	127	241	66	259	168	204	211	145	189	219	51	276	76	185	359	
14	282	215	283	308	75	340	362	33	390	364	372	7	221	76	363	331	300	201	174	239	388	368	155	348	171	190	208	19	358	339	15	10	324	69	90	382	179	35	185	
153	382	141	330	186	386	277	100	58	61	44	279	219	182	17	337	336	377	316	125	106	238	123	99	332	174	171	85	123	189	252	257	153	163	169	109	131	215	190	170	
46	4	33	246	168	219	166	273	178	64	379	265	71	271	133	384	27	286	239	318	244	73	157	166	217	96	256	118	292	216	269	319	201	70	146	349	57	80	391	2	
312	352	249	363	205	151	117	399	205	336	299	30	177	224	176	163	300	13	261	174	397	298	74	179	137	387	296	174	49	268	158	128	388	174	72	173	304	355	339	89	
60	6	286	3	211	43	146	91	223	174	244	387	240	85	333	356	53	209	297	81	245	35	375	213	376	27	153	48	149	259	304	374	245	169	357	35	377	269	291	366	
211	116	333	30	366	33	152	397	221	28	244	232	229	199	211	184	391	130	210	307	367	280	260	378	216	383	391	172	232	50	305	20	143	3	215	87	14	344	250	0	
350	73	398	157	249	187	106	6	82	82	291	214	339	129	171	133	91	327	71	88	354	141	86	262	122	66	115	301	387	342	67	314	179	42	236	193	392	318	176	51	
377	45	31	294	337	178	191	192	82	26	256	201	143	106	40	30	148	131	307	112	237	139	191	393	344	3	163	314	298	103	129	252	123	135	309	223	76	76	391	134	
79	224	99	384	94	114	389	217	8	61	93	8	175	259	377	95	26	303	172	299	381	277	314	267	175	199	67	227	39	221	124	279	207	197	26	275	73	390	255	243	
214	323	228	151	344	367	7	344	246	155	218	389	194	295	19	131	69	248	332	269	44	218	310	225	389	311	263	225	64	93	43	251	389	244	375	307	373	144	225	380	
273	205	344	228	74	125	333	304	346	26	334	151	219	219	350	182	291	187	168	328	41	185	340	3	190	289	72	137	194	58	91	41	22	196	29	257	293	334	134	0	
335	42	125	127	20	235	69	72	182	210	372	195	155	285	358	317	334	2	215	102	220	66	302	216	234	303	46	288	398	339	261	305	140	145	191	133	352	18	176	106	
201	309	62	327	353	391	4	48	366	191	121	345	15	182	133	9	244	337	269	214	248	289	278	360	193	228	252	117	219	187	382	390	67	14	77	391	376	52	197	101	
1	77	18	387	229	309	367	44	218	394	16	37	42	265	367	206	65	377	81	254	136	34	2	173	206	50	322	341	259	90	12	17	323	188	375	122	68	100	323	43	
253	98	50	264	120	175	227	154	122	278	165	14	281	325	158	245	132	237	156	149	85	325	136	377	84	268	257	308	126	337	320	347	3	126	180	92	57	376	2	148	
11	324	319	49	218	46	262	107	40	386	224	280	69	328	13	308	166	239	185	260	145	261	363	304	355	299	365	169	244	124	285	10	15	359	27	389	373	257	64	168	
0	256	16	37	152	397	312	73	392	252	88	292	81	18	165	191	286	285	327	285	376	367	264	359	295	259	316	23	271	135	346	238	357	117	28	264	268	307	303	227	
314	147	275	361	132	6	307	384	46	388	24	388	111	255	102	160	268	173	337	106	274	250	99	386	333	94	217	168	368	274	150	36	386	390	151	272	150	23	9	348	
166	0	303	242	8	158	155	29	84	58	102	112	273	353	64	359	12	33	281	134	273	396	136	13	140	252	251	43	28	226	356	159	379	224	154	352	134	61	347	370	
85	202	48	110	120	263	34	284	261	68	383	286	28	271	264	320	275	267	327	268	59	248	179	2	224	85	107	110	111	206	45	346	159	56	19	29	70	205	278	294	
237	13	146	16	35	161	88	274	392	378	106	202	190	35	355	377	85	25	239	346	383	247	256	106	55	26	287	88	383	129	346	370	292	242	138	290	365	188	314	108	
131	171	273	71	169	378	199	3	155	0	312	101	210	318	356	227	96	206	278	42	85	374	374	127	179	75	379	294	13	44	153	106	176	175	138	307	116	298	60	232	
261	123	83	33	190	0	9	247	356	249	37	190	372	162	279	113	198	7	157	360	13	271	27	151	195	128	207	272	175	229	253	185	100	296	366	250	46	336	59	150	
335	58	301	268	180	141	130	127	110	34	48	271	54	224	382	209	100	338	230	235	315	44	168	375	89	95	373	282	392	180	392	287	385	41	302	312	329	391	186	186	
386	382	17	399	166	147	169	225	232	358	207	107	149	123	229	197	177	350	226	129	90	365	163	34	366	25	307	43	164	53	188	110	393	351	255	305	57	170	276	248	
275	44	102	383	125	78	326	48	386	299	136	34	223	45	216	335	28	82	336	339	280	270	195	233	180	8	284	383	325	120	377	158	308	36	286	178	72	358	183	203	
216	277	197	396	68	370	78	241	197	371	138	34	387	290	12	125	45	255	253	327	332	188	230	198	183	75	333	399	390	74	161	163	96	102	303	307	216	337	105	157	
55	201	149	186	235	306	267	23	118	265	307	194	9	282	136	149	313	25	293	48	243	198	354	83	43	214	346	216	296	8	117	94	352	221	235	330	270	245	310	343	
67	361	281	32	199	372	324	255	141	360	258	340	114	355	378	300	313	69	259	165	220	331	1	128	296	192	201	122	180	67	209	202	171	44	376	324	372	255	322	68	
359	323	151	215	234	272	71	102	295	284	8	70	171	364	339	21	298	282	98	32	304	261	376	217	49	307	96	163	305	372	185	218	250	78	386	225	303	10	280	339	
37	30	363	162	348	43	137	387	279	375	373	324	378	304	95	380	352	332	97	211	45	22	170	36	54	111	215	310	262	236	390	252	219	306	154	307	90	243	247	110	
360	362	175	291	6	223	224	311	295	61	76	293	35	198	71	42	49	238	93	264	215	36	256	386	83	363	34	313	346	21	375	45	335	102	288	293	64	251	157	310	
264	372	344	252	122	366	246	310	343	78	313	110	66	121	236	288	223	222	153	309	382	267	306	270	320	147	302	124	137	198	385	352	121	280	155	381	197	139	242	92	
355	107	340	160	365	127	398	327	87	289	374	20	107	231	28	165	116	281	239	204	30	176	294	289	194	399	221	130	276	201	359	181	44	249	290	148	114	25	24	150	
265	137	308	109	317	286	224	171	305	12	112	285	325	355	311	257	92	83	336	317	20	32	235	15	18	263	113	82	25	274	369	27	147	13	85	12	249	257	319	103	
7	380	125	69	284	384	274	324	203	346	377	360	115	162	324	83	161	173	300	135	183	5	111	278	368	332	26	353	325	295	4	68	223	264	85	243	383	94	115	322	
177	229	231	239	126	290	57	234	198	93	104	328	233	350	341	149	230	103	49	290	345	189	306	304	188	338	95	307	167	344	177	290	307	354	264	379	378	55	347	123	
95	399	186	275	84	74	158	47	123	342	284	203	265	137	53	188	209	282	41	323	360	165	347	215	253	158	141	178	160	35	247	387	168	378	395	384	185	287	377	40	
176	395	190	174	79	376	307	20	391	294	289	298	4	183	59	390	74	332	114	366	101	94	300	1	205	28	331	335	261	41	322	169	382	244	288	193	353	140	158	289	
168	181	133	304	96	323	240	114	201	86	213	33	125	58	380	274	30	256	342	24	30	396	138	357	185	370	282	83	243	384	105	354	296	181	202	335	48	385	181	380	
204	338	358	272	127	70	277	288	58	350	256	31	290	126	120	207	39	345	20	226	61	69	311	301	381	58	367	161	174	279	85	320	347	173	322	16	186	330	35	186	
224	22	161	57	91	10	394	74	298	357	29	89	157	284	120	81	72	30	184	375	39	211	26	330	114	291	77	242	164	54	158	118	19	260	117	239	399	52	254	239	
140	14	58	238	27	120	260	40	279	173	357	261	325	113	320	169	346	338	352	239	335	52	298	84	41	144	264	383	325	248	351	6	203	350	372	358	199	361	339	18	
76	25	8	130	80	269	239	154	149	319	333	212	312	360	23	83	44	15	194	99	391	273	45	322	352	146	221	92	47	101	238	64	254	187	320	273	183	99	366	58	
358	27	398	398	115	361	208	100	105	129	325	35	341	310	298	233	183	58	51	171	287	230	361	81	144	8	81	53	46	174	52	131	140	389	255	194	78	189	19	121	
257	284	283	138	320	120	97	41	305	88	338	131	43	25	337	313	372	356	305	145	69	84	2	334	200	196	254	216	112	399	63	306	8	71	169	266	316	204	33	159	
17	98	15	398	61	290	249	371	371	279	242	165	301	182	36	226	315	229	379	152	353	167	396	300	175	103	291	216	31	262	312	385	297	51	320	83	66	293	178	373	
298	357	76	323	76	237	86	116	190	189	204	80	80	324	316	378	364	145	132	332	131	380	42	152	369	299	171	371	317	74	70	338	366	268	197	166	40	218	4	166	
131	332	183	146	193	34	59	280	302	127	335	369	231	313	56	323	336	351	17	376	360	22	250	49	227	382	151	203	323	278	93	176	146	210	256	60	366	37	275	391	
288	146	296	53	182	75	99	52	360	50	151	255	8	335	240	357	39	113	282	85	326	309	195	194	241	173	189	330	145	398	256	366	265	273	141	168	281	173	154	176	
159	239	153	288	295	114	366	268	161	182	74	208	213	202	123	175	308	245	38	175	364	228	75	350	34	150	52	37	43	327	147	322	287	19	143	115	66	41	104	347	
345	111	276	278	33	331	385	274	296	357	381	193	305	177	263	60	46	248	30	22	109	297	278	116	249	141	163	248	303	386	315	367	217	123	177	182	385	281	175	213	
358	277	126	196	173	321	375	151	288	125	292	328	353	289	163	134	150	45	102	384	363	348	71	299	3	366	12	108	179	307	40	68	115	97	382	218	136	76	87	355	
132	98	2	15	106	97	267	186	73	299	288	154	366	289	384	88	373	115	126	83	352	97	269	185	312	369	121	378	375	325	264	224	353	384	356	388	10	154	291	200	
171	110	284	66	116	385	84	18	30	327	218	100	141	17	2	382	104	52	79	197	308	59	350	378	373	237	296	101	320	117	230	19	342	231	203	386	332	2	121	291	
259	268	109	329	1	39	27	34	208	222	160	44	211	38	351	300	391	363	330	27	196	276	164	254	223	295	169	85	13	5	92	201	202	315	245	131	282	387	280	18	
139	368	179	64	123	246	292	41	324	337	185	236	329	276	17	80	286	302	279	227	235	299	355	364	142	315	211	140	231	18	273	84	102	166	75	151	338	81	306	377	
134	18	141	389	221	85	183	33	313	389	375	76	2	257	154	70	287	79	324	232	24	124	242	240	217	30	317	269	225	337	360	284	282	26	386	216	225	96	363	251	
199	265	40	127	235	121	310	235	312	161	392	262	397	347	27	327	303	57	310	242	109	196	239	316	336	152	245	274	360	321	50	84	298	16	322	246	249	344	5	86	
30	112	61	141	383	201	180	399	371	14	166	4	323	329	32	184	193	389	382	78	23	145	273	33	273	307	204	234	177	322	245	318	357	17	382	264	329	87	187	224	
213	64	340	59	318	296	354	222	210	47	224	344	117	208	301	313	39	29	259	327	62	27	169	131	156	75	318	196	273	217	344	8	204	207	179	232	214	55	377	134	
27	312	1	66	42	225	90	192	364	271	41	137	8	134	190	274	319	219	393	302	358	47	20	272	364	122	27	101	101	327	344	49	161	54	225	312	389	236	214	62	
218	178	123	335	20	21	132	48	162	234	272	41	203	215	236	89	258	372	299	67	221	165	38	91	142	185	112	52	131	247	36	269	134	267	312	262	210	364	232	292	
120	213	43	30	136	387	40	103	280	47	91	21	133	50	220	382	343	252	143	394	20	288	184	262	75	17	44	393	90	384	207	317	118	357	267	173	264	14	382	63	
382	394	193	223	152	332	312	14	104	375	329	231	370	220	12	153	344	377	66	354	68	380	378	106	257	352	386	40	287	288	211	375	388	322	304	58	173	136	392	382	
218	241	134	107	379	252	178	243	335	163	303	323	249	200	347	24	70	39	171	63	34	88	146	341	328	368	319	207	22	230	109	158	176	347	369	260	117	65	208	370	
334	29	399	102	334	51	231	111	9	320	279	361	325	342	7	359	229	244	84	356	179	297	32	59	349	107	238	384	90	363	59	129	98	375	334	348	131	81	163	56	
107	360	123	137	219	47	12	364	395	200	238	92	202	374	67	67	397	9	156	192	290	319	24	304	398	275	356	46	273	36	19	296	312	246	136	46	209	63	115	120	
367	56	315	84	346	87	68	46	11	327	341	4	163	281	224	76	259	97	38	48	48	162	47	276	323	99	25	235	265	55	57	147	26	75	334	74	76	317	224	190	
347	80	111	24	64	36	204	25	47	157	176	198	20	138	176	45	338	304	195	305	274	168	367	3	345	3	180	336	22	318	228	283	101	252	222	78	203	339	17	351	
198	109	252	320	347	341	279	387	159	176	206	135	257	274	239	303	191	332	153	127	165	294	324	179	248	247	358	152	287	76	204	185	285	368	17	146	10	210	233	269	
299	140	317	256	327	256	71	218	102	324	258	179	318	282	57	266	229	328	330	28	317	235	313	116	116	244	361	226	154	294	8	364	345	24	319	184	193	90	102	206	
326	59	84	343	253	53	122	181	80	151	308	309	297	133	124	113	288	184	250	353	389	170	16	247	294	34	130	398	35	330	303	59	300	298	314	251	262	346	342	253	
196	162	261	4	393	83	27	192	178	188	244	266	56	358	211	261	304	38	357	250	280	171	221	91	379	45	253	339	89	293	290	195	153	248	296	55	241	233	344	117	
120	286	293	273	155	13	231	156	361	98	315	338	178	233	339	254	375	289	290	162	92	89	267	341	247	72	94	186	3	348	212	219	330	13	0	393	123	140	57	180	
147	70	28	20	212	63	183	284	261	169	354	48	167	130	86	110	299	88	204	398	345	112	126	185	221	222	274	39	57	28	129	299	6	252	227	313	223	105	105	179	
182	368	323	43	193	317	60	187	314	360	92	167	167	313	46	296	230	16	243	195	352	66	1	53	226	323	274	144	335	287	230	211	349	60	161	48	71	316	143	292	
371	143	155	232	151	108	34	287	218	372	389	76	345	84	36	266	315	5	316	344	199	241	62	54	395	317	9	373	327	246	173	391	82	233	130	139	33	257	331	158	
136	14	328	387	5	58	346	13	369	168	263	73	102	18	221	190	242	323	69	262	75	335	160	63	261	382	295	200	145	319	50	186	26	71	265	336	34	303	254	308	
164	210	74	171	134	200	265	67	215	26	234	382	266	85	138	31	372	337	324	210	349	66	87	280	42	44	308	169	252	66	381	319	367	147	393	4	37	350	375	157	
281	302	231	239	291	273	361	355	301	189	256	154	347	247	337	80	195	149	154	138	306	226	360	178	277	45	273	218	299	340	65	270	145	200	11	126	375	276	171	179	
156	330	24	193	267	264	177	364	104	233	4	312	361	55	180	328	3	144	49	392	386	17	165	33	120	267	61	185	233	136	54	77	155	380	173	324	146	38	377	338	
174	72	341	224	29	22	54	334	67	193	15	355	112	269	77	321	37	229	7	359	53	363	127	110	245	201	335	80	141	2	320	2	375	162	314	305	273	269	327	28	
363	244	286	164	13	51	385	140	181	80	187	135	345	214	333	278	103	356	259	144	259	268	234	135	118	49	128	291	6	143	8	270	73	194	121	175	332	193	1	13	
174	88	236	18	203	68	384	392	325	330	224	83	97	357	306	303	93	333	281	0	164	189	357	137	69	377	398	302	69	299	2	329	74	137	34	363	105	317	254	328	
147	377	98	331	21	303	320	13	323	99	312	173	188	355	395	343	231	293	144	386	278	44	215	251	268	335	300	58	151	53	285	382	116	68	211	34	57	28	346	65	
215	344	137	87	198	29	328	114	7	370	186	184	99	85	120	52	318	318	8	366	56	378	33	69	345	330	2	300	43	33	50	155	61	83	139	343	197	364	142	101	
19	225	370	203	394	174	153	209	176	57	259	129	333	189	95	362	203	182	346	144	299	293	195	44	60	18	285	154	279	111	339	381	18	205	79	308	62	315	200	134	
57	355	160	73	227	151	331	326	15	360	365	397	149	243	337	292	157	305	341	119	311	177	395	225	64	159	216	22	369	311	52	321	348	107	76	258	339	302	78	36	
158	127	329	388	51	348	175	103	149	199	304	354	270	195	262	16	35	160	334	86	366	68	303	209	257	274	361	90	259	122	209	97	329	219	168	275	60	236	59	102	
117	258	140	280	134	82	191	62	136	206	43	395	168	27	286	318	382	328	89	322	344	379	314	354	91	163	310	45	79	263	42	89	202	74	49	15	49	133	159	77	
19	95	155	267	203	333	77	265	154	247	80	178	119	74	25	102	317	228	41	289	172	164	271	53	131	214	361	260	26	12	17	338	187	63	284	68	288	254	226	122	
181	386	192	379	140	296	373	348	204	93	129	54	149	79	399	358	185	252	110	290	344	19	307	22	374	83	383	342	16	288	355	87	165	225	357	382	200	9	221	294	
394	28	240	222	398	317	70	261	59	71	42	81	169	240	183	221	214	56	53	121	22	86	287	265	390	322	138	80	222	249	52	106	167	369	218	243	176	365	393	312	
115	326	285	173	244	357	284	135	90	14	333	2	391	109	157	58	321	371	216	221	109	158	217	353	16	112	273	269	366	157	70	370	159	244	219	78	277	179	102	256	
83	325	335	151	110	168	97	107	27	202	217	213	35	322	55	128	109	4	285	153	49	244	199	285	165	93	252	330	162	243	75	133	243	85	171	241	142	343	237	56	
221	342	159	144	340	289	159	125	181	119	165	306	250	38	78	302	20	218	121	69	137	271	89	267	244	335	396	273	353	308	5	60	137	50	278	151	13	110	163	268	
117	2	61	40	328	214	230	22	319	24	378	130	369	142	283	99	151	353	47	390	335	339	125	147	63	289	184	151	286	20	305	75	309	40	1	310	140	304	218	132	
215	270	148	69	84	104	243	121	131	363	184	140	375	194	172	111	156	28	148	327	335	126	288	317	51	362	112	265	153	3	69	252	345	290	394	314	66	309	106	81	
158	176	106	17	41	350	201	81	264	233	80	271	30	40	72	367	287	257	304	324	332	258	249	162	32	315	148	383	108	139	138	337	385	315	25	310	150	109	62	84	
227	27	240	328	351	383	366	122	124	154	118	127	296	250	172	399	48	203	54	228	12	75	48	281	61	357	262	94	350	208	250	247	118	160	57	351	25	307	143	219	
132	144	229	97	63	283	380	394	156	104	104	50	62	35	1	194	62	146	359	82	236	91	399	236	135	128	257	42	317	283	145	117	95	42	97	41	395	147	317	32	
134	92	154	265	9	36	340	142	64	181	105	182	342	387	300	358	396	38	69	382	390	283	169	368	208	148	291	84	363	277	186	165	250	220	97	328	138	106	138	82	
356	125	333	179	180	113	205	56	221	156	106	279	106	157	315	382	372	274	347	217	32	202	49	350	302	28	346	107	15	364	258	251	157	71	310	216	252	182	340	140	
218	114	300	392	338	282	254	191	36	269	74	136	350	3	153	319	311	379	307	393	10	44	125	46	183	101	330	102	350	150	122	235	330	87	105	148	249	238	217	351	
386	358	366	2	240	397	201	218	42	386	277	332	96	67	44	346	235	253	327	64	68	327	178	278	81	162	91	396	65	187	226	117	22	257	397	327	319	75	210	240	
128	366	238	102	311	160	113	24	78	318	366	24	310	21	367	269	248	336	330	378	188	33	373	275	355	36	80	153	177	168	270	182	198	384	348	386	208	338	287	163	
134	318	253	107	3	284	41	315	285	248	170	349	346	208	289	178	120	33	207	174	77	141	19	340	189	244	203	274	246	154	100	42	135	16	26	13	364	343	391	125	
67	37	138	289	308	302	131	304	211	213	142	352	230	36	168	81	344	33	231	65	250	395	384	260	74	286	336	314	292	203	314	234	302	114	186	85	291	191	51	165	
66	68	180	358	168	9	315	386	317	208	113	229	77	372	151	27	320	361	216	86	226	193	383	2	182	231	150	135	296	76	174	236	206	14	256	247	297	44	106	275	
126	283	378	266	129	2	354	110	24	43	258	311	297	302	188	140	6	398	149	363	348	383	73	28	272	203	149	42	308	317	379	307	72	230	233	261	293	59	31	190	
165	164	375	334	338	223	347	218	281	368	53	102	11	187	191	156	49	399	259	230	376	110	198	108	0	303	243	166	236	147	16	272	369	50	265	180	332	83	56	84	
111	170	247	395	229	309	210	337	181	127	227	28	297	296	197	170	258	311	394	153	116	69	296	358	391	221	197	195	176	124	339	346	352	56	399	51	237	267	47	75	
267	146	163	222	99	230	262	228	199	315	39	374	255	393	390	305	84	57	158	132	240	367	136	62	295	5	173	190	143	278	323	66	293	355	159	49	243	77	147	311	
263	56	156	176	320	15	350	61	129	377	250	26	2	255	359	354	129	189	13	330	336	206	266	286	218	81	205	330	29	8	299	348	334	323	392	310	395	398	27	393	
246	148	290	304	271	305	126	57	150	8	256	354	270	178	108	356	128	369	156	26	246	323	243	236	302	292	202	353	159	98	3	59	113	348	231	252	120	225	364	325	
289	88	148	26	322	311	251	105	148	61	187	261	39	297	365	396	244	34	218	271	0	88	198	169	304	84	289	79	177	120	272	333	264	73	13	240	38	318	212	52	
247	266	368	340	217	387	204	328	76	75	253	130	30	104	167	388	55	109	121	99	284	260	86	202	200	366	308	292	339	174	398	239	305	232	45	176	273	302	369	215	
31	88	399	114	246	31	368	168	194	355	320	344	268	272	199	120	291	373	278	95	12	142	201	371	26	299	12	165	254	34	32	150	175	84	128	285	168	149	317	227	
157	102	224	289	26	287	274	370	124	204	330	190	210	183	213	288	133	89	318	252	388	2	53	215	351	234	364	384	247	334	263	54	300	350	207	378	100	131	212	277	
200	194	118	60	241	195	213	25	148	182	329	187	235	246	52	238	344	280	273	242	265	399	161	29	0	18	58	364	14	133	292	264	190	273	375	80	330	238	157	127	
283	349	365	168	245	67	268	239	398	3	344	125	265	155	205	315	223	125	143	287	121	84	14	362	221	39	92	201	140	111	379	284	322	393	100	217	323	231	317	183	
96	311	171	11	327	25	188	12	12	379	161	184	113	224	195	196	124	149	45	313	310	73	58	281	116	209	359	88	301	138	132	45	310	351	104	286	237	341	346	298	
182	156	343	156	28	186	399	13	195	93	375	365	215	81	295	192	151	114	141	312	113	321	219	72	321	184	219	206	385	213	364	215	228	354	17	115	399	64	177	242	
18	12	255	280	353	9	332	364	384	119	323	145	88	1	76	269	233	342	334	265	14	346	126	290	347	4	265	394	328	88	95	392	147	396	130	359	265	108	369	295	
88	152	86	223	200	22	350	78	10	330	202	71	322	188	220	128	238	130	381	24	78	122	62	271	377	239	276	288	207	103	229	340	301	174	20	358	241	15	294	108	
204	141	38	384	374	303	158	69	292	396	138	15	164	246	144	398	343	278	332	7	26	18	392	185	49	270	188	148	142	126	302	390	125	197	18	144	145	32	70	293	
73	254	353	93	357	353	136	157	275	325	208	159	387	56	387	81	370	32	273	157	203	31	3	372	273	66	373	274	355	87	211	285	197	19	234	197	15	226	396	147	
195	60	349	226	160	192	163	385	267	291	185	326	366	44	154	282	366	170	199	364	112	265	104	353	327	382	5	198	251	45	200	301	148	191	169	163	25	186	190	147	
119	231	115	340	317	312	264	325	336	317	143	304	224	291	299	5	315	159	58	20	246	300	363	249	346	386	266	226	26	97	14	188	182	384	169	139	150	287	318	339	
58	104	285	324	36	37	183	205	238	94	78	337	249	83	39	236	323	346	315	391	298	183	32	120	20	54	114	211	382	286	192	81	30	329	258	319	7	293	376	97	
29	96	288	130	32	368	219	395	354	174	239	104	209	311	78	270	6	45	333	241	371	377	362	255	347	72	214	207	6	231	157	287	179	83	269	250	90	126	284	297	
153	376	254	0	326	371	121	184	268	94	64	279	110	278	173	309	390	25	367	248	107	163	386	325	98	294	214	228	59	350	376	250	364	81	100	140	90	261	363	397	
207	279	127	355	195	338	115	35	214	120	133	173	134	158	135	271	302	201	349	399	1	177	99	3	296	51	394	237	350	208	84	194	123	249	398	356	36	363	241	100	
335	13	311	319	20	296	39	360	133	238	209	172	51	346	24	197	34	269	284	234	113	5	277	275	104	124	80	178	338	358	315	309	220	74	76	277	7	152	273	177	
26	118	199	327	313	259	160	196	164	79	278	126	334	3	37	74	165	154	100	351	360	265	296	217	375	8	342	18	8	251	44	69	217	278	31	378	384	39	209	396	
155	336	159	336	374	43	45	386	232	182	372	39	81	115	103	91	159	80	358	202	179	37	119	31	163	398	257	182	72	313	25	74	283	218	44	104	295	124	124	373	
153	132	48	269	282	398	207	288	113	199	336	326	82	89	204	279	335	94	95	41	255	367	149	172	220	41	122	361	200	282	182	199	260	75	313	175	106	152	308	253	
199	279	214	314	214	263	39	182	204	380	69	91	380	252	108	233	138	265	40	184	392	255	15	285	363	361	92	102	360	34	389	191	158	47	349	216	154	20	30	390	
246	132	114	259	229	68	336	0	365	8	28	389	107	76	118	102	69	243	238	61	121	71	96	123	363	291	372	149	343	34	173	33	10	130	323	82	230	290	326	38	
143	387	272	282	307	21	229	7	108	97	313	73	12	253	229	6	175	232	399	362	109	15	26	363	178	193	76	251	326	247	133	99	264	35	225	201	300	83	50	251	
24	207	355	279	303	214	127	107	288	156	312	27	203	181	20	223	3	340	103	360	217	79	302	323	358	156	366	288	82	259	169	135	95	365	43	240	209	200	376	338	
200	131	396	31	341	258	283	374	227	228	176	285	337	106	237	324	105	44	53	217	333	63	382	270	57	267	138	107	96	143	75	324	115	312	196	85	10	319	300	78	
176	104	392	353	51	70	117	185	142	199	30	316	102	253	214	1	147	380	349	84	365	265	249	108	205	72	34	56	232	362	163	35	306	394	228	385	304	373	9	287	
12	280	231	355	372	72	383	360	79	172	284	284	64	160	20	108	72	81	192	332	284	381	207	217	216	274	41	146	86	291	60	338	9	318	319	8	229	140	394	334	
339	305	58	29	304	104	377	216	24	195	174	334	15	219	390	69	118	270	242	232	187	329	8	223	85	353	257	340	332	89	112	296	232	196	164	161	137	166	2	188	
199	14	360	51	70	375	145	26	271	13	95	82	180	128	142	290	106	237	67	63	351	17	198	21	239	386	208	214	389	47	26	24	298	11	100	392	223	270	42	117	
120	163	38	324	128	205	50	260	279	141	159	254	396	381	299	259	204	343	309	29	227	360	78	361	208	203	190	267	309	257	9	53	256	283	0	7	323	287	102	225	
265	287	316	284	103	50	378	143	230	311	196	79	106	297	64	337	335	277	39	268	369	71	344	60	190	180	304	349	89	29	197	190	150	347	95	89	20	96	67	272	
243	286	187	371	18	85	142	375	385	204	77	189	110	43	272	134	58	10	105	382	274	137	194	260	106	312	371	361	243	60	67	106	180	276	311	219	382	287	28	201	
112	127	12	56	5	117	213	84	148	339	87	256	310	115	136	38	48	341	233	124	235	322	64	36	219	396	88	34	116	350	257	249	98	289	326	336	239	371	40	220	
143	361	96	74	96	254	345	377	27	198	121	283	139	18	151	191	247	72	246	383	43	122	253	161	244	11	117	315	215	390	154	377	183	270	70	299	355	34	107	215	
65	62	117	224	99	100	247	366	192	111	368	254	65	52	247	140	295	196	74	128	17	248	125	220	349	27	350	136	294	76	370	377	156	318	31	87	249	296	71	58	
239	271	144	134	342	222	293	255	249	385	215	284	251	171	334	31	216	302	186	340	210	386	335	197	134	198	302	1	324	391	77	181	92	51	332	51	291	55	135	156	
58	368	271	139	368	223	188	202	354	203	371	181	18	324	208	169	351	126	188	292	348	282	302	57	163	64	338	71	136	303	57	211	288	344	179	84	395	195	114	366	
14	103	376	48	256	200	46	223	155	250	343	119	361	262	5	140	154	359	40	307	278	326	346	394	286	141	95	110	164	226	305	7	344	296	70	215	111	132	265	282	
211	225	230	187	314	250	342	83	36	210	218	329	150	179	151	265	147	262	390	328	315	310	350	87	33	248	129	372	208	10	81	33	61	325	46	389	1	216	299	51	
40	131	396	206	136	161	297	299	250	301	53	391	37	230	92	84	91	237	71	126	73	166	386	148	319	46	364	334	276	277	0	142	234	222	173	383	209	83	295	71	
211	174	76	73	17	183	383	335	245	280	74	331	273	73	92	205	345	282	364	47	171	377	203	18	212	202	227	33	298	135	330	333	134	232	18	164	239	13	111	95	
307	11	39	4	96	356	221	266	62	197	137	58	399	164	301	223	378	139	81	100	99	236	45	247	79	288	23	330	126	146	250	257	168	300	272	88	79	316	178	365	
124	328	35	134	103	347	182	306	98	86	17	209	333	287	66	237	398	100	390	135	70	252	3	62	375	98	374	66	25	376	42	160	314	301	117	240	258	121	368	366	
31	210	399	188	106	75	34	327	399	34	73	292	296	299	177	282	8	161	170	256	147	35	239	284	346	367	347	215	311	325	3	352	143	11	148	71	309	4	8	317	
48	304	31	166	212	218	270	41	389	49	307	358	306	367	252	262	155	20	298	76	354	310	250	320	143	220	213	61	233	230	200	101	354	239	276	387	65	366	36	275	
24	164	242	339	353	314	21	116	342	327	201	117	57	271	258	21	98	78	90	339	129	298	49	91	358	145	86	31	120	344	314	364	328	375	122	288	297	363	12	58	
110	33	396	175	312	261	204	17	159	114	176	296	232	233	207	197	198	113	235	137	64	368	109	212	351	51	107	67	22	339	132	138	378	348	132	108	215	155	345	193	
277	128	308	327	179	121	130	383	53	184	340	336	158	55	153	328	112	79	1	353	237	352	98	34	306	237	148	340	398	99	351	92	45	265	25	230	204	160	31	262	
162	377	16	138	250	174	71	179	72	290	138	314	60	242	353	184	83	107	341	300	24	298	397	75	167	27	310	189	5	158	268	172	139	288	127	393	66	16	177	355	
311	321	275	188	379	232	376	279	155	321	182	397	35	397	289	19	241	15	212	251	178	83	240	322	188	371	132	71	391	314	30	118	50	308	309	245	356	100	126	327	
239	126	140	277	126	32	300	370	51	327	36	233	227	279	370	17	66	105	91	273	235	338	394	100	61	119	348	233	35	78	163	276	19	118	368	147	153	82	332	19	
12	184	255	53	278	39	286	346	360	379	222	197	131	30	112	196	364	62	30	2	355	8	280	376	129	250	338	97	334	85	118	160	271	187	215	149	39	314	310	0	
108	346	200	241	377	125	37	343	189	282	346	358	291	39	147	234	103	300	332	38	386	264	12	70	51	41	33	92	356	344	93	64	290	105	306	80	231	155	23	233	
38	182	192	330	222	151	163	325	51	309	176	37	172	1	320	225	42	354	129	399	110	35	276	1	141	394	81	184	150	317	230	0	98	233	329	131	384	305	56	34	
26	45	285	198	45	204	234	87	156	362	298	267	397	385	79	350	379	372	346	341	100	388	340	198	220	81	140	203	198	196	49	222	51	332	17	95	133	250	393	101	
23	102	179	231	85	257	391	275	39	336	214	137	134	365	145	352	44	284	366	240	291	13	59	340	155	74	246	287	134	237	386	155	148	162	196	232	229	184	316	265	
331	128	0	62	90	355	11	344	237	186	180	124	9	237	61	161	120	117	46	65	163	242	30	310	215	223	351	253	4	264	115	331	201	324	389	99	276	210	39	321	
206	217	42	212	262	312	369	191	25	224	253	185	275	279	304	85	310	251	146	311	110	258	238	308	391	36	3	75	54	39	392	255	63	242	61	133	361	239	132	195	
58	194	188	140	280	87	221	184	333	363	90	38	28	136	153	227	167	152	109	217	399	309	279	270	145	336	211	315	169	338	104	34	125	287	169	399	368	197	178	295	
367	76	140	203	207	289	236	180	35	340	204	241	243	77	104	196	220	310	104	196	54	15	36	174	296	12	380	258	204	365	359	376	248	92	384	47	374	214	34	2	
360	44	49	8	327	147	9	139	263	319	140	310	327	170	290	216	175	76	279	184	247	231	367	87	317	344	341	284	363	368	92	127	4	133	128	136	85	129	268	152	
255	215	269	173	377	150	194	357	31	65	347	271	101	306	350	223	54	283	98	223	55	395	342	265	334	62	393	224	397	65	369	243	271	229	220	239	182	5	0	206	
276	339	281	180	236	222	394	93	309	296	307	355	283	241	211	20	106	7	235	307	64	7	353	326	227	164	369	214	373	360	223	51	101	93	222	139	117	206	223	229	
306	121	175	391	164	188	1	73	399	38	371	53	36	314	181	65	281	140	269	245	303	294	98	394	377	311	123	298	319	149	116	214	260	93	193	226	84	396	288	72	
25	249	115	50	365	286	104	235	229	175	281	333	58	181	129	238	81	242	124	202	192	42	218	41	125	213	68	198	11	346	260	24	395	175	275	348	262	179	384	291	
344	66	214	204	236	331	29	117	373	354	308	367	384	326	209	97	339	266	96	338	12	156	162	395	320	25	144	383	6	116	262	337	169	275	340	393	5	356	97	178	
298	206	133	270	331	329	166	258	181	63	395	393	207	145	376	327	370	107	297	363	23	358	100	392	221	27	184	213	183	82	190	67	86	310	135	4	38	101	60	18	
151	42	399	344	386	361	69	343	267	352	104	88	297	3	279	316	17	50	327	186	118	104	52	3	0	387	393	237	74	252	242	211	280	226	352	63	171	7	204	236	
157	295	310	39	95	173	152	97	21	65	81	337	154	332	326	352	304	116	174	175	354	1	371	31	212	120	79	180	325	269	1	67	360	107	303	39	77	40	334	296	
90	213	218	41	341	340	377	229	41	348	388	191	333	155	207	341	261	270	105	382	335	303	33	91	394	321	328	269	157	246	148	43	254	349	67	178	85	240	390	109	
172	175	97	301	126	287	226	370	352	314	336	83	200	164	157	390	281	68	242	21	109	373	47	347	118	97	108	186	133	294	91	288	264	170	170	373	39	378	137	185	
88	56	252	83	16	392	55	279	255	280	283	347	47	124	88	147	17	178	128	132	267	201	215	113	354	367	68	187	140	187	356	22	38	1	86	35	186	335	107	23	
9	372	164	38	291	234	379	289	205	89	215	53	84	10	147	233	170	196	214	104	178	363	107	197	346	387	26	113	304	114	330	293	280	74	123	150	100	296	232	286	
178	27	321	243	17	261	268	380	38	62	65	196	5	365	186	143	145	192	50	29	287	360	114	146	228	31	89	308	307	301	174	64	307	287	98	115	126	346	75	356	
200	333	345	397	277	110	120	214	94	149	222	361	301	128	299	107	351	180	207	237	60	361	92	159	39	382	254	144	119	120	293	298	31	216	274	99	305	184	291	377	
313	305	129	191	224	220	90	152	378	276	179	229	27	62	366	44	22	198	379	120	109	250	208	119	44	60	9	139	223	278	307	325	372	227	94	172	23	161	114	190	
228	84	397	232	123	153	253	336	141	208	33	228	249	219	136	270	69	122	386	81	190	82	384	352	286	268	315	98	219	6	78	22	280	265	230	379	394	58	103	111	
56	326	128	281	334	242	339	379	152	113	36	319	172	208	60	247	52	351	322	247	333	376	57	1	29	263	357	399	109	249	299	354	150	3	209	59	32	124	226	159	
26	238	268	173	235	303	396	262	229	105	297	349	56	329	326	274	380	70	248	64	294	335	393	232	125	391	266	132	303	66	79	303	91	321	264	300	10	234	348	25	
314	32	162	156	148	62	4	102	319	39	353	399	348	133	205	47	311	45	366	187	299	19	277	176	127	114	263	324	322	184	324	21	190	59	364	124	307	341	199	11	
166	126	384	87	45	375	320	329	206	259	89	78	64	152	40	377	240	276	274	348	33	383	342	9	228	91	106	320	6	91	304	357	3	73	17	20	20	121	322	198	
166	196	62	202	321	74	364	133	322	209	266	140	378	392	334	177	56	13	70	247	289	158	175	264	203	377	257	9	284	363	392	21	130	239	7	236	96	342	340	202	
336	390	315	285	353	220	247	380	16	100	10	277	230	157	111	218	318	151	10	172	85	373	164	187	395	142	394	63	268	117	237	387	290	334	242	212	336	271	376	323	
342	357	383	142	84	277	142	373	399	122	115	267	278	63	237	244	388	13	89	227	313	108	396	172	12	207	356	130	262	114	23	172	40	187	96	307	34	207	61	214	
300	359	51	360	203	258	385	161	240	256	169	122	333	134	76	126	123	213	226	354	297	31	96	119	187	161	395	3	339	238	399	19	377	19	159	149	57	112	279	77	
337	230	381	50	332	26	144	23	20	339	346	286	150	223	373	306	352	148	90	71	166	57	272	111	257	399	229	282	293	75	140	196	272	301	214	383	294	138	186	282	
45	100	348	375	102	100	61	234	215	118	273	349	142	324	27	179	290	36	241	362	291	348	126	343	216	120	293	290	226	46	351	50	325	265	391	393	331	18	6	325	
103	246	241	25	348	47	170	16	49	189	345	306	104	37	214	99	336	287	355	127	299	273	143	3	316	314	174	26	298	146	317	179	169	336	169	82	348	117	64	174	
273	187	259	154	2	252	218	303	103	352	395	179	2	317	360	283	195	100	274	58	211	369	15	347	270	362	206	395	44	48	134	94	199	169	25	165	385	21	245	265	
338	18	222	304	299	146	363	58	210	14	293	199	347	273	323	180	198	93	139	20	319	50	291	82	183	92	25	133	77	46	174	378	27	360	57	289	70	384	122	56	
362	192	219	84	241	105	228	214	375	142	10	257	155	76	114	302	132	315	210	172	325	349	327	315	272	159	380	305	319	65	137	55	32	319	101	235	199	291	224	349	
396	197	381	113	237	270	190	331	360	363	278	247	86	166	336	321	101	90	0	382	331	99	0	325	193	63	335	167	129	121	291	86	280	233	374	77	63	338	181	196	
75	22	5	123	362	115	217	24	166	178	368	58	52	141	157	19	165	53	360	256	135	211	116	188	5	264	228	242	162	370	0	197	164	177	281	87	65	58	71	5	
11	212	24	236	314	354	214	253	367	134	68	275	306	357	24	83	180	24	97	303	166	57	274	292	8	114	151	33	346	395	398	128	167	194	323	253	107	96	64	247	
3	306	294	80	221	277	122	174	72	178	36	198	8	269	262	187	155	372	179	273	326	350	360	265	316	242	77	194	109	313	0	70	176	253	321	169	300	1	302	331	
351	109	301	317	149	120	62	263	263	13	306	359	133	223	182	7	236	30	372	303	301	331	143	249	354	22	376	24	193	48	313	101	114	383	188	220	273	20	253	92	
203	116	10	294	109	362	70	302	349	0	374	19	100	287	37	223	78	370	204	228	187	288	100	260	40	58	37	271	248	248	320	8	132	98	70	11	16	97	269	133	
267	13	110	135	68	103	127	103	243	100	100	386	344	369	14	153	383	8	380	187	24	256	364	325	123	390	292	95	256	330	398	290	298	63	380	133	334	275	191	344	
332	61	99	43	385	68	151	136	244	86	279	222	110	197	316	188	355	162	51	166	47	4	11	112	235	159	201	124	389	160	236	275	175	289	273	328	124	378	18	322	
232	64	313	297	28	182	252	337	111	257	57	113	28	236	392	216	349	360	107	292	75	298	334	17	353	373	111	244	117	83	120	303	100	198	365	81	334	169	184	210	
193	195	278	174	384	36	344	98	349	217	156	377	281	43	160	186	181	224	196	252	74	270	108	340	21	26	187	120	362	325	284	107	72	327	46	221	315	154	84	215	
325	193	359	370	1	71	109	134	60	258	339	86	292	211	379	77	2	118	362	316	395	10	187	231	289	398	217	368	105	67	349	193	24	259	115	377	93	388	275	317	
10	378	356	253	353	98	93	307	380	6	386	138	179	338	133	20	287	115	151	343	133	51	301	108	73	367	249	117	306	288	386	78	28	104	93	332	365	136	188	107	
306	338	196	35	225	92	217	63	157	320	168	53	133	231	112	157	148	123	224	216	361	373	57	340	240	100	34	367	399	385	24	254	272	382	51	260	24	217	84	343	
300	202	347	383	196	220	89	294	293	75	273	16	210	279	117	211	329	100	128	277	34	314	293	255	246	293	276	218	272	309	323	333	273	217	264	17	386	113	259	40	
350	293	5	321	333	70	81	209	331	370	247	313	231	300	328	25	140	152	4	173	9	276	54	229	254	78	194	188	352	214	389	61	267	341	330	146	170	170	115	48	
88	123	121	267	370	396	52	271	95	215	391	265	251	204	254	52	229	208	0	341	182	336	349	396	36	225	303	153	343	365	361	189	247	28	215	163	370	26	192	224	
188	130	249	198	93	48	196	81	15	355	368	143	236	263	299	31	248	147	343	349	271	250	85	64	36	247	386	164	31	124	147	164	12	341	120	50	147	74	76	107	
375	390	197	369	10	41	345	202	346	232	310	161	239	340	383	220	344	126	331	320	195	23	241	152	122	308	360	214	327	381	267	59	127	220	372	295	18	262	254	308	
252	108	227	36	392	367	13	92	38	288	356	177	68	355	87	347	19	391	105	102	129	128	105	200	294	22	39	68	40	50	133	47	101	304	238	37	26	195	72	7	
239	185	342	63	296	184	353	258	118	1	303	3	286	164	147	335	342	342	346	325	335	22	127	380	81	310	172	51	261	0	213	42	340	310	48	177	36	155	189	310	
313	249	256	140	355	157	17	238	42	117	318	131	82	199	266	318	51	192	311	254	348	280	51	229	131	254	162	110	351	294	174	204	296	371	98	191	70	269	183	266	
329	256	151	164	397	359	23	201	305	88	209	193	309	201	177	381	396	281	244	100	328	172	59	165	85	98	110	309	309	48	115	177	243	206	282	393	318	57	135	163	
86	98	110	335	239	227	69	388	48	66	28	129	179	27	47	17	279	97	266	127	298	133	57	295	92	91	227	163	88	115	79	114	365	128	200	143	296	208	283	95	
28	252	164	359	30	150	315	247	0	332	126	49	216	122	283	247	152	263	350	180	129	368	46	34	248	185	116	296	146	151	330	112	341	245	221	121	146	287	120	297	
157	185	286	312	246	106	310	337	119	11	268	187	129	252	159	316	376	26	149	273	115	230	135	206	14	295	79	311	119	137	146	26	260	181	275	256	37	334	343	94	
283	148	219	350	150	128	15	276	304	102	85	357	82	157	313	33	389	329	93	258	215	389	220	225	107	244	18	82	115	298	326	147	195	294	245	94	170	196	306	10	
48	140	116	66	46	366	247	183	43	90	377	195	15	133	357	272	314	123	102	177	170	364	261	114	193	255	144	300	388	198	58	183	274	110	398	255	223	180	373	14	
206	286	145	157	166	249	364	227	121	1	340	226	112	349	276	53	138	167	100	274	301	93	205	109	138	138	111	109	254	231	59	207	51	351	111	364	135	221	125	3	
370	212	164	16	95	186	3	381	288	249	1	122	277	140	378	350	25	23	205	26	188	198	167	386	84	25	284	366	180	155	303	83	301	0	244	142	119	393	56	152	
176	203	208	386	90	119	81	48	288	220	7	9	352	320	140	181	278	169	80	203	258	316	32	91	61	22	379	113	348	368	11	269	317	151	187	339	15	13	131	234	
