236	34	382	271	160	236	228	40	283	29	309	33	232	374	67	37	122	320	294	55	327	121	355	380	267	68	372	152	357	115	264	193	149	34	252	96	269	80	135	153	
109	232	186	128	207	252	352	328	360	246	171	287	367	126	55	22	193	27	174	338	142	225	131	78	259	170	173	128	38	307	280	332	139	253	60	344	291	198	59	250	
44	229	137	10	354	378	218	333	4	390	270	331	214	188	195	259	356	366	386	392	273	53	324	198	304	170	141	382	366	198	231	8	213	154	203	352	130	19	283	318	
195	153	37	194	338	229	52	80	194	36	71	252	273	180	48	363	347	186	343	99	169	172	291	167	111	92	117	238	295	186	342	274	335	375	66	58	388	114	134	179	
334	389	29	204	166	260	164	297	230	104	392	184	61	69	347	168	344	249	191	237	32	130	108	363	289	357	205	274	68	335	238	185	321	50	385	270	306	145	164	132	
34	340	312	90	4	44	253	345	288	227	365	103	352	256	249	237	210	50	295	61	168	129	242	85	174	11	351	76	151	298	391	366	21	86	51	21	124	87	148	194	
309	296	80	45	147	323	64	139	367	353	382	318	77	7	397	246	12	131	316	344	211	302	306	227	383	139	30	289	8	172	266	311	249	339	137	177	257	194	310	5	
143	75	318	213	75	98	240	267	10	338	205	2	234	292	11	398	26	34	70	27	386	329	119	229	50	37	399	88	225	91	88	148	158	186	353	13	64	374	272	254	
306	259	250	320	144	253	100	349	67	162	157	46	271	56	267	313	86	47	394	91	131	262	231	69	228	364	75	285	331	127	319	229	377	161	142	301	193	233	30	251	
175	179	77	38	15	335	130	92	161	303	174	283	157	396	132	377	140	385	42	64	104	352	284	261	292	205	341	264	30	362	294	382	320	361	11	325	75	319	195	226	
214	148	289	150	322	12	305	53	387	337	107	269	68	170	121	138	153	240	392	361	381	277	334	292	229	124	395	294	34	368	298	237	293	177	164	205	365	59	35	342	
174	320	203	231	80	101	146	222	119	128	173	90	394	98	159	0	211	331	72	22	289	360	36	172	314	190	154	270	238	178	202	1	87	181	8	342	59	144	154	166	
49	104	33	33	377	180	209	364	100	270	374	165	6	399	325	309	178	255	168	192	22	147	369	285	104	367	216	151	287	146	93	323	238	113	131	390	68	328	343	342	
374	94	96	368	81	196	53	34	39	396	214	236	318	171	109	9	313	312	336	188	47	204	100	60	93	218	38	148	321	368	79	282	237	161	25	304	132	252	113	157	
236	102	380	141	47	76	324	347	163	247	309	196	226	395	30	305	388	54	227	296	197	292	353	21	228	152	99	346	390	385	277	212	73	244	126	106	93	37	39	241	
58	334	211	269	104	226	160	265	54	373	334	24	39	273	217	40	11	89	159	387	61	23	373	119	252	85	210	330	294	22	345	125	129	141	378	4	140	311	254	178	
58	174	374	81	220	363	293	3	37	37	163	82	44	121	373	68	378	355	171	45	362	101	154	263	226	118	252	138	201	278	88	242	223	46	94	214	392	370	201	13	
180	349	267	207	241	224	47	203	351	201	232	85	73	369	331	70	258	354	192	43	3	263	56	210	293	134	8	57	275	380	241	38	312	92	15	137	86	45	110	20	
16	113	88	72	253	189	124	94	126	298	307	112	332	133	93	208	249	271	35	295	234	259	315	317	333	313	224	189	128	104	192	126	199	49	366	34	220	73	296	327	
141	373	210	55	89	72	32	319	112	49	196	115	289	281	13	391	363	6	162	74	93	335	368	273	366	317	76	355	159	353	52	68	96	30	104	165	82	303	252	361	
333	218	59	203	80	240	175	211	228	106	53	89	22	2	130	156	88	186	92	14	307	125	63	383	322	334	129	385	219	150	327	319	347	153	290	194	373	232	384	181	
318	18	38	108	188	147	243	255	312	103	37	199	394	266	350	296	181	246	49	167	375	144	66	302	276	335	263	229	148	228	177	45	225	193	131	179	318	141	200	396	
10	216	363	171	61	292	46	7	117	261	153	72	383	385	140	26	87	382	21	0	189	364	25	180	137	321	125	221	228	303	197	3	97	325	152	322	195	363	96	77	
203	227	127	351	377	33	142	43	392	141	20	346	84	210	291	385	297	393	371	290	274	333	272	136	236	1	223	8	130	296	64	97	288	354	212	242	363	331	49	120	
237	235	231	85	21	99	47	83	256	395	350	294	93	199	194	306	364	394	79	72	267	306	332	319	26	122	139	365	30	351	250	30	162	57	91	160	132	113	218	151	
272	332	22	129	107	192	10	235	162	252	282	193	135	377	88	136	75	389	264	267	105	90	273	242	310	339	165	205	215	147	331	250	54	328	353	323	96	126	133	19	
353	178	375	63	130	226	360	180	377	387	21	57	52	57	274	124	158	13	303	136	135	210	360	351	113	76	249	370	176	356	153	290	108	102	115	398	301	49	152	253	
10	336	284	224	366	319	321	286	95	199	395	390	170	329	315	256	166	138	388	103	255	115	366	124	190	55	97	253	265	9	267	36	318	124	19	46	204	102	304	271	
62	273	235	204	362	124	33	288	21	181	363	250	268	302	134	219	118	203	45	143	186	284	338	264	168	331	70	344	5	346	375	39	378	183	214	100	66	5	359	59	
160	295	69	187	357	175	377	234	349	181	136	294	224	46	318	152	348	359	255	113	66	203	123	15	357	96	275	394	261	206	212	179	260	252	336	375	397	73	367	105	
12	75	159	395	278	48	118	198	165	343	69	201	304	350	188	19	16	221	172	36	397	355	185	15	365	93	149	121	323	87	196	305	318	112	58	167	316	145	122	52	
247	161	223	121	81	168	298	255	358	40	260	114	152	15	99	87	265	218	177	158	62	131	220	350	212	248	87	286	150	178	307	365	307	99	243	145	23	297	368	350	
306	198	221	27	182	289	83	203	263	16	117	293	116	94	212	296	310	267	338	216	201	214	338	78	70	337	191	62	203	315	168	264	81	357	259	18	1	98	376	232	
83	63	94	353	124	62	4	189	84	311	372	253	93	66	298	130	370	244	346	141	127	270	373	362	382	387	136	351	240	81	338	77	110	186	396	200	214	368	143	265	
247	270	86	94	303	138	378	240	136	291	136	16	315	263	345	264	217	236	182	212	283	87	255	147	240	219	313	208	341	210	40	341	46	278	0	314	381	344	308	270	
390	10	253	271	239	352	102	209	154	37	174	2	277	395	115	83	367	181	44	62	144	50	368	155	293	334	223	28	32	97	264	387	72	83	10	63	399	77	23	305	
267	164	61	109	311	140	343	30	73	351	57	181	153	177	88	11	263	275	192	260	336	208	399	160	255	375	374	6	204	363	64	34	278	88	294	340	378	201	122	202	
305	143	347	21	71	187	184	297	25	339	309	114	112	272	237	118	398	363	276	167	290	303	352	319	355	211	223	85	163	308	251	30	201	348	15	21	98	162	69	274	
253	341	351	115	364	338	195	325	264	33	242	304	88	158	373	193	119	346	240	244	4	54	238	355	365	3	339	213	315	371	50	130	274	150	206	200	51	363	275	64	
147	80	119	383	199	54	138	67	362	128	273	328	143	260	246	257	225	147	32	289	267	231	381	291	343	149	53	143	261	77	355	157	118	34	101	65	50	387	93	160	
77	115	50	367	123	44	373	96	339	154	345	167	345	287	18	36	185	220	140	6	257	57	311	123	239	161	149	36	109	389	157	332	251	354	47	333	357	379	388	44	
94	294	359	399	329	337	395	74	304	283	227	309	87	99	391	285	219	287	282	75	23	186	154	234	100	160	127	205	100	262	208	152	303	126	297	191	210	39	223	260	
70	197	129	115	254	267	146	219	300	174	39	71	319	152	263	377	271	137	141	117	357	96	14	219	180	59	156	136	57	337	355	84	93	229	343	92	241	47	57	100	
180	55	129	57	352	137	179	181	231	278	42	334	119	14	298	256	30	12	350	232	95	51	61	145	237	361	382	36	154	396	281	78	195	154	278	104	247	13	241	223	
36	28	302	112	0	157	113	175	313	207	364	365	214	381	254	7	88	193	188	198	333	25	19	86	323	254	146	128	11	132	95	192	116	352	47	72	252	115	390	122	
278	311	43	48	35	40	199	79	190	130	19	266	299	394	307	178	391	9	49	359	97	99	107	355	194	109	383	190	367	117	267	200	382	53	390	160	48	331	194	379	
204	169	202	58	306	64	191	252	215	194	166	266	35	14	177	371	266	302	116	188	373	337	130	98	132	262	212	135	335	148	69	94	271	11	105	318	29	36	124	198	
373	32	207	362	0	125	75	7	380	145	149	95	223	20	333	97	236	286	185	313	388	394	360	0	360	18	272	131	9	137	70	123	122	229	37	263	306	252	223	26	
138	114	262	314	274	148	151	250	387	76	116	116	22	28	69	123	188	81	393	337	170	16	12	245	198	190	248	245	394	211	11	272	64	226	138	289	113	27	279	239	
56	135	307	29	303	327	292	42	147	24	119	269	392	270	253	330	11	53	127	145	2	90	368	18	55	245	46	120	11	65	310	17	151	169	186	4	234	28	185	332	
4	255	340	136	263	144	16	12	334	281	108	75	109	215	231	115	198	229	185	161	31	233	129	133	140	265	88	325	31	10	395	174	215	73	46	27	166	200	389	237	
31	236	262	277	188	43	341	123	9	263	20	390	46	287	261	323	289	86	385	59	46	330	182	398	352	365	164	255	115	103	41	95	75	40	320	398	32	398	258	178	
398	228	118	181	64	327	54	302	150	387	309	145	55	227	92	143	141	204	347	204	43	125	34	254	301	91	202	70	225	8	196	172	371	49	300	383	324	301	20	21	
25	66	302	27	27	342	118	116	94	200	55	272	61	224	75	309	262	11	327	223	367	71	342	74	68	190	192	128	227	160	284	386	359	321	148	333	210	212	183	37	
148	185	258	342	355	279	198	352	237	259	122	338	65	198	358	79	122	98	340	83	391	359	15	298	227	110	365	171	57	96	155	337	226	358	225	315	370	368	0	340	
175	256	225	185	399	317	396	67	148	71	283	85	163	244	116	335	88	27	51	90	69	339	372	27	244	143	76	347	244	21	234	151	9	191	68	353	52	197	153	332	
213	381	151	108	357	211	387	389	370	171	23	171	54	128	331	30	2	351	323	192	106	289	75	60	24	88	146	210	16	243	87	360	355	181	11	256	124	130	377	225	
245	345	341	243	205	3	5	151	298	60	74	135	292	280	139	47	99	228	201	59	202	19	362	288	144	105	88	398	178	8	168	365	85	239	338	19	372	74	300	213	
77	106	292	311	328	161	302	369	119	233	158	263	195	250	94	70	297	311	198	205	50	96	113	265	277	181	14	379	198	257	136	3	304	157	44	174	46	76	272	107	
251	160	312	176	351	135	187	377	175	114	124	354	152	365	348	158	276	304	80	203	104	157	148	137	42	134	253	30	151	254	79	131	355	119	247	34	381	162	353	284	
217	18	368	309	113	257	8	329	103	28	73	334	313	161	11	84	23	392	242	302	188	261	373	271	108	348	246	217	50	327	41	395	74	349	244	126	334	379	182	376	
136	195	251	388	83	202	199	45	322	380	288	49	368	388	47	15	277	233	359	267	101	129	202	301	205	174	366	79	93	88	182	168	8	371	282	29	300	208	202	161	
128	217	337	223	144	323	364	359	282	263	166	109	330	94	348	74	393	40	279	25	254	399	319	201	98	327	170	124	261	98	10	115	252	285	275	333	333	177	231	340	
378	123	388	33	341	61	233	273	40	49	23	232	174	68	371	209	332	266	270	319	89	5	371	278	15	184	336	286	298	292	352	1	351	277	159	17	62	328	227	39	
103	375	397	214	379	93	147	35	295	142	291	108	84	199	322	36	319	195	46	155	24	123	280	100	124	375	53	124	28	4	100	67	315	220	3	17	248	87	389	266	
352	217	310	371	352	168	131	207	87	301	85	234	147	88	269	207	399	46	266	363	174	89	153	213	245	93	166	28	302	91	231	189	243	76	282	317	366	136	58	175	
160	267	344	241	289	335	382	10	104	370	308	0	394	396	148	174	211	35	324	47	61	90	171	26	288	175	278	376	245	58	86	126	46	151	301	57	207	4	1	245	
310	32	180	238	150	48	345	294	17	390	62	12	14	354	160	23	62	159	121	29	339	327	89	319	11	323	310	152	262	33	118	292	398	230	62	268	211	128	95	162	
51	91	295	186	165	176	329	160	267	382	122	139	242	331	179	186	374	209	58	356	175	109	181	293	59	176	94	203	23	308	85	7	330	100	312	214	207	174	306	5	
89	148	265	50	10	375	355	317	116	345	205	10	174	318	235	165	213	261	87	169	101	104	295	151	135	139	296	273	31	321	397	239	0	193	220	129	286	106	164	121	
171	89	62	62	125	228	158	268	207	175	155	26	396	380	295	61	238	122	52	200	162	169	369	280	292	307	339	297	344	222	348	232	240	340	224	294	285	99	279	210	
391	365	167	318	62	179	97	230	17	267	148	109	365	46	318	187	284	375	201	345	314	79	107	84	136	47	95	351	76	303	278	395	197	161	29	376	268	55	135	214	
252	212	253	146	375	287	48	188	378	179	249	221	373	71	233	38	47	256	106	239	276	312	163	189	1	122	94	385	293	158	128	73	85	96	333	387	311	309	290	217	
204	67	367	106	66	315	259	41	287	292	208	91	319	87	207	35	323	229	348	144	102	3	331	114	27	192	217	53	216	34	198	347	29	279	167	210	122	352	179	335	
359	102	141	205	302	61	354	152	217	229	9	32	346	267	261	88	385	4	255	129	153	380	190	296	373	283	33	209	349	326	258	234	141	324	152	369	312	31	46	242	
374	171	389	33	363	176	47	62	293	228	117	159	321	19	381	8	228	340	143	103	379	327	49	45	364	127	340	202	271	101	158	170	196	71	128	84	359	287	70	364	
229	300	48	262	244	354	195	184	6	50	398	310	302	372	281	378	23	146	293	219	358	375	101	79	159	341	275	230	340	57	119	280	282	91	66	237	157	372	345	87	
135	268	322	360	352	314	50	299	171	267	230	53	166	41	55	35	306	41	189	358	23	18	162	16	32	152	177	113	236	233	311	293	212	156	364	87	180	337	96	273	
128	36	250	3	1	16	149	17	380	260	298	114	201	383	52	343	245	340	167	191	96	0	7	230	266	82	26	368	341	45	164	178	191	124	290	114	249	360	241	338	
330	61	375	240	154	349	292	321	398	380	33	16	302	150	355	277	340	304	167	390	58	40	90	171	273	89	394	43	158	157	303	196	139	386	356	214	257	357	243	176	
259	385	301	270	244	365	255	105	190	131	16	356	92	26	47	285	224	150	36	302	227	47	19	74	355	84	209	133	149	160	16	116	64	25	93	228	310	267	40	207	
318	377	84	329	111	238	321	254	308	64	264	242	32	390	236	307	393	152	147	62	231	270	285	3	215	297	338	232	84	298	358	321	194	148	356	224	93	384	184	107	
368	367	268	107	276	23	332	376	281	185	145	219	374	348	141	295	164	185	234	166	190	298	193	302	365	256	232	376	159	123	189	232	7	374	257	389	103	294	283	302	
398	134	39	77	399	285	77	268	175	16	139	282	233	37	103	116	211	39	197	287	79	303	224	193	382	398	287	3	398	275	10	101	325	154	282	28	355	63	213	234	
398	56	34	148	10	241	367	138	197	80	129	381	88	270	278	386	372	81	94	287	273	20	92	302	91	290	34	150	271	351	301	372	323	38	35	250	195	318	91	307	
103	137	392	293	110	373	195	397	370	205	388	346	328	183	351	123	389	301	375	363	168	379	251	7	333	389	360	43	10	154	54	27	392	149	235	16	37	132	117	110	
39	208	160	70	305	25	108	396	29	185	61	112	79	14	221	115	318	283	73	30	352	230	160	46	293	309	378	245	144	197	270	284	318	131	268	324	69	76	22	12	
177	398	227	357	115	149	385	134	346	160	78	399	303	152	359	111	163	38	56	220	149	27	205	168	71	175	194	55	165	130	169	41	228	96	311	255	158	397	302	204	
70	81	304	287	146	176	310	221	315	279	141	376	7	46	245	391	134	139	147	211	181	229	353	109	24	177	64	282	86	279	398	257	59	214	55	117	90	64	37	316	
43	278	392	362	23	336	266	68	386	324	379	78	252	244	287	189	120	263	170	306	241	268	74	212	393	41	27	182	205	164	197	159	353	101	32	74	347	209	54	245	
232	345	22	395	287	220	282	317	393	150	134	145	328	306	54	233	258	393	113	373	67	221	231	119	19	174	105	277	80	257	220	222	112	153	314	96	69	293	322	161	
354	155	216	192	370	181	122	326	271	145	396	248	62	137	64	391	220	78	365	397	245	96	130	53	345	141	58	324	344	77	394	394	328	307	95	208	184	126	230	363	
367	136	308	126	182	281	25	98	55	299	4	209	90	230	358	344	279	113	365	319	100	55	222	336	58	226	240	151	47	378	210	110	210	214	143	299	190	75	304	154	
70	4	58	69	142	325	109	329	345	381	156	140	345	286	172	311	207	319	158	162	393	62	366	111	184	16	105	282	187	104	131	351	15	96	327	63	327	131	86	367	
19	338	14	58	318	92	64	219	319	316	287	6	285	347	23	164	270	34	140	363	44	177	221	154	179	243	125	13	280	305	74	392	336	394	145	347	393	302	71	5	
125	52	106	103	305	34	359	80	162	4	137	299	86	51	359	359	200	177	65	173	387	45	258	17	345	308	270	31	116	248	130	332	205	140	128	15	78	391	188	332	
89	231	138	80	187	1	132	78	82	102	156	162	51	106	83	89	319	46	25	127	199	248	152	308	292	184	15	63	267	109	300	260	30	129	32	121	33	67	290	207	
262	138	61	217	147	236	397	157	186	115	375	288	266	30	288	61	305	207	28	263	6	20	27	340	52	151	152	178	122	133	288	286	173	252	194	223	391	281	69	267	
299	348	59	67	68	250	220	276	147	151	230	56	261	160	86	217	213	329	297	24	364	275	1	228	218	285	141	299	68	113	68	270	151	217	26	121	368	148	86	205	
389	219	351	152	280	127	57	182	357	43	295	11	221	385	141	128	172	183	116	330	384	85	102	36	205	29	59	262	267	47	368	157	167	7	209	135	35	168	4	293	
300	388	393	209	275	34	237	135	305	253	365	191	27	155	315	133	273	275	82	40	10	140	97	265	47	394	87	383	250	180	365	50	68	258	159	30	380	83	64	185	
237	119	63	351	360	279	383	133	241	154	260	152	193	44	104	140	339	91	211	276	171	263	13	139	20	260	256	87	243	8	360	166	213	322	16	71	287	85	104	27	
139	263	266	17	207	268	244	232	258	353	194	116	115	107	340	221	265	95	395	194	190	254	258	301	262	360	271	236	345	273	162	169	222	113	84	114	65	13	30	9	
265	123	23	64	127	261	370	76	41	50	168	129	202	112	327	150	157	96	283	187	54	130	41	361	140	211	372	102	122	87	9	70	108	117	219	318	62	273	292	0	
222	145	27	108	340	38	154	394	31	333	265	171	359	203	28	183	310	85	183	328	69	276	295	73	77	198	76	36	368	265	333	85	92	43	88	329	378	139	6	92	
156	168	347	11	54	272	89	260	40	355	84	193	315	62	350	288	157	322	220	208	270	236	189	258	176	360	270	237	394	359	12	233	210	255	139	159	209	310	313	144	
162	80	232	159	226	264	341	64	80	243	167	245	373	37	186	231	292	350	150	369	392	57	96	96	207	130	150	310	334	145	136	177	307	48	229	26	207	251	172	181	
388	233	109	43	164	188	355	137	31	399	399	317	138	389	94	238	200	138	229	28	364	45	286	165	387	197	272	275	341	125	138	10	37	139	346	281	219	381	310	330	
61	204	329	91	85	316	222	366	135	131	287	179	68	253	23	349	342	375	117	177	392	334	267	322	365	293	283	264	167	85	87	121	368	95	103	134	90	5	391	304	
28	171	375	389	102	290	17	337	344	213	193	228	39	351	229	296	136	191	52	381	169	219	393	28	206	177	53	188	73	336	172	392	185	37	272	366	6	367	381	28	
72	65	149	2	94	55	189	308	138	319	367	384	28	252	303	312	106	35	179	70	49	241	141	126	356	91	382	40	349	254	360	311	396	186	203	168	131	69	153	345	
66	10	7	385	339	201	374	335	313	42	82	252	360	114	54	207	94	114	137	121	44	174	322	330	249	202	175	57	348	217	292	304	304	189	178	319	65	228	331	54	
348	303	196	197	92	327	79	263	329	293	273	263	355	271	269	93	361	333	39	199	226	7	391	206	84	245	14	226	149	21	356	384	399	40	69	380	42	36	318	259	
5	79	198	249	238	355	230	275	363	157	149	264	51	27	358	212	347	47	112	383	356	357	256	243	72	0	298	2	111	104	336	4	258	21	140	383	50	256	332	300	
87	368	51	213	69	83	98	90	17	286	148	47	130	290	365	276	364	150	352	363	141	362	254	286	270	67	343	394	397	349	181	370	390	306	256	345	275	241	108	366	
201	143	87	3	106	338	165	356	374	190	392	188	37	319	147	381	272	163	261	155	397	116	198	273	94	128	291	255	41	285	294	127	100	267	14	91	89	251	120	136	
326	398	397	35	202	216	301	147	264	235	373	333	22	56	279	1	68	242	328	182	12	107	193	185	46	91	161	208	14	352	16	224	21	297	330	295	396	303	325	144	
22	183	150	115	310	312	0	49	37	212	114	121	390	378	189	320	353	20	12	38	44	99	146	349	280	360	128	347	147	336	163	239	190	195	24	170	389	307	102	96	
190	288	289	63	150	360	53	173	51	136	94	378	117	310	397	67	340	8	298	369	14	343	278	86	20	185	140	79	162	312	246	234	81	16	366	300	46	88	355	379	
107	120	27	294	311	306	244	134	383	23	172	280	248	120	248	337	373	56	298	17	37	213	320	1	111	355	370	39	325	207	87	100	207	183	276	187	157	0	201	21	
305	254	183	221	41	311	38	296	36	4	194	354	97	182	23	89	17	275	197	10	150	352	392	25	15	149	92	53	29	361	355	214	282	17	314	204	395	19	379	98	
304	241	334	68	302	24	38	386	179	302	276	396	135	148	301	217	363	60	150	272	301	172	153	250	68	134	333	132	32	192	109	2	311	109	350	279	13	54	144	258	
23	87	134	36	113	100	133	144	39	348	294	6	399	113	136	134	126	347	144	225	206	320	105	183	308	121	341	200	54	363	125	356	328	136	57	107	114	255	129	219	
270	88	292	147	79	92	345	271	104	367	373	188	352	144	249	138	144	255	3	263	95	5	284	89	206	220	262	385	140	268	270	286	20	38	96	377	195	319	125	176	
351	163	29	180	183	342	381	390	73	261	131	233	330	291	199	201	175	337	62	379	269	209	329	167	311	303	208	382	98	396	223	112	34	128	168	92	345	212	359	81	
138	154	191	343	107	266	19	346	266	146	201	199	17	5	28	392	371	111	37	133	383	136	120	293	326	351	48	334	39	70	291	51	98	357	56	81	285	139	89	213	
160	166	74	239	233	377	105	79	151	18	86	196	216	270	363	205	95	74	13	9	19	367	122	181	386	54	324	333	67	288	20	288	114	157	0	8	7	380	361	220	
60	110	290	337	41	315	15	10	263	90	81	343	331	77	397	191	5	382	397	346	144	78	107	319	108	170	202	178	211	36	271	144	207	221	141	120	8	29	192	144	
393	147	361	384	96	18	47	163	274	104	169	77	243	150	270	12	379	344	250	62	40	393	78	120	86	279	301	368	181	153	172	233	171	192	276	327	82	195	149	15	
359	190	365	74	398	106	146	249	322	267	183	22	319	133	202	64	71	374	304	123	187	136	16	16	199	164	215	340	18	235	14	35	83	251	168	352	15	184	72	396	
322	126	290	111	318	362	235	260	394	9	41	239	203	328	126	60	151	212	58	227	105	344	133	59	253	359	282	326	13	12	193	393	9	140	162	384	159	266	113	211	
334	213	320	6	199	316	123	219	186	52	102	348	53	104	277	176	120	216	159	4	286	9	54	165	18	85	206	235	9	376	102	212	57	291	274	124	264	54	399	318	
376	371	323	85	133	68	317	121	340	344	182	94	222	104	315	297	247	177	188	124	21	159	392	348	318	135	341	238	57	397	24	88	236	215	41	23	338	226	13	334	
227	251	84	103	224	55	268	125	99	323	117	389	349	377	392	323	167	388	28	92	253	108	236	145	378	333	35	372	214	103	174	307	222	312	278	99	234	200	91	388	
391	76	32	394	107	291	371	141	146	267	287	266	29	390	277	274	377	366	112	57	337	340	232	25	119	164	391	7	230	137	49	274	78	347	322	51	103	159	245	303	
79	399	223	374	42	153	302	285	384	67	208	187	274	92	265	46	309	309	106	193	311	22	332	42	22	307	147	392	119	258	348	63	121	35	90	216	52	44	365	301	
377	226	142	303	371	271	214	145	45	373	202	8	260	187	316	147	146	327	191	129	49	3	246	223	90	388	303	7	297	320	174	138	198	366	92	32	100	170	40	197	
195	295	70	105	345	250	304	354	228	358	135	329	13	245	15	367	284	370	26	44	341	251	233	2	80	189	298	44	10	390	293	67	148	226	36	143	125	203	147	3	
212	146	196	275	40	262	293	187	282	182	93	85	295	377	139	25	28	299	119	301	339	275	19	349	151	318	354	326	171	364	193	244	371	37	381	274	161	323	109	91	
367	66	40	311	92	228	385	382	176	366	333	377	103	214	188	303	181	4	91	0	17	146	105	37	44	135	360	255	320	332	208	335	46	296	294	399	384	140	29	21	
368	224	260	119	85	95	283	314	148	235	175	25	28	329	111	121	325	332	237	294	312	305	277	219	250	32	266	282	32	157	164	47	27	70	26	373	214	357	334	221	
52	370	295	128	159	266	109	130	245	206	71	17	158	396	95	54	288	9	197	367	25	7	275	312	338	348	332	11	165	126	279	264	143	32	38	160	344	6	336	48	
259	55	112	62	310	254	376	244	121	31	69	5	297	390	364	281	385	155	338	196	139	76	105	140	155	2	346	146	54	329	240	171	242	210	91	197	108	112	298	88	
2	13	139	344	49	361	271	79	374	66	132	159	188	284	158	388	144	149	391	56	335	276	272	222	343	8	63	309	378	6	42	24	277	39	226	370	257	140	306	275	
64	83	292	297	224	93	141	12	286	177	112	266	96	241	344	296	106	52	249	341	315	336	10	236	232	280	62	132	277	12	52	384	139	200	136	6	336	321	274	77	
141	30	200	93	127	188	32	277	95	325	73	53	116	126	146	391	262	63	167	394	119	74	235	114	317	14	164	296	379	81	230	375	366	71	111	348	301	398	267	38	
179	384	348	337	365	348	183	82	53	205	118	27	321	208	184	93	265	203	31	98	138	303	115	359	230	81	350	173	335	71	66	155	96	55	346	316	257	170	252	351	
16	225	234	192	74	58	326	193	114	211	332	294	368	301	295	239	237	286	52	213	398	160	221	349	68	20	118	366	232	11	172	100	276	45	332	203	356	110	35	111	
363	221	46	371	163	381	62	252	119	367	317	159	380	178	360	88	239	118	308	323	170	119	276	298	17	61	141	13	212	29	165	214	290	251	36	304	83	137	195	243	
358	152	254	377	181	253	317	271	10	264	45	31	235	361	368	291	61	361	344	312	30	147	378	359	250	266	302	373	43	135	67	252	137	172	267	169	62	222	78	323	
338	163	393	211	374	399	140	73	399	122	237	280	120	65	277	9	369	29	233	263	15	151	153	191	360	57	397	60	130	326	21	105	339	51	166	350	300	343	274	148	
316	361	66	287	63	193	333	69	259	15	370	311	203	160	351	200	67	199	109	235	162	380	190	350	281	392	150	30	186	61	217	350	58	131	273	158	361	54	263	68	
106	82	230	158	279	217	206	382	264	164	65	275	180	291	261	309	131	47	376	353	357	229	153	51	209	61	57	18	153	170	123	106	287	201	112	13	265	166	30	165	
366	344	75	393	270	184	338	250	79	349	50	71	25	238	371	269	147	63	135	147	80	106	289	3	342	249	51	242	50	330	41	263	308	363	290	25	182	262	309	107	
246	207	214	117	292	219	234	73	129	3	255	244	143	178	93	332	274	180	208	358	356	96	255	298	306	391	170	334	288	325	75	379	166	323	130	90	387	210	9	149	
247	298	241	236	321	367	201	228	392	254	31	381	383	131	125	323	157	140	290	77	99	399	302	110	168	278	46	188	120	88	184	399	18	56	79	371	55	312	44	80	
200	108	307	27	273	64	382	61	238	117	383	182	361	129	324	373	40	215	193	193	335	221	37	198	309	148	201	210	306	277	322	136	230	260	195	346	169	21	38	250	
383	266	63	188	239	231	192	310	76	228	347	42	80	15	271	20	195	315	261	131	36	26	111	297	130	150	274	142	15	155	23	28	264	116	246	132	190	67	286	296	
138	264	369	249	309	82	112	346	240	216	321	306	85	275	45	246	55	162	18	100	160	71	371	53	30	247	29	250	156	345	388	325	238	386	15	388	310	156	363	179	
216	126	328	330	31	2	205	115	6	64	58	195	377	58	90	36	147	148	127	333	122	144	99	202	372	144	219	123	142	23	143	386	179	99	344	238	343	389	194	377	
82	281	13	87	181	131	364	356	308	119	317	271	104	258	313	104	30	159	68	201	24	241	216	231	181	188	309	151	206	343	369	127	252	223	243	272	381	234	255	129	
195	12	241	326	297	182	271	354	181	366	183	44	46	238	302	255	265	50	246	310	21	55	65	112	305	147	11	313	221	293	282	41	331	149	207	255	170	316	47	189	
121	69	261	195	333	1	288	37	78	159	373	338	241	277	76	384	50	113	136	298	245	44	178	202	32	10	295	40	165	369	256	312	63	141	131	22	380	257	297	83	
42	296	47	121	11	361	130	86	99	292	222	369	175	238	9	232	273	329	298	63	323	179	213	225	157	182	84	162	63	6	84	129	326	368	87	361	354	243	285	290	
372	344	285	171	206	318	240	316	83	161	216	244	177	52	92	171	258	201	170	345	231	278	311	393	83	23	192	61	102	100	375	310	280	95	104	109	249	367	261	356	
365	100	224	164	176	339	171	269	375	363	49	229	265	383	245	184	242	59	268	180	395	78	113	299	10	53	244	282	256	127	73	243	250	131	242	260	305	34	150	302	
233	223	153	119	40	234	137	117	315	27	319	145	341	267	66	373	342	144	89	32	294	398	109	378	151	373	260	292	242	245	216	96	301	204	49	175	58	209	313	207	
70	67	374	245	168	274	239	131	39	162	397	166	182	128	165	166	335	259	79	11	337	129	128	71	166	11	268	58	53	14	286	144	101	93	9	290	200	81	254	72	
77	84	260	279	233	259	278	1	350	191	32	120	340	393	212	339	24	99	17	311	347	135	75	281	61	317	3	282	231	89	374	139	194	65	37	45	155	147	278	125	
358	330	266	129	342	309	87	199	28	336	128	207	90	35	106	172	184	129	285	247	238	278	5	50	175	275	328	350	41	37	307	230	386	191	377	158	117	295	375	376	
250	122	14	358	388	139	360	191	99	263	55	167	371	78	237	164	371	395	345	30	50	270	278	267	291	85	44	239	398	37	46	265	390	77	53	395	46	243	15	162	
124	88	349	325	397	15	106	385	240	281	246	119	167	353	217	288	269	278	144	284	144	208	379	364	114	262	190	179	121	222	170	262	139	348	204	152	379	138	366	47	
37	41	185	33	11	230	338	296	123	311	8	96	347	3	77	290	281	283	84	19	120	84	109	88	48	141	257	257	109	52	320	374	108	332	22	134	177	188	258	127	
327	283	241	289	113	333	7	223	43	319	257	391	18	194	95	295	351	180	166	75	247	314	64	371	74	314	333	78	330	207	222	271	316	289	387	256	48	8	92	105	
342	177	111	188	385	33	96	162	40	277	252	301	17	142	98	105	283	46	199	227	79	34	325	222	337	138	91	399	373	199	331	140	388	268	341	199	127	263	374	181	
366	52	95	397	208	20	115	317	292	327	369	384	187	119	31	349	271	135	173	69	159	117	224	374	399	390	186	352	79	173	145	57	238	65	66	271	97	7	200	1	
347	394	211	359	126	254	320	222	215	106	304	199	48	352	185	272	166	383	236	258	381	393	328	231	71	219	326	393	238	350	7	197	356	229	379	93	307	310	326	345	
241	54	155	301	17	352	396	196	158	244	277	150	248	216	205	142	46	142	147	295	316	378	315	283	218	305	200	348	39	350	304	290	14	70	13	255	245	20	60	13	
275	160	387	345	387	202	311	256	166	68	373	93	269	299	199	96	26	9	268	75	182	182	189	206	74	212	70	329	242	353	164	338	123	160	293	332	185	25	9	360	
103	392	276	381	112	84	299	148	315	388	45	105	392	243	320	75	277	213	227	340	387	213	288	332	196	2	273	389	36	291	358	360	104	55	161	225	147	281	194	283	
279	249	397	91	312	137	174	197	170	222	145	166	256	254	106	59	264	201	56	120	312	235	88	24	298	258	258	266	359	59	369	245	127	373	343	47	331	338	63	108	
380	29	283	243	290	210	121	373	17	397	100	336	240	196	180	357	273	45	43	240	324	19	304	59	213	255	326	150	12	396	266	211	32	368	273	140	184	0	120	19	
5	228	174	63	30	361	239	309	225	288	367	155	126	278	33	345	351	365	314	369	179	186	186	30	159	277	177	349	284	304	374	106	349	154	174	384	333	231	111	163	
338	297	137	69	179	175	232	135	358	150	322	355	341	113	391	319	208	173	273	96	295	65	20	249	37	12	51	375	249	380	356	191	281	97	76	65	89	312	17	51	
67	345	12	225	275	220	147	86	397	238	0	108	119	24	173	160	41	41	352	106	25	313	301	123	227	381	5	321	109	26	189	179	374	16	220	252	239	371	342	51	
25	158	163	147	186	153	123	42	198	78	151	39	207	268	165	250	64	173	173	389	203	365	384	393	385	208	60	39	181	218	94	209	378	260	170	166	228	296	23	28	
377	391	70	399	73	50	251	353	38	239	344	55	18	331	50	218	140	113	260	136	333	356	159	314	30	332	295	261	230	320	103	20	124	387	233	200	38	84	153	77	
137	312	134	370	244	399	189	385	113	262	335	260	31	95	387	276	28	283	137	259	17	54	281	142	42	114	155	294	13	122	372	363	35	319	333	279	318	335	77	31	
10	13	105	42	322	92	318	350	376	268	22	206	322	115	160	176	42	317	70	55	252	255	232	287	173	377	379	92	312	56	336	322	281	253	175	202	345	92	364	132	
172	386	338	93	100	310	81	141	38	150	9	290	4	52	175	389	28	153	293	152	21	229	286	114	80	60	127	237	151	90	368	134	287	116	226	198	25	117	150	61	
267	158	350	81	209	337	68	47	88	172	198	321	399	81	246	290	352	371	338	314	273	304	46	157	19	82	166	42	198	315	101	61	70	262	352	88	196	231	345	93	
1	354	12	210	245	255	309	195	36	244	105	306	145	149	273	374	229	36	226	237	348	136	107	228	395	57	313	187	97	68	279	94	18	99	112	259	163	17	49	196	
259	365	311	213	323	179	182	360	213	217	193	369	349	297	194	341	162	315	124	256	379	212	158	393	120	267	61	280	92	106	71	346	279	377	366	197	364	356	152	171	
168	341	137	113	233	138	49	390	48	381	53	23	1	207	224	116	281	280	391	369	195	270	122	68	54	84	261	13	248	8	180	11	155	124	331	383	257	186	179	111	
162	41	342	370	242	160	80	117	247	278	293	248	141	9	123	189	87	190	10	330	192	397	147	154	328	72	131	178	253	118	96	221	152	32	184	200	185	70	122	238	
343	9	80	290	12	9	286	305	192	289	40	378	91	180	338	12	58	276	183	304	387	85	331	345	110	321	350	101	384	66	333	131	280	218	227	96	219	104	394	3	
199	27	186	282	13	116	286	63	384	274	172	175	351	95	325	54	221	268	147	197	138	285	133	223	94	352	312	117	261	110	112	50	341	102	135	345	23	12	213	211	
90	377	379	32	276	107	290	87	366	242	87	308	117	212	122	16	367	238	124	219	339	41	260	271	347	199	208	361	202	224	163	282	190	345	117	269	42	397	158	212	
230	237	110	150	252	35	156	209	263	271	231	4	302	80	266	240	270	276	3	274	89	156	359	82	304	279	153	337	78	302	138	110	340	50	250	393	288	395	4	352	
68	225	347	172	106	202	214	177	279	206	41	357	164	202	241	57	69	383	195	349	86	135	48	15	388	287	398	265	83	204	206	140	16	140	301	110	142	315	277	9	
109	119	167	74	309	209	120	178	392	116	115	66	241	365	283	217	52	81	69	124	273	75	65	277	205	166	375	147	69	52	358	165	158	325	228	267	121	147	245	100	
252	161	368	292	113	238	95	152	306	364	76	165	27	128	29	31	282	204	378	338	244	323	304	202	236	331	56	156	65	288	244	115	248	197	394	347	234	288	299	125	
240	362	90	253	77	105	82	345	108	46	82	150	356	372	338	390	101	192	132	365	280	174	66	113	171	259	47	391	133	144	103	170	91	178	8	153	82	288	297	388	
320	177	124	73	347	260	48	33	38	378	195	303	138	247	1	295	304	246	271	235	375	171	390	52	148	195	3	28	68	97	1	372	259	109	243	2	165	87	19	187	
51	199	75	173	244	274	265	344	103	332	162	276	88	136	312	33	316	111	45	368	193	30	136	249	336	175	236	85	248	51	258	282	47	128	251	86	385	98	13	285	
14	372	144	298	91	252	314	202	346	342	366	335	355	298	167	86	57	198	155	288	233	209	365	75	320	198	357	101	280	353	181	276	119	120	369	5	354	265	189	282	
190	351	200	340	232	162	9	83	343	146	353	370	149	300	241	264	80	179	347	154	328	323	225	29	25	175	17	361	23	1	38	7	334	32	328	359	388	318	23	312	
46	170	76	176	51	110	22	325	272	162	273	180	280	78	3	286	48	214	41	265	196	60	253	324	286	161	264	255	61	80	360	300	231	229	57	74	320	272	191	171	
228	45	145	87	316	128	166	156	323	187	1	312	40	234	216	118	376	272	353	230	144	105	109	355	314	359	222	26	211	393	177	231	230	114	109	337	223	255	73	337	
235	54	41	66	80	48	163	35	299	308	244	22	392	332	168	98	271	369	103	273	153	73	295	362	166	384	278	180	30	330	309	244	175	328	288	234	354	243	59	43	
129	282	257	313	4	3	201	65	162	283	129	294	146	2	234	292	176	303	263	185	23	150	220	176	269	298	388	201	118	238	223	38	309	57	140	291	250	319	145	390	
392	65	74	116	45	286	197	11	378	250	173	378	377	370	345	224	246	310	215	153	338	227	168	224	261	286	304	301	394	27	268	363	68	130	268	302	392	254	290	158	
80	253	114	247	199	35	259	234	133	49	363	47	252	321	60	302	395	340	178	178	343	235	117	200	341	173	78	122	3	156	69	58	385	371	92	372	381	326	180	303	
163	332	138	203	40	173	80	224	89	46	377	220	68	282	395	196	30	262	106	8	205	151	254	165	97	134	112	267	35	80	144	173	199	69	351	26	218	218	224	93	
51	175	288	93	31	70	76	248	306	157	42	85	95	83	38	166	191	337	220	200	204	150	160	378	194	298	378	198	302	389	266	326	137	339	204	355	382	255	175	73	
198	5	346	267	61	357	219	226	79	12	211	257	135	158	207	115	29	372	99	117	334	150	16	257	63	194	184	231	235	146	278	5	336	8	56	369	337	247	379	200	
44	163	31	365	294	23	265	108	367	337	10	85	59	398	315	307	377	284	110	396	214	172	373	122	152	213	276	274	246	227	46	261	362	261	9	39	256	246	331	193	
154	313	252	397	95	350	276	256	204	169	224	203	125	380	297	249	165	144	306	382	342	135	26	87	368	220	311	194	36	25	171	373	121	205	152	186	125	398	12	113	
351	19	288	46	370	154	77	318	81	353	82	206	272	78	264	209	268	357	186	86	353	140	242	44	317	365	13	12	145	207	95	66	196	352	81	135	289	341	22	151	
264	74	328	317	334	374	308	384	300	63	252	34	173	63	260	272	397	242	253	111	232	130	146	397	51	10	314	121	320	117	243	364	159	138	250	274	293	338	38	374	
183	260	377	137	291	18	377	68	40	197	147	240	296	75	17	128	266	299	30	153	384	241	298	324	160	328	166	21	235	172	175	385	211	333	302	69	318	246	104	325	
224	33	346	87	75	330	395	308	196	392	241	147	13	318	252	353	213	385	153	228	337	297	392	329	196	261	177	81	73	62	185	263	61	310	128	315	206	302	1	181	
74	21	108	53	305	326	184	84	89	304	90	205	166	48	100	141	87	244	1	126	272	366	168	111	242	75	392	14	344	359	374	383	345	48	213	215	339	363	77	206	
45	347	378	390	360	43	96	226	64	276	317	302	206	263	378	13	304	336	205	212	72	144	373	195	157	364	188	275	292	43	46	113	354	388	67	91	207	128	281	236	
369	375	315	352	202	258	329	70	370	311	59	218	20	208	378	354	136	130	5	204	138	228	282	269	392	126	324	163	218	168	176	363	107	54	278	85	275	382	331	20	
258	354	203	53	338	357	182	37	264	151	17	365	342	74	9	110	163	297	237	157	241	376	83	311	206	136	359	44	295	253	241	114	381	218	342	281	137	86	92	363	
13	285	103	318	322	75	390	47	334	1	167	136	152	25	222	321	337	356	139	193	384	342	270	327	335	173	383	35	34	250	360	9	96	25	100	191	274	264	199	168	
226	141	79	152	128	263	34	26	393	348	180	338	63	223	38	360	170	382	356	165	6	89	348	276	288	9	28	122	234	188	64	234	103	317	346	191	139	153	390	305	
62	344	203	85	340	202	217	70	357	133	8	323	396	317	158	244	98	146	139	293	108	163	86	171	40	204	135	353	318	298	217	151	200	193	9	99	355	185	341	271	
280	121	367	47	209	297	250	268	215	348	332	283	284	189	225	95	353	132	219	43	389	397	153	361	149	121	232	276	79	131	318	129	23	55	134	4	311	342	230	84	
62	120	138	116	80	134	169	391	224	348	204	171	115	129	90	35	208	280	81	58	181	357	145	375	371	238	337	52	351	337	94	370	226	2	256	264	306	382	25	87	
100	187	29	385	274	289	189	253	338	227	268	289	142	371	220	283	165	328	292	73	221	155	212	6	327	25	226	189	177	208	46	46	165	31	388	395	88	133	16	194	
131	242	40	42	381	29	281	315	125	341	157	304	52	326	78	335	120	73	293	254	51	295	68	172	94	12	336	138	315	309	289	1	105	96	398	254	293	46	123	374	
343	237	46	162	331	79	265	6	107	112	27	113	362	50	53	11	18	345	317	100	208	373	56	81	237	221	290	84	222	180	13	119	372	225	48	257	259	267	216	133	
334	11	201	62	15	22	240	199	321	110	254	83	250	76	331	40	252	387	78	241	121	259	126	47	251	128	258	64	349	241	151	48	17	118	63	386	93	68	138	179	
345	159	29	147	188	313	353	206	253	197	212	328	9	293	328	212	374	352	42	89	358	359	90	329	244	320	80	102	341	171	236	51	95	216	150	49	295	56	20	99	
19	185	192	192	30	73	169	169	189	164	210	312	288	65	192	83	149	37	351	256	161	138	259	21	119	361	22	366	181	394	230	364	344	374	107	325	210	228	45	163	
345	20	28	183	37	384	31	350	373	333	156	298	234	366	270	305	91	56	35	36	213	29	352	108	354	10	385	329	189	193	43	297	377	21	244	364	168	224	76	91	
321	184	340	105	100	372	172	141	190	370	128	355	349	243	13	66	202	160	345	343	305	338	2	231	122	195	358	241	370	384	94	52	330	195	319	380	116	254	283	257	
173	173	374	285	365	336	112	117	259	6	221	112	293	172	105	176	318	224	366	49	370	9	264	250	153	131	391	32	334	222	50	269	345	372	314	258	68	374	135	275	
329	306	148	382	239	14	320	105	186	233	315	318	4	126	115	318	206	267	110	301	37	108	330	330	241	191	349	70	326	32	293	14	98	389	344	285	350	23	149	297	
204	12	162	368	299	37	46	265	251	103	325	47	372	202	137	372	153	33	389	27	224	229	388	82	378	91	314	87	61	222	143	25	394	252	151	238	47	143	49	56	
7	133	51	325	282	134	243	194	326	178	167	309	166	314	338	90	164	10	336	384	179	26	167	332	36	266	116	243	167	324	245	332	2	53	201	42	345	202	181	215	
139	107	284	251	366	166	98	288	334	379	30	58	162	142	335	144	165	208	332	279	290	334	155	50	333	115	37	222	75	163	196	158	27	24	165	149	347	20	382	224	
156	357	41	264	256	132	164	366	286	40	1	332	318	313	326	194	372	307	174	203	226	315	118	197	95	40	104	386	4	30	154	317	142	138	123	153	214	230	62	256	
27	7	131	100	264	1	51	391	63	168	351	46	238	12	399	277	396	46	18	155	231	328	15	129	222	294	226	192	280	231	391	249	394	277	292	12	32	97	157	38	
208	51	239	201	6	180	232	156	169	192	254	155	275	211	227	39	47	396	173	270	382	319	273	318	138	319	84	112	358	184	305	320	389	85	62	336	207	48	245	130	
395	42	227	211	7	396	191	207	145	119	230	69	379	258	140	58	117	379	325	229	104	170	90	34	197	307	124	158	108	123	229	44	105	397	195	265	146	139	225	231	
199	397	54	119	194	135	330	65	267	194	234	311	306	77	97	256	324	374	354	185	38	123	169	296	273	117	101	359	196	267	131	148	15	337	19	149	223	288	366	29	
23	140	280	80	156	129	275	232	42	380	357	231	42	278	67	254	334	320	365	69	338	35	369	292	311	327	192	287	367	97	255	328	175	286	158	83	353	183	66	145	
102	362	317	295	177	322	86	262	179	389	81	55	174	389	97	236	254	228	61	158	76	254	236	3	77	145	24	180	267	28	265	306	139	118	137	66	377	374	265	306	
113	284	111	225	22	145	211	213	123	22	121	137	212	108	77	40	190	250	157	395	28	171	50	317	226	338	320	353	61	334	8	110	366	55	84	325	350	44	287	221	
3	345	296	152	201	121	341	329	120	246	72	297	355	271	149	330	357	217	219	354	300	163	213	202	368	46	276	66	27	98	223	365	190	268	265	328	136	353	4	192	
136	12	25	238	30	323	103	323	288	70	24	123	382	385	73	285	367	284	98	141	129	257	254	255	59	54	330	344	154	81	284	37	239	55	209	204	312	247	274	134	
252	232	192	168	365	199	199	266	229	231	341	293	235	341	294	41	329	371	319	230	386	136	201	160	126	346	111	184	340	319	65	338	297	190	252	194	135	197	205	110	
364	293	337	345	167	377	319	241	281	384	5	12	53	140	105	325	231	362	43	317	213	253	0	257	378	398	196	259	129	336	115	237	160	384	114	260	105	177	34	318	
